STATION,NAME,DATE,AWND,PRCP,TAVGF,TMAXF,TMINF,,,,,,,,,,,,,
USW00094053,"TORRINGTON MUNICIPAL AIRPORT, WY US",1/1/2000,6.49,0,33.00,50.00,15.00,,,,,,,,,,,,,
USW00094053,"TORRINGTON MUNICIPAL AIRPORT, WY US",1/2/2000,9.62,0.05,30.00,45.00,14.00,,,,,,,,,,,,,
USW00094053,"TORRINGTON MUNICIPAL AIRPORT, WY US",1/3/2000,13.42,0,17.00,28.00,6.00,,,,,,,,,,,,,
USW00094053,"TORRINGTON MUNICIPAL AIRPORT, WY US",1/4/2000,14.09,0,22.00,42.00,2.00,,,,,,,,,,,,,
USW00094053,"TORRINGTON MUNICIPAL AIRPORT, WY US",1/5/2000,9.4,0.15,27.00,41.00,12.00,,,,,,,,,,,,,
USW00094053,"TORRINGTON MUNICIPAL AIRPORT, WY US",1/6/2000,9.17,0,23.00,34.00,11.00,,,,,,,,,,,,,
USW00094053,"TORRINGTON MUNICIPAL AIRPORT, WY US",1/7/2000,9.17,0,33.00,46.00,20.00,,,,,,,,,,,,,
USW00094053,"TORRINGTON MUNICIPAL AIRPORT, WY US",1/8/2000,10.96,0,32.00,45.00,19.00,,,,,,,,,,,,,
USW00094053,"TORRINGTON MUNICIPAL AIRPORT, WY US",1/9/2000,16.11,0,35.00,41.00,29.00,,,,,,,,,,,,,
USW00094053,"TORRINGTON MUNICIPAL AIRPORT, WY US",1/10/2000,13.65,0,28.00,39.00,16.00,,,,,,,,,,,,,
USW00094053,"TORRINGTON MUNICIPAL AIRPORT, WY US",1/11/2000,14.09,0,39.00,58.00,20.00,,,,,,,,,,,,,
USW00094053,"TORRINGTON MUNICIPAL AIRPORT, WY US",1/12/2000,18.34,0,,,,,,,,,,,,,,,,
USW00094053,"TORRINGTON MUNICIPAL AIRPORT, WY US",1/13/2000,8.28,0,,,,,,,,,,,,,,,,
USW00094053,"TORRINGTON MUNICIPAL AIRPORT, WY US",1/14/2000,5.59,0,42.00,58.00,25.00,,,,,,,,,,,,,
USW00094053,"TORRINGTON MUNICIPAL AIRPORT, WY US",1/15/2000,12.3,0,47.00,62.00,32.00,,,,,,,,,,,,,
USW00094053,"TORRINGTON MUNICIPAL AIRPORT, WY US",1/16/2000,10.07,0,33.00,39.00,26.00,,,,,,,,,,,,,
USW00094053,"TORRINGTON MUNICIPAL AIRPORT, WY US",1/17/2000,8.95,0,44.00,61.00,26.00,,,,,,,,,,,,,
USW00094053,"TORRINGTON MUNICIPAL AIRPORT, WY US",1/18/2000,7.61,0.07,36.00,47.00,25.00,,,,,,,,,,,,,
USW00094053,"TORRINGTON MUNICIPAL AIRPORT, WY US",1/19/2000,11.63,0.02,31.00,44.00,18.00,,,,,,,,,,,,,
USW00094053,"TORRINGTON MUNICIPAL AIRPORT, WY US",1/20/2000,3.13,0,30.00,44.00,15.00,,,,,,,,,,,,,
USW00094053,"TORRINGTON MUNICIPAL AIRPORT, WY US",1/21/2000,3.8,0.04,31.00,39.00,23.00,,,,,,,,,,,,,
USW00094053,"TORRINGTON MUNICIPAL AIRPORT, WY US",1/22/2000,5.59,0.02,33.00,42.00,24.00,,,,,,,,,,,,,
USW00094053,"TORRINGTON MUNICIPAL AIRPORT, WY US",1/23/2000,7.83,0,31.00,41.00,21.00,,,,,,,,,,,,,
USW00094053,"TORRINGTON MUNICIPAL AIRPORT, WY US",1/24/2000,10.51,0,34.00,47.00,20.00,,,,,,,,,,,,,
USW00094053,"TORRINGTON MUNICIPAL AIRPORT, WY US",1/25/2000,10.74,0.08,26.00,36.00,16.00,,,,,,,,,,,,,
USW00094053,"TORRINGTON MUNICIPAL AIRPORT, WY US",1/26/2000,5.37,0,25.00,29.00,20.00,,,,,,,,,,,,,
USW00094053,"TORRINGTON MUNICIPAL AIRPORT, WY US",1/27/2000,8.5,0.03,29.00,39.00,18.00,,,,,,,,,,,,,
USW00094053,"TORRINGTON MUNICIPAL AIRPORT, WY US",1/28/2000,10.29,0.03,25.00,28.00,22.00,,,,,,,,,,,,,
USW00094053,"TORRINGTON MUNICIPAL AIRPORT, WY US",1/29/2000,7.83,0.01,23.00,31.00,14.00,,,,,,,,,,,,,
USW00094053,"TORRINGTON MUNICIPAL AIRPORT, WY US",1/30/2000,1.79,0,14.00,22.00,6.00,,,,,,,,,,,,,
USW00094053,"TORRINGTON MUNICIPAL AIRPORT, WY US",1/31/2000,2.46,0,17.00,37.00,-3.00,,,,,,,,,,,,,
USW00094053,"TORRINGTON MUNICIPAL AIRPORT, WY US",2/1/2000,6.04,0,23.00,45.00,1.00,,,,,,,,,,,,,
USW00094053,"TORRINGTON MUNICIPAL AIRPORT, WY US",2/2/2000,13.42,0,46.00,58.00,33.00,,,,,,,,,,,,,
USW00094053,"TORRINGTON MUNICIPAL AIRPORT, WY US",2/3/2000,12.75,0,32.00,42.00,22.00,,,,,,,,,,,,,
USW00094053,"TORRINGTON MUNICIPAL AIRPORT, WY US",2/4/2000,8.28,0,23.00,35.00,11.00,,,,,,,,,,,,,
USW00094053,"TORRINGTON MUNICIPAL AIRPORT, WY US",2/5/2000,7.61,0,34.00,50.00,18.00,,,,,,,,,,,,,
USW00094053,"TORRINGTON MUNICIPAL AIRPORT, WY US",2/6/2000,8.28,0,38.00,54.00,22.00,,,,,,,,,,,,,
USW00094053,"TORRINGTON MUNICIPAL AIRPORT, WY US",2/7/2000,5.59,0,41.00,56.00,25.00,,,,,,,,,,,,,
USW00094053,"TORRINGTON MUNICIPAL AIRPORT, WY US",2/8/2000,12.3,0,46.00,63.00,28.00,,,,,,,,,,,,,
USW00094053,"TORRINGTON MUNICIPAL AIRPORT, WY US",2/9/2000,11.41,0,51.00,61.00,40.00,,,,,,,,,,,,,
USW00094053,"TORRINGTON MUNICIPAL AIRPORT, WY US",2/10/2000,10.29,0.04,35.00,48.00,22.00,,,,,,,,,,,,,
USW00094053,"TORRINGTON MUNICIPAL AIRPORT, WY US",2/11/2000,12.53,0,25.00,30.00,19.00,,,,,,,,,,,,,
USW00094053,"TORRINGTON MUNICIPAL AIRPORT, WY US",2/12/2000,10.29,0.19,27.00,34.00,20.00,,,,,,,,,,,,,
USW00094053,"TORRINGTON MUNICIPAL AIRPORT, WY US",2/13/2000,6.71,0.05,26.00,36.00,16.00,,,,,,,,,,,,,
USW00094053,"TORRINGTON MUNICIPAL AIRPORT, WY US",2/14/2000,6.04,0,33.00,52.00,14.00,,,,,,,,,,,,,
USW00094053,"TORRINGTON MUNICIPAL AIRPORT, WY US",2/15/2000,18.79,0,37.00,52.00,22.00,,,,,,,,,,,,,
USW00094053,"TORRINGTON MUNICIPAL AIRPORT, WY US",2/16/2000,8.5,0.03,33.00,48.00,18.00,,,,,,,,,,,,,
USW00094053,"TORRINGTON MUNICIPAL AIRPORT, WY US",2/17/2000,9.84,0.25,26.00,30.00,21.00,,,,,,,,,,,,,
USW00094053,"TORRINGTON MUNICIPAL AIRPORT, WY US",2/18/2000,4.7,0,25.00,32.00,18.00,,,,,,,,,,,,,
USW00094053,"TORRINGTON MUNICIPAL AIRPORT, WY US",2/19/2000,7.83,0,28.00,40.00,15.00,,,,,,,,,,,,,
USW00094053,"TORRINGTON MUNICIPAL AIRPORT, WY US",2/20/2000,4.7,0,33.00,51.00,15.00,,,,,,,,,,,,,
USW00094053,"TORRINGTON MUNICIPAL AIRPORT, WY US",2/21/2000,6.26,0,45.00,63.00,26.00,,,,,,,,,,,,,
USW00094053,"TORRINGTON MUNICIPAL AIRPORT, WY US",2/22/2000,6.49,0,44.00,58.00,29.00,,,,,,,,,,,,,
USW00094053,"TORRINGTON MUNICIPAL AIRPORT, WY US",2/23/2000,7.61,0,48.00,61.00,34.00,,,,,,,,,,,,,
USW00094053,"TORRINGTON MUNICIPAL AIRPORT, WY US",2/24/2000,9.84,0,46.00,62.00,29.00,,,,,,,,,,,,,
USW00094053,"TORRINGTON MUNICIPAL AIRPORT, WY US",2/25/2000,23.94,0.01,35.00,40.00,30.00,,,,,,,,,,,,,
USW00094053,"TORRINGTON MUNICIPAL AIRPORT, WY US",2/26/2000,20.13,0,36.00,46.00,26.00,,,,,,,,,,,,,
USW00094053,"TORRINGTON MUNICIPAL AIRPORT, WY US",2/27/2000,9.17,0,42.00,62.00,21.00,,,,,,,,,,,,,
USW00094053,"TORRINGTON MUNICIPAL AIRPORT, WY US",2/28/2000,7.83,0,45.00,61.00,29.00,,,,,,,,,,,,,
USW00094053,"TORRINGTON MUNICIPAL AIRPORT, WY US",2/29/2000,9.4,0,42.00,56.00,28.00,,,,,,,,,,,,,
USW00094053,"TORRINGTON MUNICIPAL AIRPORT, WY US",3/1/2000,5.59,0,40.00,58.00,21.00,,,,,,,,,,,,,
USW00094053,"TORRINGTON MUNICIPAL AIRPORT, WY US",3/2/2000,8.95,0,38.00,49.00,27.00,,,,,,,,,,,,,
USW00094053,"TORRINGTON MUNICIPAL AIRPORT, WY US",3/3/2000,6.49,0,43.00,61.00,24.00,,,,,,,,,,,,,
USW00094053,"TORRINGTON MUNICIPAL AIRPORT, WY US",3/4/2000,6.04,0,47.00,70.00,23.00,,,,,,,,,,,,,
USW00094053,"TORRINGTON MUNICIPAL AIRPORT, WY US",3/5/2000,9.17,0,50.00,72.00,28.00,,,,,,,,,,,,,
USW00094053,"TORRINGTON MUNICIPAL AIRPORT, WY US",3/6/2000,11.41,0.03,52.00,65.00,38.00,,,,,,,,,,,,,
USW00094053,"TORRINGTON MUNICIPAL AIRPORT, WY US",3/7/2000,7.83,0.14,44.00,58.00,30.00,,,,,,,,,,,,,
USW00094053,"TORRINGTON MUNICIPAL AIRPORT, WY US",3/8/2000,23.94,0.37,34.00,42.00,25.00,,,,,,,,,,,,,
USW00094053,"TORRINGTON MUNICIPAL AIRPORT, WY US",3/9/2000,12.3,0.06,28.00,33.00,23.00,,,,,,,,,,,,,
USW00094053,"TORRINGTON MUNICIPAL AIRPORT, WY US",3/10/2000,8.95,0.01,32.00,40.00,24.00,,,,,,,,,,,,,
USW00094053,"TORRINGTON MUNICIPAL AIRPORT, WY US",3/11/2000,10.51,0,36.00,53.00,18.00,,,,,,,,,,,,,
USW00094053,"TORRINGTON MUNICIPAL AIRPORT, WY US",3/12/2000,9.84,0,38.00,48.00,27.00,,,,,,,,,,,,,
USW00094053,"TORRINGTON MUNICIPAL AIRPORT, WY US",3/13/2000,6.26,0.02,38.00,53.00,23.00,,,,,,,,,,,,,
USW00094053,"TORRINGTON MUNICIPAL AIRPORT, WY US",3/14/2000,12.53,0,43.00,60.00,25.00,,,,,,,,,,,,,
USW00094053,"TORRINGTON MUNICIPAL AIRPORT, WY US",3/15/2000,8.95,0,32.00,40.00,24.00,,,,,,,,,,,,,
USW00094053,"TORRINGTON MUNICIPAL AIRPORT, WY US",3/16/2000,7.38,0,35.00,52.00,18.00,,,,,,,,,,,,,
USW00094053,"TORRINGTON MUNICIPAL AIRPORT, WY US",3/17/2000,9.62,0,40.00,54.00,26.00,,,,,,,,,,,,,
USW00094053,"TORRINGTON MUNICIPAL AIRPORT, WY US",3/18/2000,12.53,0,35.00,48.00,21.00,,,,,,,,,,,,,
USW00094053,"TORRINGTON MUNICIPAL AIRPORT, WY US",3/19/2000,11.18,0,40.00,62.00,17.00,,,,,,,,,,,,,
USW00094053,"TORRINGTON MUNICIPAL AIRPORT, WY US",3/20/2000,12.53,0.24,32.00,34.00,29.00,,,,,,,,,,,,,
USW00094053,"TORRINGTON MUNICIPAL AIRPORT, WY US",3/21/2000,6.93,0.06,30.00,34.00,26.00,,,,,,,,,,,,,
USW00094053,"TORRINGTON MUNICIPAL AIRPORT, WY US",3/22/2000,5.37,0,34.00,48.00,20.00,,,,,,,,,,,,,
USW00094053,"TORRINGTON MUNICIPAL AIRPORT, WY US",3/23/2000,10.96,0,49.00,65.00,32.00,,,,,,,,,,,,,
USW00094053,"TORRINGTON MUNICIPAL AIRPORT, WY US",3/24/2000,10.51,0,41.00,54.00,27.00,,,,,,,,,,,,,
USW00094053,"TORRINGTON MUNICIPAL AIRPORT, WY US",3/25/2000,5.37,0,44.00,64.00,23.00,,,,,,,,,,,,,
USW00094053,"TORRINGTON MUNICIPAL AIRPORT, WY US",3/26/2000,13.2,0,44.00,57.00,31.00,,,,,,,,,,,,,
USW00094053,"TORRINGTON MUNICIPAL AIRPORT, WY US",3/27/2000,11.41,0,49.00,69.00,28.00,,,,,,,,,,,,,
USW00094053,"TORRINGTON MUNICIPAL AIRPORT, WY US",3/28/2000,15.21,0,44.00,60.00,27.00,,,,,,,,,,,,,
USW00094053,"TORRINGTON MUNICIPAL AIRPORT, WY US",3/29/2000,11.18,0,47.00,56.00,37.00,,,,,,,,,,,,,
USW00094053,"TORRINGTON MUNICIPAL AIRPORT, WY US",3/30/2000,13.42,0,41.00,49.00,33.00,,,,,,,,,,,,,
USW00094053,"TORRINGTON MUNICIPAL AIRPORT, WY US",3/31/2000,5.59,0,41.00,50.00,31.00,,,,,,,,,,,,,
USW00094053,"TORRINGTON MUNICIPAL AIRPORT, WY US",4/1/2000,8.72,0,40.00,54.00,26.00,,,,,,,,,,,,,
USW00094053,"TORRINGTON MUNICIPAL AIRPORT, WY US",4/2/2000,19.91,0,37.00,45.00,29.00,,,,,,,,,,,,,
USW00094053,"TORRINGTON MUNICIPAL AIRPORT, WY US",4/3/2000,13.65,0,35.00,46.00,24.00,,,,,,,,,,,,,
USW00094053,"TORRINGTON MUNICIPAL AIRPORT, WY US",4/4/2000,11.63,0,49.00,79.00,19.00,,,,,,,,,,,,,
USW00094053,"TORRINGTON MUNICIPAL AIRPORT, WY US",4/5/2000,18.57,0,51.00,68.00,33.00,,,,,,,,,,,,,
USW00094053,"TORRINGTON MUNICIPAL AIRPORT, WY US",4/6/2000,18.79,0,50.00,71.00,29.00,,,,,,,,,,,,,
USW00094053,"TORRINGTON MUNICIPAL AIRPORT, WY US",4/7/2000,19.91,0,37.00,48.00,25.00,,,,,,,,,,,,,
USW00094053,"TORRINGTON MUNICIPAL AIRPORT, WY US",4/8/2000,6.71,0,42.00,68.00,16.00,,,,,,,,,,,,,
USW00094053,"TORRINGTON MUNICIPAL AIRPORT, WY US",4/9/2000,13.42,0,49.00,72.00,25.00,,,,,,,,,,,,,
USW00094053,"TORRINGTON MUNICIPAL AIRPORT, WY US",4/10/2000,12.08,0,48.00,65.00,30.00,,,,,,,,,,,,,
USW00094053,"TORRINGTON MUNICIPAL AIRPORT, WY US",4/11/2000,9.62,0,47.00,67.00,26.00,,,,,,,,,,,,,
USW00094053,"TORRINGTON MUNICIPAL AIRPORT, WY US",4/12/2000,9.17,0,55.00,77.00,33.00,,,,,,,,,,,,,
USW00094053,"TORRINGTON MUNICIPAL AIRPORT, WY US",4/13/2000,7.61,0,57.00,80.00,33.00,,,,,,,,,,,,,
USW00094053,"TORRINGTON MUNICIPAL AIRPORT, WY US",4/14/2000,13.42,0,41.00,57.00,25.00,,,,,,,,,,,,,
USW00094053,"TORRINGTON MUNICIPAL AIRPORT, WY US",4/15/2000,9.84,0.02,24.00,26.00,22.00,,,,,,,,,,,,,
USW00094053,"TORRINGTON MUNICIPAL AIRPORT, WY US",4/16/2000,4.7,0,38.00,61.00,14.00,,,,,,,,,,,,,
USW00094053,"TORRINGTON MUNICIPAL AIRPORT, WY US",4/17/2000,8.5,0,53.00,74.00,32.00,,,,,,,,,,,,,
USW00094053,"TORRINGTON MUNICIPAL AIRPORT, WY US",4/18/2000,15.88,1.34,54.00,74.00,34.00,,,,,,,,,,,,,
USW00094053,"TORRINGTON MUNICIPAL AIRPORT, WY US",4/19/2000,20.13,0.37,40.00,46.00,33.00,,,,,,,,,,,,,
USW00094053,"TORRINGTON MUNICIPAL AIRPORT, WY US",4/20/2000,7.16,0,45.00,62.00,28.00,,,,,,,,,,,,,
USW00094053,"TORRINGTON MUNICIPAL AIRPORT, WY US",4/21/2000,5.37,0,54.00,74.00,34.00,,,,,,,,,,,,,
USW00094053,"TORRINGTON MUNICIPAL AIRPORT, WY US",4/22/2000,12.75,0.05,60.00,77.00,43.00,,,,,,,,,,,,,
USW00094053,"TORRINGTON MUNICIPAL AIRPORT, WY US",4/23/2000,7.16,0.01,54.00,65.00,43.00,,,,,,,,,,,,,
USW00094053,"TORRINGTON MUNICIPAL AIRPORT, WY US",4/24/2000,13.87,0,51.00,64.00,37.00,,,,,,,,,,,,,
USW00094053,"TORRINGTON MUNICIPAL AIRPORT, WY US",4/25/2000,8.95,0,49.00,64.00,33.00,,,,,,,,,,,,,
USW00094053,"TORRINGTON MUNICIPAL AIRPORT, WY US",4/26/2000,15.21,0,53.00,66.00,39.00,,,,,,,,,,,,,
USW00094053,"TORRINGTON MUNICIPAL AIRPORT, WY US",4/27/2000,10.29,0,50.00,65.00,35.00,,,,,,,,,,,,,
USW00094053,"TORRINGTON MUNICIPAL AIRPORT, WY US",4/28/2000,17,0,51.00,71.00,31.00,,,,,,,,,,,,,
USW00094053,"TORRINGTON MUNICIPAL AIRPORT, WY US",4/29/2000,17.45,0.44,54.00,68.00,39.00,,,,,,,,,,,,,
USW00094053,"TORRINGTON MUNICIPAL AIRPORT, WY US",4/30/2000,12.53,0,48.00,57.00,38.00,,,,,,,,,,,,,
USW00094053,"TORRINGTON MUNICIPAL AIRPORT, WY US",5/1/2000,7.16,0,52.00,72.00,31.00,,,,,,,,,,,,,
USW00094053,"TORRINGTON MUNICIPAL AIRPORT, WY US",5/2/2000,12.53,0,59.00,78.00,40.00,,,,,,,,,,,,,
USW00094053,"TORRINGTON MUNICIPAL AIRPORT, WY US",5/3/2000,9.17,0,61.00,76.00,45.00,,,,,,,,,,,,,
USW00094053,"TORRINGTON MUNICIPAL AIRPORT, WY US",5/4/2000,8.05,0,69.00,90.00,47.00,,,,,,,,,,,,,
USW00094053,"TORRINGTON MUNICIPAL AIRPORT, WY US",5/5/2000,12.3,0,73.00,93.00,52.00,,,,,,,,,,,,,
USW00094053,"TORRINGTON MUNICIPAL AIRPORT, WY US",5/6/2000,8.05,0.28,62.00,78.00,45.00,,,,,,,,,,,,,
USW00094053,"TORRINGTON MUNICIPAL AIRPORT, WY US",5/7/2000,13.42,0.01,57.00,71.00,43.00,,,,,,,,,,,,,
USW00094053,"TORRINGTON MUNICIPAL AIRPORT, WY US",5/8/2000,7.83,0,49.00,56.00,41.00,,,,,,,,,,,,,
USW00094053,"TORRINGTON MUNICIPAL AIRPORT, WY US",5/9/2000,9.84,0.03,54.00,69.00,38.00,,,,,,,,,,,,,
USW00094053,"TORRINGTON MUNICIPAL AIRPORT, WY US",5/10/2000,14.09,0,61.00,73.00,48.00,,,,,,,,,,,,,
USW00094053,"TORRINGTON MUNICIPAL AIRPORT, WY US",5/11/2000,18.57,0,53.00,62.00,44.00,,,,,,,,,,,,,
USW00094053,"TORRINGTON MUNICIPAL AIRPORT, WY US",5/12/2000,17.9,0,46.00,57.00,34.00,,,,,,,,,,,,,
USW00094053,"TORRINGTON MUNICIPAL AIRPORT, WY US",5/13/2000,6.71,0,46.00,64.00,27.00,,,,,,,,,,,,,
USW00094053,"TORRINGTON MUNICIPAL AIRPORT, WY US",5/14/2000,10.29,0,54.00,69.00,39.00,,,,,,,,,,,,,
USW00094053,"TORRINGTON MUNICIPAL AIRPORT, WY US",5/15/2000,11.18,0,62.00,83.00,41.00,,,,,,,,,,,,,
USW00094053,"TORRINGTON MUNICIPAL AIRPORT, WY US",5/16/2000,16.33,0,63.00,79.00,46.00,,,,,,,,,,,,,
USW00094053,"TORRINGTON MUNICIPAL AIRPORT, WY US",5/17/2000,25.72,0.86,49.00,56.00,41.00,,,,,,,,,,,,,
USW00094053,"TORRINGTON MUNICIPAL AIRPORT, WY US",5/18/2000,8.95,0,49.00,59.00,39.00,,,,,,,,,,,,,
USW00094053,"TORRINGTON MUNICIPAL AIRPORT, WY US",5/19/2000,5.37,0,54.00,73.00,34.00,,,,,,,,,,,,,
USW00094053,"TORRINGTON MUNICIPAL AIRPORT, WY US",5/20/2000,10.51,0.12,58.00,69.00,46.00,,,,,,,,,,,,,
USW00094053,"TORRINGTON MUNICIPAL AIRPORT, WY US",5/21/2000,5.82,0,60.00,79.00,41.00,,,,,,,,,,,,,
USW00094053,"TORRINGTON MUNICIPAL AIRPORT, WY US",5/22/2000,9.4,0,67.00,83.00,50.00,,,,,,,,,,,,,
USW00094053,"TORRINGTON MUNICIPAL AIRPORT, WY US",5/23/2000,8.28,0,64.00,80.00,48.00,,,,,,,,,,,,,
USW00094053,"TORRINGTON MUNICIPAL AIRPORT, WY US",5/24/2000,10.51,0,60.00,71.00,49.00,,,,,,,,,,,,,
USW00094053,"TORRINGTON MUNICIPAL AIRPORT, WY US",5/25/2000,7.83,0,62.00,79.00,45.00,,,,,,,,,,,,,
USW00094053,"TORRINGTON MUNICIPAL AIRPORT, WY US",5/26/2000,10.96,0.07,63.00,77.00,48.00,,,,,,,,,,,,,
USW00094053,"TORRINGTON MUNICIPAL AIRPORT, WY US",5/27/2000,8.5,0.04,62.00,78.00,46.00,,,,,,,,,,,,,
USW00094053,"TORRINGTON MUNICIPAL AIRPORT, WY US",5/28/2000,9.62,0,70.00,94.00,46.00,,,,,,,,,,,,,
USW00094053,"TORRINGTON MUNICIPAL AIRPORT, WY US",5/29/2000,10.74,0,75.00,96.00,53.00,,,,,,,,,,,,,
USW00094053,"TORRINGTON MUNICIPAL AIRPORT, WY US",5/30/2000,12.53,0,55.00,61.00,49.00,,,,,,,,,,,,,
USW00094053,"TORRINGTON MUNICIPAL AIRPORT, WY US",5/31/2000,12.53,0.02,61.00,73.00,49.00,,,,,,,,,,,,,
USW00094053,"TORRINGTON MUNICIPAL AIRPORT, WY US",6/1/2000,12.3,0,56.00,69.00,43.00,,,,,,,,,,,,,
USW00094053,"TORRINGTON MUNICIPAL AIRPORT, WY US",6/2/2000,16.33,0,62.00,83.00,40.00,,,,,,,,,,,,,
USW00094053,"TORRINGTON MUNICIPAL AIRPORT, WY US",6/3/2000,12.3,0,71.00,93.00,49.00,,,,,,,,,,,,,
USW00094053,"TORRINGTON MUNICIPAL AIRPORT, WY US",6/4/2000,10.51,0,58.00,71.00,45.00,,,,,,,,,,,,,
USW00094053,"TORRINGTON MUNICIPAL AIRPORT, WY US",6/5/2000,14.54,0,62.00,83.00,41.00,,,,,,,,,,,,,
USW00094053,"TORRINGTON MUNICIPAL AIRPORT, WY US",6/6/2000,8.05,0,76.00,100.00,52.00,,,,,,,,,,,,,
USW00094053,"TORRINGTON MUNICIPAL AIRPORT, WY US",6/7/2000,8.72,0,74.00,98.00,49.00,,,,,,,,,,,,,
USW00094053,"TORRINGTON MUNICIPAL AIRPORT, WY US",6/8/2000,9.4,0,77.00,102.00,51.00,,,,,,,,,,,,,
USW00094053,"TORRINGTON MUNICIPAL AIRPORT, WY US",6/9/2000,9.4,0,72.00,90.00,54.00,,,,,,,,,,,,,
USW00094053,"TORRINGTON MUNICIPAL AIRPORT, WY US",6/10/2000,8.95,0,66.00,82.00,49.00,,,,,,,,,,,,,
USW00094053,"TORRINGTON MUNICIPAL AIRPORT, WY US",6/11/2000,11.18,0.02,73.00,91.00,54.00,,,,,,,,,,,,,
USW00094053,"TORRINGTON MUNICIPAL AIRPORT, WY US",6/12/2000,9.17,0,73.00,93.00,52.00,,,,,,,,,,,,,
USW00094053,"TORRINGTON MUNICIPAL AIRPORT, WY US",6/13/2000,15.21,0.06,62.00,72.00,51.00,,,,,,,,,,,,,
USW00094053,"TORRINGTON MUNICIPAL AIRPORT, WY US",6/14/2000,12.53,0,65.00,82.00,47.00,,,,,,,,,,,,,
USW00094053,"TORRINGTON MUNICIPAL AIRPORT, WY US",6/15/2000,13.87,0.08,66.00,83.00,48.00,,,,,,,,,,,,,
USW00094053,"TORRINGTON MUNICIPAL AIRPORT, WY US",6/16/2000,10.74,0,55.00,65.00,44.00,,,,,,,,,,,,,
USW00094053,"TORRINGTON MUNICIPAL AIRPORT, WY US",6/17/2000,8.5,0,58.00,73.00,43.00,,,,,,,,,,,,,
USW00094053,"TORRINGTON MUNICIPAL AIRPORT, WY US",6/18/2000,10.96,0,68.00,91.00,44.00,,,,,,,,,,,,,
USW00094053,"TORRINGTON MUNICIPAL AIRPORT, WY US",6/19/2000,11.18,0.17,67.00,82.00,51.00,,,,,,,,,,,,,
USW00094053,"TORRINGTON MUNICIPAL AIRPORT, WY US",6/20/2000,11.63,0.01,58.00,71.00,45.00,,,,,,,,,,,,,
USW00094053,"TORRINGTON MUNICIPAL AIRPORT, WY US",6/21/2000,5.82,0,62.00,85.00,38.00,,,,,,,,,,,,,
USW00094053,"TORRINGTON MUNICIPAL AIRPORT, WY US",6/22/2000,6.71,0,71.00,96.00,46.00,,,,,,,,,,,,,
USW00094053,"TORRINGTON MUNICIPAL AIRPORT, WY US",6/23/2000,10.29,0.01,74.00,93.00,55.00,,,,,,,,,,,,,
USW00094053,"TORRINGTON MUNICIPAL AIRPORT, WY US",6/24/2000,8.95,0,69.00,87.00,51.00,,,,,,,,,,,,,
USW00094053,"TORRINGTON MUNICIPAL AIRPORT, WY US",6/25/2000,13.65,0,60.00,71.00,48.00,,,,,,,,,,,,,
USW00094053,"TORRINGTON MUNICIPAL AIRPORT, WY US",6/26/2000,5.82,0,56.00,71.00,41.00,,,,,,,,,,,,,
USW00094053,"TORRINGTON MUNICIPAL AIRPORT, WY US",6/27/2000,8.05,0.08,65.00,77.00,52.00,,,,,,,,,,,,,
USW00094053,"TORRINGTON MUNICIPAL AIRPORT, WY US",6/28/2000,6.49,0,64.00,76.00,52.00,,,,,,,,,,,,,
USW00094053,"TORRINGTON MUNICIPAL AIRPORT, WY US",6/29/2000,10.74,0,69.00,86.00,52.00,,,,,,,,,,,,,
USW00094053,"TORRINGTON MUNICIPAL AIRPORT, WY US",6/30/2000,7.61,0,71.00,93.00,48.00,,,,,,,,,,,,,
USW00094053,"TORRINGTON MUNICIPAL AIRPORT, WY US",7/1/2000,10.29,0,76.00,96.00,56.00,,,,,,,,,,,,,
USW00094053,"TORRINGTON MUNICIPAL AIRPORT, WY US",7/2/2000,7.61,0,76.00,96.00,56.00,,,,,,,,,,,,,
USW00094053,"TORRINGTON MUNICIPAL AIRPORT, WY US",7/3/2000,11.41,0,76.00,86.00,66.00,,,,,,,,,,,,,
USW00094053,"TORRINGTON MUNICIPAL AIRPORT, WY US",7/4/2000,8.72,0,78.00,93.00,63.00,,,,,,,,,,,,,
USW00094053,"TORRINGTON MUNICIPAL AIRPORT, WY US",7/5/2000,11.41,0,78.00,93.00,62.00,,,,,,,,,,,,,
USW00094053,"TORRINGTON MUNICIPAL AIRPORT, WY US",7/6/2000,9.4,0,80.00,98.00,62.00,,,,,,,,,,,,,
USW00094053,"TORRINGTON MUNICIPAL AIRPORT, WY US",7/7/2000,9.62,0,79.00,95.00,63.00,,,,,,,,,,,,,
USW00094053,"TORRINGTON MUNICIPAL AIRPORT, WY US",7/8/2000,7.61,0,82.00,100.00,64.00,,,,,,,,,,,,,
USW00094053,"TORRINGTON MUNICIPAL AIRPORT, WY US",7/9/2000,6.93,0,78.00,92.00,64.00,,,,,,,,,,,,,
USW00094053,"TORRINGTON MUNICIPAL AIRPORT, WY US",7/10/2000,9.62,0.71,78.00,93.00,63.00,,,,,,,,,,,,,
USW00094053,"TORRINGTON MUNICIPAL AIRPORT, WY US",7/11/2000,9.17,0,77.00,91.00,62.00,,,,,,,,,,,,,
USW00094053,"TORRINGTON MUNICIPAL AIRPORT, WY US",7/12/2000,9.17,0,77.00,94.00,60.00,,,,,,,,,,,,,
USW00094053,"TORRINGTON MUNICIPAL AIRPORT, WY US",7/13/2000,10.29,0,78.00,97.00,58.00,,,,,,,,,,,,,
USW00094053,"TORRINGTON MUNICIPAL AIRPORT, WY US",7/14/2000,8.05,0,80.00,102.00,58.00,,,,,,,,,,,,,
USW00094053,"TORRINGTON MUNICIPAL AIRPORT, WY US",7/15/2000,8.95,0,82.00,102.00,62.00,,,,,,,,,,,,,
USW00094053,"TORRINGTON MUNICIPAL AIRPORT, WY US",7/16/2000,14.54,0,70.00,79.00,60.00,,,,,,,,,,,,,
USW00094053,"TORRINGTON MUNICIPAL AIRPORT, WY US",7/17/2000,12.08,0.34,68.00,75.00,60.00,,,,,,,,,,,,,
USW00094053,"TORRINGTON MUNICIPAL AIRPORT, WY US",7/18/2000,8.05,0.1,73.00,90.00,56.00,,,,,,,,,,,,,
USW00094053,"TORRINGTON MUNICIPAL AIRPORT, WY US",7/19/2000,9.4,0.01,72.00,91.00,53.00,,,,,,,,,,,,,
USW00094053,"TORRINGTON MUNICIPAL AIRPORT, WY US",7/20/2000,9.17,0.01,67.00,80.00,53.00,,,,,,,,,,,,,
USW00094053,"TORRINGTON MUNICIPAL AIRPORT, WY US",7/21/2000,8.5,0.01,70.00,86.00,54.00,,,,,,,,,,,,,
USW00094053,"TORRINGTON MUNICIPAL AIRPORT, WY US",7/22/2000,5.82,0,72.00,91.00,52.00,,,,,,,,,,,,,
USW00094053,"TORRINGTON MUNICIPAL AIRPORT, WY US",7/23/2000,11.18,0,77.00,98.00,55.00,,,,,,,,,,,,,
USW00094053,"TORRINGTON MUNICIPAL AIRPORT, WY US",7/24/2000,9.4,0,78.00,96.00,59.00,,,,,,,,,,,,,
USW00094053,"TORRINGTON MUNICIPAL AIRPORT, WY US",7/25/2000,6.49,0,76.00,94.00,57.00,,,,,,,,,,,,,
USW00094053,"TORRINGTON MUNICIPAL AIRPORT, WY US",7/26/2000,5.59,0,77.00,96.00,58.00,,,,,,,,,,,,,
USW00094053,"TORRINGTON MUNICIPAL AIRPORT, WY US",7/27/2000,7.61,0.02,79.00,95.00,63.00,,,,,,,,,,,,,
USW00094053,"TORRINGTON MUNICIPAL AIRPORT, WY US",7/28/2000,6.71,0,75.00,93.00,57.00,,,,,,,,,,,,,
USW00094053,"TORRINGTON MUNICIPAL AIRPORT, WY US",7/29/2000,6.26,0,75.00,93.00,57.00,,,,,,,,,,,,,
USW00094053,"TORRINGTON MUNICIPAL AIRPORT, WY US",7/30/2000,6.93,0,74.00,92.00,55.00,,,,,,,,,,,,,
USW00094053,"TORRINGTON MUNICIPAL AIRPORT, WY US",7/31/2000,8.5,0,76.00,95.00,56.00,,,,,,,,,,,,,
USW00094053,"TORRINGTON MUNICIPAL AIRPORT, WY US",8/1/2000,7.61,0,78.00,98.00,58.00,,,,,,,,,,,,,
USW00094053,"TORRINGTON MUNICIPAL AIRPORT, WY US",8/2/2000,10.74,0.09,78.00,94.00,61.00,,,,,,,,,,,,,
USW00094053,"TORRINGTON MUNICIPAL AIRPORT, WY US",8/3/2000,8.28,0.04,77.00,94.00,60.00,,,,,,,,,,,,,
USW00094053,"TORRINGTON MUNICIPAL AIRPORT, WY US",8/4/2000,8.95,0.01,81.00,98.00,63.00,,,,,,,,,,,,,
USW00094053,"TORRINGTON MUNICIPAL AIRPORT, WY US",8/5/2000,10.29,0.08,75.00,91.00,58.00,,,,,,,,,,,,,
USW00094053,"TORRINGTON MUNICIPAL AIRPORT, WY US",8/6/2000,6.71,0.01,71.00,90.00,52.00,,,,,,,,,,,,,
USW00094053,"TORRINGTON MUNICIPAL AIRPORT, WY US",8/7/2000,8.05,0,76.00,97.00,54.00,,,,,,,,,,,,,
USW00094053,"TORRINGTON MUNICIPAL AIRPORT, WY US",8/8/2000,7.61,0,76.00,99.00,52.00,,,,,,,,,,,,,
USW00094053,"TORRINGTON MUNICIPAL AIRPORT, WY US",8/9/2000,12.3,0.21,74.00,91.00,57.00,,,,,,,,,,,,,
USW00094053,"TORRINGTON MUNICIPAL AIRPORT, WY US",8/10/2000,12.97,0,76.00,93.00,58.00,,,,,,,,,,,,,
USW00094053,"TORRINGTON MUNICIPAL AIRPORT, WY US",8/11/2000,8.72,0.02,80.00,99.00,61.00,,,,,,,,,,,,,
USW00094053,"TORRINGTON MUNICIPAL AIRPORT, WY US",8/12/2000,10.51,0,78.00,91.00,65.00,,,,,,,,,,,,,
USW00094053,"TORRINGTON MUNICIPAL AIRPORT, WY US",8/13/2000,10.96,0.08,77.00,96.00,57.00,,,,,,,,,,,,,
USW00094053,"TORRINGTON MUNICIPAL AIRPORT, WY US",8/14/2000,5.82,0,77.00,98.00,55.00,,,,,,,,,,,,,
USW00094053,"TORRINGTON MUNICIPAL AIRPORT, WY US",8/15/2000,12.08,0,76.00,86.00,66.00,,,,,,,,,,,,,
USW00094053,"TORRINGTON MUNICIPAL AIRPORT, WY US",8/16/2000,9.62,0,77.00,90.00,63.00,,,,,,,,,,,,,
USW00094053,"TORRINGTON MUNICIPAL AIRPORT, WY US",8/17/2000,9.4,0,67.00,83.00,50.00,,,,,,,,,,,,,
USW00094053,"TORRINGTON MUNICIPAL AIRPORT, WY US",8/18/2000,13.65,0,70.00,85.00,55.00,,,,,,,,,,,,,
USW00094053,"TORRINGTON MUNICIPAL AIRPORT, WY US",8/19/2000,7.16,0.03,73.00,93.00,53.00,,,,,,,,,,,,,
USW00094053,"TORRINGTON MUNICIPAL AIRPORT, WY US",8/20/2000,11.86,0,77.00,95.00,58.00,,,,,,,,,,,,,
USW00094053,"TORRINGTON MUNICIPAL AIRPORT, WY US",8/21/2000,9.4,0,70.00,82.00,57.00,,,,,,,,,,,,,
USW00094053,"TORRINGTON MUNICIPAL AIRPORT, WY US",8/22/2000,10.07,0,74.00,93.00,55.00,,,,,,,,,,,,,
USW00094053,"TORRINGTON MUNICIPAL AIRPORT, WY US",8/23/2000,7.16,0,74.00,92.00,55.00,,,,,,,,,,,,,
USW00094053,"TORRINGTON MUNICIPAL AIRPORT, WY US",8/24/2000,8.28,0,77.00,99.00,55.00,,,,,,,,,,,,,
USW00094053,"TORRINGTON MUNICIPAL AIRPORT, WY US",8/25/2000,7.61,0,78.00,95.00,61.00,,,,,,,,,,,,,
USW00094053,"TORRINGTON MUNICIPAL AIRPORT, WY US",8/26/2000,10.51,0.05,75.00,94.00,56.00,,,,,,,,,,,,,
USW00094053,"TORRINGTON MUNICIPAL AIRPORT, WY US",8/27/2000,7.83,0,77.00,93.00,60.00,,,,,,,,,,,,,
USW00094053,"TORRINGTON MUNICIPAL AIRPORT, WY US",8/28/2000,10.51,0,74.00,87.00,61.00,,,,,,,,,,,,,
USW00094053,"TORRINGTON MUNICIPAL AIRPORT, WY US",8/29/2000,12.75,0.03,75.00,91.00,58.00,,,,,,,,,,,,,
USW00094053,"TORRINGTON MUNICIPAL AIRPORT, WY US",8/30/2000,10.07,0.04,74.00,93.00,55.00,,,,,,,,,,,,,
USW00094053,"TORRINGTON MUNICIPAL AIRPORT, WY US",8/31/2000,10.51,0.38,62.00,73.00,50.00,,,,,,,,,,,,,
USW00094053,"TORRINGTON MUNICIPAL AIRPORT, WY US",9/1/2000,8.95,0.02,70.00,85.00,54.00,,,,,,,,,,,,,
USW00094053,"TORRINGTON MUNICIPAL AIRPORT, WY US",9/2/2000,7.83,0.01,71.00,86.00,55.00,,,,,,,,,,,,,
USW00094053,"TORRINGTON MUNICIPAL AIRPORT, WY US",9/3/2000,6.71,0,69.00,90.00,47.00,,,,,,,,,,,,,
USW00094053,"TORRINGTON MUNICIPAL AIRPORT, WY US",9/4/2000,9.17,0,72.00,88.00,55.00,,,,,,,,,,,,,
USW00094053,"TORRINGTON MUNICIPAL AIRPORT, WY US",9/5/2000,10.74,0.01,75.00,95.00,55.00,,,,,,,,,,,,,
USW00094053,"TORRINGTON MUNICIPAL AIRPORT, WY US",9/6/2000,11.63,0,72.00,93.00,51.00,,,,,,,,,,,,,
USW00094053,"TORRINGTON MUNICIPAL AIRPORT, WY US",9/7/2000,9.17,0,61.00,81.00,41.00,,,,,,,,,,,,,
USW00094053,"TORRINGTON MUNICIPAL AIRPORT, WY US",9/8/2000,7.61,0,69.00,86.00,51.00,,,,,,,,,,,,,
USW00094053,"TORRINGTON MUNICIPAL AIRPORT, WY US",9/9/2000,13.2,0,66.00,86.00,46.00,,,,,,,,,,,,,
USW00094053,"TORRINGTON MUNICIPAL AIRPORT, WY US",9/10/2000,11.63,0,66.00,91.00,41.00,,,,,,,,,,,,,
USW00094053,"TORRINGTON MUNICIPAL AIRPORT, WY US",9/11/2000,7.16,0,60.00,76.00,44.00,,,,,,,,,,,,,
USW00094053,"TORRINGTON MUNICIPAL AIRPORT, WY US",9/12/2000,6.93,0,66.00,87.00,44.00,,,,,,,,,,,,,
USW00094053,"TORRINGTON MUNICIPAL AIRPORT, WY US",9/13/2000,7.61,0,67.00,89.00,44.00,,,,,,,,,,,,,
USW00094053,"TORRINGTON MUNICIPAL AIRPORT, WY US",9/14/2000,9.17,0,65.00,83.00,46.00,,,,,,,,,,,,,
USW00094053,"TORRINGTON MUNICIPAL AIRPORT, WY US",9/15/2000,8.5,0,71.00,92.00,50.00,,,,,,,,,,,,,
USW00094053,"TORRINGTON MUNICIPAL AIRPORT, WY US",9/16/2000,6.71,0,72.00,97.00,47.00,,,,,,,,,,,,,
USW00094053,"TORRINGTON MUNICIPAL AIRPORT, WY US",9/17/2000,6.93,0,75.00,97.00,53.00,,,,,,,,,,,,,
USW00094053,"TORRINGTON MUNICIPAL AIRPORT, WY US",9/18/2000,11.18,0,79.00,90.00,67.00,,,,,,,,,,,,,
USW00094053,"TORRINGTON MUNICIPAL AIRPORT, WY US",9/19/2000,8.5,1.06,56.00,68.00,44.00,,,,,,,,,,,,,
USW00094053,"TORRINGTON MUNICIPAL AIRPORT, WY US",9/20/2000,10.74,0,50.00,59.00,40.00,,,,,,,,,,,,,
USW00094053,"TORRINGTON MUNICIPAL AIRPORT, WY US",9/21/2000,10.07,0.07,53.00,65.00,40.00,,,,,,,,,,,,,
USW00094053,"TORRINGTON MUNICIPAL AIRPORT, WY US",9/22/2000,10.51,0.44,39.00,46.00,32.00,,,,,,,,,,,,,
USW00094053,"TORRINGTON MUNICIPAL AIRPORT, WY US",9/23/2000,11.18,0.08,34.00,36.00,31.00,,,,,,,,,,,,,
USW00094053,"TORRINGTON MUNICIPAL AIRPORT, WY US",9/24/2000,7.61,0.08,38.00,46.00,30.00,,,,,,,,,,,,,
USW00094053,"TORRINGTON MUNICIPAL AIRPORT, WY US",9/25/2000,5.14,0,44.00,62.00,26.00,,,,,,,,,,,,,
USW00094053,"TORRINGTON MUNICIPAL AIRPORT, WY US",9/26/2000,4.25,0,50.00,71.00,29.00,,,,,,,,,,,,,
USW00094053,"TORRINGTON MUNICIPAL AIRPORT, WY US",9/27/2000,5.59,0,56.00,77.00,35.00,,,,,,,,,,,,,
USW00094053,"TORRINGTON MUNICIPAL AIRPORT, WY US",9/28/2000,4.03,0,59.00,83.00,34.00,,,,,,,,,,,,,
USW00094053,"TORRINGTON MUNICIPAL AIRPORT, WY US",9/29/2000,6.04,0,64.00,83.00,45.00,,,,,,,,,,,,,
USW00094053,"TORRINGTON MUNICIPAL AIRPORT, WY US",9/30/2000,9.62,0,64.00,79.00,49.00,,,,,,,,,,,,,
USW00094053,"TORRINGTON MUNICIPAL AIRPORT, WY US",10/1/2000,12.75,0,65.00,82.00,48.00,,,,,,,,,,,,,
USW00094053,"TORRINGTON MUNICIPAL AIRPORT, WY US",10/2/2000,8.72,0,60.00,79.00,40.00,,,,,,,,,,,,,
USW00094053,"TORRINGTON MUNICIPAL AIRPORT, WY US",10/3/2000,9.62,0.01,50.00,57.00,42.00,,,,,,,,,,,,,
USW00094053,"TORRINGTON MUNICIPAL AIRPORT, WY US",10/4/2000,11.18,0,52.00,61.00,42.00,,,,,,,,,,,,,
USW00094053,"TORRINGTON MUNICIPAL AIRPORT, WY US",10/5/2000,9.17,0.04,35.00,44.00,25.00,,,,,,,,,,,,,
USW00094053,"TORRINGTON MUNICIPAL AIRPORT, WY US",10/6/2000,4.92,0,32.00,42.00,22.00,,,,,,,,,,,,,
USW00094053,"TORRINGTON MUNICIPAL AIRPORT, WY US",10/7/2000,7.38,0,35.00,47.00,22.00,,,,,,,,,,,,,
USW00094053,"TORRINGTON MUNICIPAL AIRPORT, WY US",10/8/2000,12.3,0,39.00,59.00,19.00,,,,,,,,,,,,,
USW00094053,"TORRINGTON MUNICIPAL AIRPORT, WY US",10/9/2000,11.86,0,48.00,69.00,27.00,,,,,,,,,,,,,
USW00094053,"TORRINGTON MUNICIPAL AIRPORT, WY US",10/10/2000,10.51,0,50.00,73.00,27.00,,,,,,,,,,,,,
USW00094053,"TORRINGTON MUNICIPAL AIRPORT, WY US",10/11/2000,9.62,0,52.00,72.00,32.00,,,,,,,,,,,,,
USW00094053,"TORRINGTON MUNICIPAL AIRPORT, WY US",10/12/2000,9.84,0.3,57.00,69.00,45.00,,,,,,,,,,,,,
USW00094053,"TORRINGTON MUNICIPAL AIRPORT, WY US",10/13/2000,11.18,0,51.00,64.00,37.00,,,,,,,,,,,,,
USW00094053,"TORRINGTON MUNICIPAL AIRPORT, WY US",10/14/2000,8.5,0,47.00,58.00,35.00,,,,,,,,,,,,,
USW00094053,"TORRINGTON MUNICIPAL AIRPORT, WY US",10/15/2000,4.25,0,45.00,63.00,27.00,,,,,,,,,,,,,
USW00094053,"TORRINGTON MUNICIPAL AIRPORT, WY US",10/16/2000,6.71,0,49.00,65.00,33.00,,,,,,,,,,,,,
USW00094053,"TORRINGTON MUNICIPAL AIRPORT, WY US",10/17/2000,5.14,0,50.00,72.00,28.00,,,,,,,,,,,,,
USW00094053,"TORRINGTON MUNICIPAL AIRPORT, WY US",10/18/2000,3.58,0,55.00,80.00,30.00,,,,,,,,,,,,,
USW00094053,"TORRINGTON MUNICIPAL AIRPORT, WY US",10/19/2000,8.72,0,54.00,75.00,33.00,,,,,,,,,,,,,
USW00094053,"TORRINGTON MUNICIPAL AIRPORT, WY US",10/20/2000,8.05,0,51.00,69.00,33.00,,,,,,,,,,,,,
USW00094053,"TORRINGTON MUNICIPAL AIRPORT, WY US",10/21/2000,12.3,0,56.00,75.00,37.00,,,,,,,,,,,,,
USW00094053,"TORRINGTON MUNICIPAL AIRPORT, WY US",10/22/2000,9.17,0.32,50.00,57.00,42.00,,,,,,,,,,,,,
USW00094053,"TORRINGTON MUNICIPAL AIRPORT, WY US",10/23/2000,8.05,0,49.00,56.00,41.00,,,,,,,,,,,,,
USW00094053,"TORRINGTON MUNICIPAL AIRPORT, WY US",10/24/2000,10.29,0.18,56.00,64.00,47.00,,,,,,,,,,,,,
USW00094053,"TORRINGTON MUNICIPAL AIRPORT, WY US",10/25/2000,7.83,0.02,,,,,,,,,,,,,,,,
USW00094053,"TORRINGTON MUNICIPAL AIRPORT, WY US",10/26/2000,4.47,0,50.00,63.00,36.00,,,,,,,,,,,,,
USW00094053,"TORRINGTON MUNICIPAL AIRPORT, WY US",10/27/2000,10.96,0.01,48.00,57.00,39.00,,,,,,,,,,,,,
USW00094053,"TORRINGTON MUNICIPAL AIRPORT, WY US",10/28/2000,12.3,0.13,58.00,66.00,50.00,,,,,,,,,,,,,
USW00094053,"TORRINGTON MUNICIPAL AIRPORT, WY US",10/29/2000,4.7,0.03,48.00,59.00,37.00,,,,,,,,,,,,,
USW00094053,"TORRINGTON MUNICIPAL AIRPORT, WY US",10/30/2000,4.7,0,46.00,58.00,33.00,,,,,,,,,,,,,
USW00094053,"TORRINGTON MUNICIPAL AIRPORT, WY US",10/31/2000,12.75,0.2,44.00,50.00,37.00,,,,,,,,,,,,,
USW00094053,"TORRINGTON MUNICIPAL AIRPORT, WY US",11/1/2000,14.32,0,38.00,45.00,31.00,,,,,,,,,,,,,
USW00094053,"TORRINGTON MUNICIPAL AIRPORT, WY US",11/2/2000,8.95,0,36.00,45.00,26.00,,,,,,,,,,,,,
USW00094053,"TORRINGTON MUNICIPAL AIRPORT, WY US",11/3/2000,7.16,0,35.00,46.00,24.00,,,,,,,,,,,,,
USW00094053,"TORRINGTON MUNICIPAL AIRPORT, WY US",11/4/2000,7.61,0,38.00,58.00,17.00,,,,,,,,,,,,,
USW00094053,"TORRINGTON MUNICIPAL AIRPORT, WY US",11/5/2000,13.42,0,35.00,43.00,26.00,,,,,,,,,,,,,
USW00094053,"TORRINGTON MUNICIPAL AIRPORT, WY US",11/6/2000,22.37,0,24.00,28.00,20.00,,,,,,,,,,,,,
USW00094053,"TORRINGTON MUNICIPAL AIRPORT, WY US",11/7/2000,25.95,0,23.00,26.00,19.00,,,,,,,,,,,,,
USW00094053,"TORRINGTON MUNICIPAL AIRPORT, WY US",11/8/2000,4.92,0,27.00,44.00,9.00,,,,,,,,,,,,,
USW00094053,"TORRINGTON MUNICIPAL AIRPORT, WY US",11/9/2000,9.4,0,26.00,36.00,16.00,,,,,,,,,,,,,
USW00094053,"TORRINGTON MUNICIPAL AIRPORT, WY US",11/10/2000,9.4,0.07,17.00,21.00,13.00,,,,,,,,,,,,,
USW00094053,"TORRINGTON MUNICIPAL AIRPORT, WY US",11/11/2000,9.62,0.02,6.00,16.00,-4.00,,,,,,,,,,,,,
USW00094053,"TORRINGTON MUNICIPAL AIRPORT, WY US",11/12/2000,8.5,0,8.00,23.00,-7.00,,,,,,,,,,,,,
USW00094053,"TORRINGTON MUNICIPAL AIRPORT, WY US",11/13/2000,7.83,0,15.00,28.00,1.00,,,,,,,,,,,,,
USW00094053,"TORRINGTON MUNICIPAL AIRPORT, WY US",11/14/2000,6.04,0,15.00,32.00,-3.00,,,,,,,,,,,,,
USW00094053,"TORRINGTON MUNICIPAL AIRPORT, WY US",11/15/2000,10.29,0,17.00,29.00,5.00,,,,,,,,,,,,,
USW00094053,"TORRINGTON MUNICIPAL AIRPORT, WY US",11/16/2000,9.4,0,16.00,28.00,4.00,,,,,,,,,,,,,
USW00094053,"TORRINGTON MUNICIPAL AIRPORT, WY US",11/17/2000,10.96,0,17.00,28.00,6.00,,,,,,,,,,,,,
USW00094053,"TORRINGTON MUNICIPAL AIRPORT, WY US",11/18/2000,10.51,0,17.00,34.00,-1.00,,,,,,,,,,,,,
USW00094053,"TORRINGTON MUNICIPAL AIRPORT, WY US",11/19/2000,9.4,0,26.00,36.00,16.00,,,,,,,,,,,,,
USW00094053,"TORRINGTON MUNICIPAL AIRPORT, WY US",11/20/2000,6.93,0,24.00,39.00,9.00,,,,,,,,,,,,,
USW00094053,"TORRINGTON MUNICIPAL AIRPORT, WY US",11/21/2000,6.71,0,32.00,50.00,13.00,,,,,,,,,,,,,
USW00094053,"TORRINGTON MUNICIPAL AIRPORT, WY US",11/22/2000,6.26,0,32.00,46.00,17.00,,,,,,,,,,,,,
USW00094053,"TORRINGTON MUNICIPAL AIRPORT, WY US",11/23/2000,5.14,0,33.00,47.00,19.00,,,,,,,,,,,,,
USW00094053,"TORRINGTON MUNICIPAL AIRPORT, WY US",11/24/2000,8.28,0,33.00,52.00,13.00,,,,,,,,,,,,,
USW00094053,"TORRINGTON MUNICIPAL AIRPORT, WY US",11/25/2000,7.61,0,32.00,44.00,19.00,,,,,,,,,,,,,
USW00094053,"TORRINGTON MUNICIPAL AIRPORT, WY US",11/26/2000,9.17,0,33.00,48.00,17.00,,,,,,,,,,,,,
USW00094053,"TORRINGTON MUNICIPAL AIRPORT, WY US",11/27/2000,10.96,0.01,37.00,48.00,25.00,,,,,,,,,,,,,
USW00094053,"TORRINGTON MUNICIPAL AIRPORT, WY US",11/28/2000,12.75,0,29.00,39.00,18.00,,,,,,,,,,,,,
USW00094053,"TORRINGTON MUNICIPAL AIRPORT, WY US",11/29/2000,8.72,0,27.00,43.00,10.00,,,,,,,,,,,,,
USW00094053,"TORRINGTON MUNICIPAL AIRPORT, WY US",11/30/2000,19.46,0,32.00,45.00,19.00,,,,,,,,,,,,,
USW00094053,"TORRINGTON MUNICIPAL AIRPORT, WY US",12/1/2000,4.03,0,30.00,44.00,15.00,,,,,,,,,,,,,
USW00094053,"TORRINGTON MUNICIPAL AIRPORT, WY US",12/2/2000,10.74,0,29.00,48.00,10.00,,,,,,,,,,,,,
USW00094053,"TORRINGTON MUNICIPAL AIRPORT, WY US",12/3/2000,6.93,0,32.00,49.00,14.00,,,,,,,,,,,,,
USW00094053,"TORRINGTON MUNICIPAL AIRPORT, WY US",12/4/2000,7.61,0,29.00,41.00,17.00,,,,,,,,,,,,,
USW00094053,"TORRINGTON MUNICIPAL AIRPORT, WY US",12/5/2000,10.07,0,29.00,40.00,18.00,,,,,,,,,,,,,
USW00094053,"TORRINGTON MUNICIPAL AIRPORT, WY US",12/6/2000,11.86,0,33.00,48.00,18.00,,,,,,,,,,,,,
USW00094053,"TORRINGTON MUNICIPAL AIRPORT, WY US",12/7/2000,10.74,0,41.00,51.00,31.00,,,,,,,,,,,,,
USW00094053,"TORRINGTON MUNICIPAL AIRPORT, WY US",12/8/2000,9.4,0,36.00,43.00,28.00,,,,,,,,,,,,,
USW00094053,"TORRINGTON MUNICIPAL AIRPORT, WY US",12/9/2000,9.62,0,32.00,51.00,13.00,,,,,,,,,,,,,
USW00094053,"TORRINGTON MUNICIPAL AIRPORT, WY US",12/10/2000,13.42,0.01,5.00,13.00,-3.00,,,,,,,,,,,,,
USW00094053,"TORRINGTON MUNICIPAL AIRPORT, WY US",12/11/2000,4.92,0,-4.00,7.00,-14.00,,,,,,,,,,,,,
USW00094053,"TORRINGTON MUNICIPAL AIRPORT, WY US",12/12/2000,3.36,0,4.00,13.00,-5.00,,,,,,,,,,,,,
USW00094053,"TORRINGTON MUNICIPAL AIRPORT, WY US",12/13/2000,4.03,0,8.00,20.00,-4.00,,,,,,,,,,,,,
USW00094053,"TORRINGTON MUNICIPAL AIRPORT, WY US",12/14/2000,11.41,0.01,26.00,44.00,7.00,,,,,,,,,,,,,
USW00094053,"TORRINGTON MUNICIPAL AIRPORT, WY US",12/15/2000,19.91,0,31.00,47.00,15.00,,,,,,,,,,,,,
USW00094053,"TORRINGTON MUNICIPAL AIRPORT, WY US",12/16/2000,13.2,0,8.00,17.00,-1.00,,,,,,,,,,,,,
USW00094053,"TORRINGTON MUNICIPAL AIRPORT, WY US",12/17/2000,17.67,0,32.00,51.00,12.00,,,,,,,,,,,,,
USW00094053,"TORRINGTON MUNICIPAL AIRPORT, WY US",12/18/2000,16.55,0,20.00,29.00,11.00,,,,,,,,,,,,,
USW00094053,"TORRINGTON MUNICIPAL AIRPORT, WY US",12/19/2000,17.9,0,29.00,46.00,11.00,,,,,,,,,,,,,
USW00094053,"TORRINGTON MUNICIPAL AIRPORT, WY US",12/20/2000,17.22,0,25.00,39.00,11.00,,,,,,,,,,,,,
USW00094053,"TORRINGTON MUNICIPAL AIRPORT, WY US",12/21/2000,6.26,0,15.00,27.00,3.00,,,,,,,,,,,,,
USW00094053,"TORRINGTON MUNICIPAL AIRPORT, WY US",12/22/2000,8.95,0.01,30.00,48.00,11.00,,,,,,,,,,,,,
USW00094053,"TORRINGTON MUNICIPAL AIRPORT, WY US",12/23/2000,4.25,0,24.00,34.00,14.00,,,,,,,,,,,,,
USW00094053,"TORRINGTON MUNICIPAL AIRPORT, WY US",12/24/2000,6.93,0,20.00,24.00,16.00,,,,,,,,,,,,,
USW00094053,"TORRINGTON MUNICIPAL AIRPORT, WY US",12/25/2000,5.82,0.12,20.00,29.00,10.00,,,,,,,,,,,,,
USW00094053,"TORRINGTON MUNICIPAL AIRPORT, WY US",12/26/2000,4.7,0,14.00,28.00,-1.00,,,,,,,,,,,,,
USW00094053,"TORRINGTON MUNICIPAL AIRPORT, WY US",12/27/2000,10.74,0,33.00,47.00,18.00,,,,,,,,,,,,,
USW00094053,"TORRINGTON MUNICIPAL AIRPORT, WY US",12/28/2000,14.76,0,30.00,40.00,19.00,,,,,,,,,,,,,
USW00094053,"TORRINGTON MUNICIPAL AIRPORT, WY US",12/29/2000,9.17,0,26.00,34.00,18.00,,,,,,,,,,,,,
USW00094053,"TORRINGTON MUNICIPAL AIRPORT, WY US",12/30/2000,5.59,0.05,24.00,30.00,18.00,,,,,,,,,,,,,
USW00094053,"TORRINGTON MUNICIPAL AIRPORT, WY US",12/31/2000,2.24,0,22.00,30.00,13.00,,,,,,,,,,,,,
USW00094053,"TORRINGTON MUNICIPAL AIRPORT, WY US",1/1/2001,3.58,0,19.00,30.00,7.00,,,,,,,,,,,,,
USW00094053,"TORRINGTON MUNICIPAL AIRPORT, WY US",1/2/2001,9.62,0,27.00,38.00,16.00,,,,,,,,,,,,,
USW00094053,"TORRINGTON MUNICIPAL AIRPORT, WY US",1/3/2001,12.08,0,40.00,50.00,29.00,,,,,,,,,,,,,
USW00094053,"TORRINGTON MUNICIPAL AIRPORT, WY US",1/4/2001,12.53,0,41.00,56.00,25.00,,,,,,,,,,,,,
USW00094053,"TORRINGTON MUNICIPAL AIRPORT, WY US",1/5/2001,12.3,0,40.00,60.00,20.00,,,,,,,,,,,,,
USW00094053,"TORRINGTON MUNICIPAL AIRPORT, WY US",1/6/2001,10.29,0,38.00,48.00,27.00,,,,,,,,,,,,,
USW00094053,"TORRINGTON MUNICIPAL AIRPORT, WY US",1/7/2001,10.07,0,27.00,41.00,13.00,,,,,,,,,,,,,
USW00094053,"TORRINGTON MUNICIPAL AIRPORT, WY US",1/8/2001,6.26,0,31.00,49.00,13.00,,,,,,,,,,,,,
USW00094053,"TORRINGTON MUNICIPAL AIRPORT, WY US",1/9/2001,2.46,0,28.00,49.00,7.00,,,,,,,,,,,,,
USW00094053,"TORRINGTON MUNICIPAL AIRPORT, WY US",1/10/2001,9.4,0,34.00,53.00,14.00,,,,,,,,,,,,,
USW00094053,"TORRINGTON MUNICIPAL AIRPORT, WY US",1/11/2001,7.61,0,37.00,50.00,23.00,,,,,,,,,,,,,
USW00094053,"TORRINGTON MUNICIPAL AIRPORT, WY US",1/12/2001,5.82,0,33.00,47.00,19.00,,,,,,,,,,,,,
USW00094053,"TORRINGTON MUNICIPAL AIRPORT, WY US",1/13/2001,17.22,0,28.00,31.00,25.00,,,,,,,,,,,,,
USW00094053,"TORRINGTON MUNICIPAL AIRPORT, WY US",1/14/2001,10.74,0,28.00,39.00,17.00,,,,,,,,,,,,,
USW00094053,"TORRINGTON MUNICIPAL AIRPORT, WY US",1/15/2001,8.05,0,24.00,36.00,12.00,,,,,,,,,,,,,
USW00094053,"TORRINGTON MUNICIPAL AIRPORT, WY US",1/16/2001,4.7,0,20.00,30.00,9.00,,,,,,,,,,,,,
USW00094053,"TORRINGTON MUNICIPAL AIRPORT, WY US",1/17/2001,6.71,0,20.00,37.00,2.00,,,,,,,,,,,,,
USW00094053,"TORRINGTON MUNICIPAL AIRPORT, WY US",1/18/2001,10.29,0,24.00,32.00,15.00,,,,,,,,,,,,,
USW00094053,"TORRINGTON MUNICIPAL AIRPORT, WY US",1/19/2001,3.36,0,24.00,40.00,8.00,,,,,,,,,,,,,
USW00094053,"TORRINGTON MUNICIPAL AIRPORT, WY US",1/20/2001,10.51,0.01,27.00,37.00,16.00,,,,,,,,,,,,,
USW00094053,"TORRINGTON MUNICIPAL AIRPORT, WY US",1/21/2001,6.49,0,33.00,48.00,18.00,,,,,,,,,,,,,
USW00094053,"TORRINGTON MUNICIPAL AIRPORT, WY US",1/22/2001,7.61,0,32.00,47.00,17.00,,,,,,,,,,,,,
USW00094053,"TORRINGTON MUNICIPAL AIRPORT, WY US",1/23/2001,5.82,0,30.00,41.00,18.00,,,,,,,,,,,,,
USW00094053,"TORRINGTON MUNICIPAL AIRPORT, WY US",1/24/2001,9.4,0,31.00,45.00,16.00,,,,,,,,,,,,,
USW00094053,"TORRINGTON MUNICIPAL AIRPORT, WY US",1/25/2001,9.4,0,29.00,38.00,20.00,,,,,,,,,,,,,
USW00094053,"TORRINGTON MUNICIPAL AIRPORT, WY US",1/26/2001,12.53,0,22.00,35.00,9.00,,,,,,,,,,,,,
USW00094053,"TORRINGTON MUNICIPAL AIRPORT, WY US",1/27/2001,2.68,0,22.00,35.00,8.00,,,,,,,,,,,,,
USW00094053,"TORRINGTON MUNICIPAL AIRPORT, WY US",1/28/2001,6.04,0.05,28.00,32.00,24.00,,,,,,,,,,,,,
USW00094053,"TORRINGTON MUNICIPAL AIRPORT, WY US",1/29/2001,13.2,0.01,30.00,35.00,24.00,,,,,,,,,,,,,
USW00094053,"TORRINGTON MUNICIPAL AIRPORT, WY US",1/30/2001,19.91,0,25.00,33.00,17.00,,,,,,,,,,,,,
USW00094053,"TORRINGTON MUNICIPAL AIRPORT, WY US",1/31/2001,12.53,0,26.00,38.00,14.00,,,,,,,,,,,,,
USW00094053,"TORRINGTON MUNICIPAL AIRPORT, WY US",2/1/2001,8.05,0,24.00,34.00,14.00,,,,,,,,,,,,,
USW00094053,"TORRINGTON MUNICIPAL AIRPORT, WY US",2/2/2001,18.12,0,41.00,49.00,33.00,,,,,,,,,,,,,
USW00094053,"TORRINGTON MUNICIPAL AIRPORT, WY US",2/3/2001,15.88,0,35.00,45.00,25.00,,,,,,,,,,,,,
USW00094053,"TORRINGTON MUNICIPAL AIRPORT, WY US",2/4/2001,11.41,0,33.00,50.00,16.00,,,,,,,,,,,,,
USW00094053,"TORRINGTON MUNICIPAL AIRPORT, WY US",2/5/2001,15.43,0,42.00,56.00,27.00,,,,,,,,,,,,,
USW00094053,"TORRINGTON MUNICIPAL AIRPORT, WY US",2/6/2001,11.41,0,32.00,46.00,17.00,,,,,,,,,,,,,
USW00094053,"TORRINGTON MUNICIPAL AIRPORT, WY US",2/7/2001,13.2,0.03,22.00,33.00,10.00,,,,,,,,,,,,,
USW00094053,"TORRINGTON MUNICIPAL AIRPORT, WY US",2/8/2001,8.72,0.01,4.00,12.00,-5.00,,,,,,,,,,,,,
USW00094053,"TORRINGTON MUNICIPAL AIRPORT, WY US",2/9/2001,5.59,0,4.00,20.00,-12.00,,,,,,,,,,,,,
USW00094053,"TORRINGTON MUNICIPAL AIRPORT, WY US",2/10/2001,9.62,0,22.00,41.00,2.00,,,,,,,,,,,,,
USW00094053,"TORRINGTON MUNICIPAL AIRPORT, WY US",2/11/2001,13.2,0,32.00,49.00,15.00,,,,,,,,,,,,,
USW00094053,"TORRINGTON MUNICIPAL AIRPORT, WY US",2/12/2001,8.28,0,30.00,49.00,11.00,,,,,,,,,,,,,
USW00094053,"TORRINGTON MUNICIPAL AIRPORT, WY US",2/13/2001,10.51,0,26.00,40.00,11.00,,,,,,,,,,,,,
USW00094053,"TORRINGTON MUNICIPAL AIRPORT, WY US",2/14/2001,7.61,0.02,8.00,16.00,0.00,,,,,,,,,,,,,
USW00094053,"TORRINGTON MUNICIPAL AIRPORT, WY US",2/15/2001,8.72,0,18.00,41.00,-6.00,,,,,,,,,,,,,
USW00094053,"TORRINGTON MUNICIPAL AIRPORT, WY US",2/16/2001,12.3,0,18.00,22.00,13.00,,,,,,,,,,,,,
USW00094053,"TORRINGTON MUNICIPAL AIRPORT, WY US",2/17/2001,6.04,0,31.00,44.00,18.00,,,,,,,,,,,,,
USW00094053,"TORRINGTON MUNICIPAL AIRPORT, WY US",2/18/2001,11.86,0,38.00,58.00,18.00,,,,,,,,,,,,,
USW00094053,"TORRINGTON MUNICIPAL AIRPORT, WY US",2/19/2001,6.71,0,36.00,47.00,24.00,,,,,,,,,,,,,
USW00094053,"TORRINGTON MUNICIPAL AIRPORT, WY US",2/20/2001,9.62,0,26.00,30.00,22.00,,,,,,,,,,,,,
USW00094053,"TORRINGTON MUNICIPAL AIRPORT, WY US",2/21/2001,12.75,0,37.00,50.00,24.00,,,,,,,,,,,,,
USW00094053,"TORRINGTON MUNICIPAL AIRPORT, WY US",2/22/2001,10.96,0,40.00,55.00,25.00,,,,,,,,,,,,,
USW00094053,"TORRINGTON MUNICIPAL AIRPORT, WY US",2/23/2001,13.87,0,30.00,33.00,26.00,,,,,,,,,,,,,
USW00094053,"TORRINGTON MUNICIPAL AIRPORT, WY US",2/24/2001,10.51,0.1,28.00,30.00,25.00,,,,,,,,,,,,,
USW00094053,"TORRINGTON MUNICIPAL AIRPORT, WY US",2/25/2001,8.28,0,27.00,45.00,8.00,,,,,,,,,,,,,
USW00094053,"TORRINGTON MUNICIPAL AIRPORT, WY US",2/26/2001,12.3,0,27.00,34.00,20.00,,,,,,,,,,,,,
USW00094053,"TORRINGTON MUNICIPAL AIRPORT, WY US",2/27/2001,7.83,0.01,15.00,20.00,9.00,,,,,,,,,,,,,
USW00094053,"TORRINGTON MUNICIPAL AIRPORT, WY US",2/28/2001,4.7,0,23.00,39.00,7.00,,,,,,,,,,,,,
USW00094053,"TORRINGTON MUNICIPAL AIRPORT, WY US",3/1/2001,11.63,0,34.00,50.00,17.00,,,,,,,,,,,,,
USW00094053,"TORRINGTON MUNICIPAL AIRPORT, WY US",3/2/2001,7.38,0,35.00,53.00,16.00,,,,,,,,,,,,,
USW00094053,"TORRINGTON MUNICIPAL AIRPORT, WY US",3/3/2001,9.62,0,33.00,46.00,20.00,,,,,,,,,,,,,
USW00094053,"TORRINGTON MUNICIPAL AIRPORT, WY US",3/4/2001,5.82,0,36.00,51.00,20.00,,,,,,,,,,,,,
USW00094053,"TORRINGTON MUNICIPAL AIRPORT, WY US",3/5/2001,7.16,0,41.00,62.00,20.00,,,,,,,,,,,,,
USW00094053,"TORRINGTON MUNICIPAL AIRPORT, WY US",3/6/2001,7.83,0,44.00,59.00,29.00,,,,,,,,,,,,,
USW00094053,"TORRINGTON MUNICIPAL AIRPORT, WY US",3/7/2001,4.03,0,42.00,57.00,26.00,,,,,,,,,,,,,
USW00094053,"TORRINGTON MUNICIPAL AIRPORT, WY US",3/8/2001,3.58,0,41.00,59.00,22.00,,,,,,,,,,,,,
USW00094053,"TORRINGTON MUNICIPAL AIRPORT, WY US",3/9/2001,6.71,0,44.00,65.00,22.00,,,,,,,,,,,,,
USW00094053,"TORRINGTON MUNICIPAL AIRPORT, WY US",3/10/2001,8.95,0.08,34.00,39.00,28.00,,,,,,,,,,,,,
USW00094053,"TORRINGTON MUNICIPAL AIRPORT, WY US",3/11/2001,9.4,0.04,29.00,31.00,26.00,,,,,,,,,,,,,
USW00094053,"TORRINGTON MUNICIPAL AIRPORT, WY US",3/12/2001,16.78,0.01,38.00,51.00,25.00,,,,,,,,,,,,,
USW00094053,"TORRINGTON MUNICIPAL AIRPORT, WY US",3/13/2001,14.99,0,45.00,55.00,34.00,,,,,,,,,,,,,
USW00094053,"TORRINGTON MUNICIPAL AIRPORT, WY US",3/14/2001,19.24,0,40.00,50.00,30.00,,,,,,,,,,,,,
USW00094053,"TORRINGTON MUNICIPAL AIRPORT, WY US",3/15/2001,10.51,0.02,29.00,38.00,20.00,,,,,,,,,,,,,
USW00094053,"TORRINGTON MUNICIPAL AIRPORT, WY US",3/16/2001,7.61,0,30.00,44.00,16.00,,,,,,,,,,,,,
USW00094053,"TORRINGTON MUNICIPAL AIRPORT, WY US",3/17/2001,15.66,0,32.00,43.00,21.00,,,,,,,,,,,,,
USW00094053,"TORRINGTON MUNICIPAL AIRPORT, WY US",3/18/2001,8.95,0,36.00,50.00,22.00,,,,,,,,,,,,,
USW00094053,"TORRINGTON MUNICIPAL AIRPORT, WY US",3/19/2001,7.61,0,40.00,62.00,17.00,,,,,,,,,,,,,
USW00094053,"TORRINGTON MUNICIPAL AIRPORT, WY US",3/20/2001,11.41,0,52.00,62.00,41.00,,,,,,,,,,,,,
USW00094053,"TORRINGTON MUNICIPAL AIRPORT, WY US",3/21/2001,5.59,0,48.00,59.00,37.00,,,,,,,,,,,,,
USW00094053,"TORRINGTON MUNICIPAL AIRPORT, WY US",3/22/2001,5.14,0,,,,,,,,,,,,,,,,
USW00094053,"TORRINGTON MUNICIPAL AIRPORT, WY US",3/23/2001,9.84,0,35.00,42.00,27.00,,,,,,,,,,,,,
USW00094053,"TORRINGTON MUNICIPAL AIRPORT, WY US",3/24/2001,11.86,0,29.00,31.00,26.00,,,,,,,,,,,,,
USW00094053,"TORRINGTON MUNICIPAL AIRPORT, WY US",3/25/2001,11.41,0,33.00,36.00,29.00,,,,,,,,,,,,,
USW00094053,"TORRINGTON MUNICIPAL AIRPORT, WY US",3/26/2001,13.87,0,42.00,54.00,29.00,,,,,,,,,,,,,
USW00094053,"TORRINGTON MUNICIPAL AIRPORT, WY US",3/27/2001,12.75,0,37.00,48.00,25.00,,,,,,,,,,,,,
USW00094053,"TORRINGTON MUNICIPAL AIRPORT, WY US",3/28/2001,7.61,0,36.00,54.00,17.00,,,,,,,,,,,,,
USW00094053,"TORRINGTON MUNICIPAL AIRPORT, WY US",3/29/2001,6.71,0,43.00,54.00,32.00,,,,,,,,,,,,,
USW00094053,"TORRINGTON MUNICIPAL AIRPORT, WY US",3/30/2001,11.41,0.07,42.00,57.00,26.00,,,,,,,,,,,,,
USW00094053,"TORRINGTON MUNICIPAL AIRPORT, WY US",3/31/2001,9.84,0,39.00,50.00,27.00,,,,,,,,,,,,,
USW00094053,"TORRINGTON MUNICIPAL AIRPORT, WY US",4/1/2001,10.51,0,44.00,62.00,26.00,,,,,,,,,,,,,
USW00094053,"TORRINGTON MUNICIPAL AIRPORT, WY US",4/2/2001,17,0.17,51.00,64.00,37.00,,,,,,,,,,,,,
USW00094053,"TORRINGTON MUNICIPAL AIRPORT, WY US",4/3/2001,13.2,0.05,43.00,55.00,31.00,,,,,,,,,,,,,
USW00094053,"TORRINGTON MUNICIPAL AIRPORT, WY US",4/4/2001,7.61,0,50.00,59.00,40.00,,,,,,,,,,,,,
USW00094053,"TORRINGTON MUNICIPAL AIRPORT, WY US",4/5/2001,9.17,0,51.00,64.00,38.00,,,,,,,,,,,,,
USW00094053,"TORRINGTON MUNICIPAL AIRPORT, WY US",4/6/2001,12.3,0.08,46.00,50.00,42.00,,,,,,,,,,,,,
USW00094053,"TORRINGTON MUNICIPAL AIRPORT, WY US",4/7/2001,13.87,0.07,51.00,61.00,40.00,,,,,,,,,,,,,
USW00094053,"TORRINGTON MUNICIPAL AIRPORT, WY US",4/8/2001,11.63,0.12,47.00,57.00,37.00,,,,,,,,,,,,,
USW00094053,"TORRINGTON MUNICIPAL AIRPORT, WY US",4/9/2001,12.3,0.01,44.00,57.00,31.00,,,,,,,,,,,,,
USW00094053,"TORRINGTON MUNICIPAL AIRPORT, WY US",4/10/2001,6.71,0.38,36.00,40.00,32.00,,,,,,,,,,,,,
USW00094053,"TORRINGTON MUNICIPAL AIRPORT, WY US",4/11/2001,17.67,0.14,38.00,44.00,32.00,,,,,,,,,,,,,
USW00094053,"TORRINGTON MUNICIPAL AIRPORT, WY US",4/12/2001,9.17,0,38.00,50.00,26.00,,,,,,,,,,,,,
USW00094053,"TORRINGTON MUNICIPAL AIRPORT, WY US",4/13/2001,14.09,0,46.00,56.00,35.00,,,,,,,,,,,,,
USW00094053,"TORRINGTON MUNICIPAL AIRPORT, WY US",4/14/2001,12.08,0,46.00,59.00,32.00,,,,,,,,,,,,,
USW00094053,"TORRINGTON MUNICIPAL AIRPORT, WY US",4/15/2001,8.5,0,41.00,56.00,25.00,,,,,,,,,,,,,
USW00094053,"TORRINGTON MUNICIPAL AIRPORT, WY US",4/16/2001,8.5,0,39.00,49.00,29.00,,,,,,,,,,,,,
USW00094053,"TORRINGTON MUNICIPAL AIRPORT, WY US",4/17/2001,15.21,0,44.00,64.00,24.00,,,,,,,,,,,,,
USW00094053,"TORRINGTON MUNICIPAL AIRPORT, WY US",4/18/2001,6.71,0,57.00,81.00,32.00,,,,,,,,,,,,,
USW00094053,"TORRINGTON MUNICIPAL AIRPORT, WY US",4/19/2001,13.87,0,58.00,77.00,39.00,,,,,,,,,,,,,
USW00094053,"TORRINGTON MUNICIPAL AIRPORT, WY US",4/20/2001,9.17,0.17,44.00,53.00,34.00,,,,,,,,,,,,,
USW00094053,"TORRINGTON MUNICIPAL AIRPORT, WY US",4/21/2001,11.86,0.5,38.00,45.00,31.00,,,,,,,,,,,,,
USW00094053,"TORRINGTON MUNICIPAL AIRPORT, WY US",4/22/2001,19.24,0.36,31.00,35.00,27.00,,,,,,,,,,,,,
USW00094053,"TORRINGTON MUNICIPAL AIRPORT, WY US",4/23/2001,8.72,0,39.00,52.00,25.00,,,,,,,,,,,,,
USW00094053,"TORRINGTON MUNICIPAL AIRPORT, WY US",4/24/2001,5.59,0,47.00,64.00,30.00,,,,,,,,,,,,,
USW00094053,"TORRINGTON MUNICIPAL AIRPORT, WY US",4/25/2001,5.14,0,54.00,72.00,35.00,,,,,,,,,,,,,
USW00094053,"TORRINGTON MUNICIPAL AIRPORT, WY US",4/26/2001,5.14,0,57.00,76.00,38.00,,,,,,,,,,,,,
USW00094053,"TORRINGTON MUNICIPAL AIRPORT, WY US",4/27/2001,10.96,0,63.00,82.00,43.00,,,,,,,,,,,,,
USW00094053,"TORRINGTON MUNICIPAL AIRPORT, WY US",4/28/2001,7.38,0.01,62.00,80.00,43.00,,,,,,,,,,,,,
USW00094053,"TORRINGTON MUNICIPAL AIRPORT, WY US",4/29/2001,8.28,0.07,62.00,78.00,45.00,,,,,,,,,,,,,
USW00094053,"TORRINGTON MUNICIPAL AIRPORT, WY US",4/30/2001,10.96,0,59.00,74.00,43.00,,,,,,,,,,,,,
USW00094053,"TORRINGTON MUNICIPAL AIRPORT, WY US",5/1/2001,14.32,0,56.00,71.00,40.00,,,,,,,,,,,,,
USW00094053,"TORRINGTON MUNICIPAL AIRPORT, WY US",5/2/2001,8.05,0.43,39.00,46.00,32.00,,,,,,,,,,,,,
USW00094053,"TORRINGTON MUNICIPAL AIRPORT, WY US",5/3/2001,8.5,0.41,39.00,44.00,33.00,,,,,,,,,,,,,
USW00094053,"TORRINGTON MUNICIPAL AIRPORT, WY US",5/4/2001,8.95,0.02,44.00,47.00,41.00,,,,,,,,,,,,,
USW00094053,"TORRINGTON MUNICIPAL AIRPORT, WY US",5/5/2001,11.18,0.77,46.00,51.00,41.00,,,,,,,,,,,,,
USW00094053,"TORRINGTON MUNICIPAL AIRPORT, WY US",5/6/2001,13.87,0.01,49.00,58.00,39.00,,,,,,,,,,,,,
USW00094053,"TORRINGTON MUNICIPAL AIRPORT, WY US",5/7/2001,5.82,0,49.00,66.00,32.00,,,,,,,,,,,,,
USW00094053,"TORRINGTON MUNICIPAL AIRPORT, WY US",5/8/2001,5.59,0,56.00,76.00,36.00,,,,,,,,,,,,,
USW00094053,"TORRINGTON MUNICIPAL AIRPORT, WY US",5/9/2001,10.51,0,64.00,76.00,51.00,,,,,,,,,,,,,
USW00094053,"TORRINGTON MUNICIPAL AIRPORT, WY US",5/10/2001,10.29,0,58.00,71.00,44.00,,,,,,,,,,,,,
USW00094053,"TORRINGTON MUNICIPAL AIRPORT, WY US",5/11/2001,7.61,0,61.00,73.00,48.00,,,,,,,,,,,,,
USW00094053,"TORRINGTON MUNICIPAL AIRPORT, WY US",5/12/2001,6.71,0,65.00,84.00,46.00,,,,,,,,,,,,,
USW00094053,"TORRINGTON MUNICIPAL AIRPORT, WY US",5/13/2001,4.25,0,68.00,90.00,46.00,,,,,,,,,,,,,
USW00094053,"TORRINGTON MUNICIPAL AIRPORT, WY US",5/14/2001,11.18,0,68.00,85.00,51.00,,,,,,,,,,,,,
USW00094053,"TORRINGTON MUNICIPAL AIRPORT, WY US",5/15/2001,15.21,0,69.00,84.00,54.00,,,,,,,,,,,,,
USW00094053,"TORRINGTON MUNICIPAL AIRPORT, WY US",5/16/2001,12.53,0,65.00,77.00,52.00,,,,,,,,,,,,,
USW00094053,"TORRINGTON MUNICIPAL AIRPORT, WY US",5/17/2001,10.29,0,58.00,68.00,47.00,,,,,,,,,,,,,
USW00094053,"TORRINGTON MUNICIPAL AIRPORT, WY US",5/18/2001,7.83,0,61.00,81.00,41.00,,,,,,,,,,,,,
USW00094053,"TORRINGTON MUNICIPAL AIRPORT, WY US",5/19/2001,10.96,0,63.00,72.00,53.00,,,,,,,,,,,,,
USW00094053,"TORRINGTON MUNICIPAL AIRPORT, WY US",5/20/2001,14.99,0.13,48.00,62.00,33.00,,,,,,,,,,,,,
USW00094053,"TORRINGTON MUNICIPAL AIRPORT, WY US",5/21/2001,17,0,47.00,58.00,35.00,,,,,,,,,,,,,
USW00094053,"TORRINGTON MUNICIPAL AIRPORT, WY US",5/22/2001,14.99,0,54.00,68.00,39.00,,,,,,,,,,,,,
USW00094053,"TORRINGTON MUNICIPAL AIRPORT, WY US",5/23/2001,17,0,56.00,75.00,37.00,,,,,,,,,,,,,
USW00094053,"TORRINGTON MUNICIPAL AIRPORT, WY US",5/24/2001,13.42,0,54.00,73.00,35.00,,,,,,,,,,,,,
USW00094053,"TORRINGTON MUNICIPAL AIRPORT, WY US",5/25/2001,5.37,0,52.00,71.00,33.00,,,,,,,,,,,,,
USW00094053,"TORRINGTON MUNICIPAL AIRPORT, WY US",5/26/2001,7.61,0,64.00,81.00,46.00,,,,,,,,,,,,,
USW00094053,"TORRINGTON MUNICIPAL AIRPORT, WY US",5/27/2001,6.93,0.04,63.00,72.00,53.00,,,,,,,,,,,,,
USW00094053,"TORRINGTON MUNICIPAL AIRPORT, WY US",5/28/2001,11.41,0.01,62.00,79.00,44.00,,,,,,,,,,,,,
USW00094053,"TORRINGTON MUNICIPAL AIRPORT, WY US",5/29/2001,7.61,0.03,66.00,79.00,53.00,,,,,,,,,,,,,
USW00094053,"TORRINGTON MUNICIPAL AIRPORT, WY US",5/30/2001,11.41,0.01,58.00,71.00,45.00,,,,,,,,,,,,,
USW00094053,"TORRINGTON MUNICIPAL AIRPORT, WY US",5/31/2001,9.84,0,61.00,78.00,44.00,,,,,,,,,,,,,
USW00094053,"TORRINGTON MUNICIPAL AIRPORT, WY US",6/1/2001,12.3,0,64.00,82.00,45.00,,,,,,,,,,,,,
USW00094053,"TORRINGTON MUNICIPAL AIRPORT, WY US",6/2/2001,16.33,0.03,63.00,86.00,40.00,,,,,,,,,,,,,
USW00094053,"TORRINGTON MUNICIPAL AIRPORT, WY US",6/3/2001,15.66,0.01,55.00,59.00,50.00,,,,,,,,,,,,,
USW00094053,"TORRINGTON MUNICIPAL AIRPORT, WY US",6/4/2001,10.29,0.59,50.00,57.00,42.00,,,,,,,,,,,,,
USW00094053,"TORRINGTON MUNICIPAL AIRPORT, WY US",6/5/2001,9.4,0,57.00,75.00,38.00,,,,,,,,,,,,,
USW00094053,"TORRINGTON MUNICIPAL AIRPORT, WY US",6/6/2001,9.62,0,66.00,81.00,51.00,,,,,,,,,,,,,
USW00094053,"TORRINGTON MUNICIPAL AIRPORT, WY US",6/7/2001,10.96,0.05,63.00,72.00,53.00,,,,,,,,,,,,,
USW00094053,"TORRINGTON MUNICIPAL AIRPORT, WY US",6/8/2001,9.84,0,69.00,86.00,51.00,,,,,,,,,,,,,
USW00094053,"TORRINGTON MUNICIPAL AIRPORT, WY US",6/9/2001,9.62,0,77.00,97.00,56.00,,,,,,,,,,,,,
USW00094053,"TORRINGTON MUNICIPAL AIRPORT, WY US",6/10/2001,8.72,0,71.00,93.00,49.00,,,,,,,,,,,,,
USW00094053,"TORRINGTON MUNICIPAL AIRPORT, WY US",6/11/2001,10.29,0,70.00,83.00,56.00,,,,,,,,,,,,,
USW00094053,"TORRINGTON MUNICIPAL AIRPORT, WY US",6/12/2001,13.42,0,73.00,91.00,54.00,,,,,,,,,,,,,
USW00094053,"TORRINGTON MUNICIPAL AIRPORT, WY US",6/13/2001,11.63,0,57.00,69.00,44.00,,,,,,,,,,,,,
USW00094053,"TORRINGTON MUNICIPAL AIRPORT, WY US",6/14/2001,15.43,0,54.00,69.00,38.00,,,,,,,,,,,,,
USW00094053,"TORRINGTON MUNICIPAL AIRPORT, WY US",6/15/2001,7.61,0,57.00,80.00,34.00,,,,,,,,,,,,,
USW00094053,"TORRINGTON MUNICIPAL AIRPORT, WY US",6/16/2001,8.5,0,64.00,87.00,41.00,,,,,,,,,,,,,
USW00094053,"TORRINGTON MUNICIPAL AIRPORT, WY US",6/17/2001,9.4,0,73.00,95.00,51.00,,,,,,,,,,,,,
USW00094053,"TORRINGTON MUNICIPAL AIRPORT, WY US",6/18/2001,11.41,0,64.00,78.00,49.00,,,,,,,,,,,,,
USW00094053,"TORRINGTON MUNICIPAL AIRPORT, WY US",6/19/2001,8.95,0,60.00,72.00,48.00,,,,,,,,,,,,,
USW00094053,"TORRINGTON MUNICIPAL AIRPORT, WY US",6/20/2001,9.17,0,58.00,70.00,46.00,,,,,,,,,,,,,
USW00094053,"TORRINGTON MUNICIPAL AIRPORT, WY US",6/21/2001,6.04,0,64.00,84.00,43.00,,,,,,,,,,,,,
USW00094053,"TORRINGTON MUNICIPAL AIRPORT, WY US",6/22/2001,7.61,0,72.00,94.00,50.00,,,,,,,,,,,,,
USW00094053,"TORRINGTON MUNICIPAL AIRPORT, WY US",6/23/2001,6.26,,,,,,,,,,,,,,,,,
USW00094053,"TORRINGTON MUNICIPAL AIRPORT, WY US",6/24/2001,6.04,0.01,76.00,101.00,51.00,,,,,,,,,,,,,
USW00094053,"TORRINGTON MUNICIPAL AIRPORT, WY US",6/25/2001,5.82,0.01,80.00,100.00,60.00,,,,,,,,,,,,,
USW00094053,"TORRINGTON MUNICIPAL AIRPORT, WY US",6/26/2001,12.3,0,77.00,89.00,64.00,,,,,,,,,,,,,
USW00094053,"TORRINGTON MUNICIPAL AIRPORT, WY US",6/27/2001,6.49,0,76.00,91.00,61.00,,,,,,,,,,,,,
USW00094053,"TORRINGTON MUNICIPAL AIRPORT, WY US",6/28/2001,6.04,0,78.00,100.00,56.00,,,,,,,,,,,,,
USW00094053,"TORRINGTON MUNICIPAL AIRPORT, WY US",6/29/2001,11.18,0,76.00,94.00,57.00,,,,,,,,,,,,,
USW00094053,"TORRINGTON MUNICIPAL AIRPORT, WY US",6/30/2001,9.84,0,78.00,96.00,60.00,,,,,,,,,,,,,
USW00094053,"TORRINGTON MUNICIPAL AIRPORT, WY US",7/1/2001,13.2,0,77.00,93.00,61.00,,,,,,,,,,,,,
USW00094053,"TORRINGTON MUNICIPAL AIRPORT, WY US",7/2/2001,10.07,0,80.00,101.00,59.00,,,,,,,,,,,,,
USW00094053,"TORRINGTON MUNICIPAL AIRPORT, WY US",7/3/2001,11.86,0,75.00,89.00,61.00,,,,,,,,,,,,,
USW00094053,"TORRINGTON MUNICIPAL AIRPORT, WY US",7/4/2001,9.4,0.14,79.00,96.00,61.00,,,,,,,,,,,,,
USW00094053,"TORRINGTON MUNICIPAL AIRPORT, WY US",7/5/2001,12.08,0,80.00,97.00,62.00,,,,,,,,,,,,,
USW00094053,"TORRINGTON MUNICIPAL AIRPORT, WY US",7/6/2001,9.4,0.04,81.00,98.00,64.00,,,,,,,,,,,,,
USW00094053,"TORRINGTON MUNICIPAL AIRPORT, WY US",7/7/2001,7.61,0.06,,,,,,,,,,,,,,,,
USW00094053,"TORRINGTON MUNICIPAL AIRPORT, WY US",7/8/2001,6.93,0,78.00,92.00,64.00,,,,,,,,,,,,,
USW00094053,"TORRINGTON MUNICIPAL AIRPORT, WY US",7/9/2001,11.18,1.68,79.00,94.00,63.00,,,,,,,,,,,,,
USW00094053,"TORRINGTON MUNICIPAL AIRPORT, WY US",7/10/2001,11.86,0.79,74.00,85.00,62.00,,,,,,,,,,,,,
USW00094053,"TORRINGTON MUNICIPAL AIRPORT, WY US",7/11/2001,5.82,0.1,75.00,89.00,60.00,,,,,,,,,,,,,
USW00094053,"TORRINGTON MUNICIPAL AIRPORT, WY US",7/12/2001,6.26,0,77.00,92.00,62.00,,,,,,,,,,,,,
USW00094053,"TORRINGTON MUNICIPAL AIRPORT, WY US",7/13/2001,6.04,0,76.00,90.00,61.00,,,,,,,,,,,,,
USW00094053,"TORRINGTON MUNICIPAL AIRPORT, WY US",7/14/2001,9.4,0,75.00,89.00,61.00,,,,,,,,,,,,,
USW00094053,"TORRINGTON MUNICIPAL AIRPORT, WY US",7/15/2001,8.05,0,75.00,90.00,59.00,,,,,,,,,,,,,
USW00094053,"TORRINGTON MUNICIPAL AIRPORT, WY US",7/16/2001,7.16,0,75.00,95.00,55.00,,,,,,,,,,,,,
USW00094053,"TORRINGTON MUNICIPAL AIRPORT, WY US",7/17/2001,6.71,0,76.00,97.00,54.00,,,,,,,,,,,,,
USW00094053,"TORRINGTON MUNICIPAL AIRPORT, WY US",7/18/2001,5.82,0,75.00,96.00,53.00,,,,,,,,,,,,,
USW00094053,"TORRINGTON MUNICIPAL AIRPORT, WY US",7/19/2001,8.05,0,77.00,97.00,57.00,,,,,,,,,,,,,
USW00094053,"TORRINGTON MUNICIPAL AIRPORT, WY US",7/20/2001,7.61,0,81.00,98.00,63.00,,,,,,,,,,,,,
USW00094053,"TORRINGTON MUNICIPAL AIRPORT, WY US",7/21/2001,6.71,0,81.00,101.00,61.00,,,,,,,,,,,,,
USW00094053,"TORRINGTON MUNICIPAL AIRPORT, WY US",7/22/2001,9.17,0,,,,,,,,,,,,,,,,
USW00094053,"TORRINGTON MUNICIPAL AIRPORT, WY US",7/23/2001,9.4,0,75.00,87.00,63.00,,,,,,,,,,,,,
USW00094053,"TORRINGTON MUNICIPAL AIRPORT, WY US",7/24/2001,8.05,0,74.00,88.00,60.00,,,,,,,,,,,,,
USW00094053,"TORRINGTON MUNICIPAL AIRPORT, WY US",7/25/2001,9.84,0,77.00,96.00,57.00,,,,,,,,,,,,,
USW00094053,"TORRINGTON MUNICIPAL AIRPORT, WY US",7/26/2001,10.07,0.37,72.00,82.00,62.00,,,,,,,,,,,,,
USW00094053,"TORRINGTON MUNICIPAL AIRPORT, WY US",7/27/2001,7.61,0,73.00,87.00,58.00,,,,,,,,,,,,,
USW00094053,"TORRINGTON MUNICIPAL AIRPORT, WY US",7/28/2001,7.61,0,79.00,97.00,60.00,,,,,,,,,,,,,
USW00094053,"TORRINGTON MUNICIPAL AIRPORT, WY US",7/29/2001,9.17,0,77.00,96.00,57.00,,,,,,,,,,,,,
USW00094053,"TORRINGTON MUNICIPAL AIRPORT, WY US",7/30/2001,9.84,0.16,82.00,99.00,64.00,,,,,,,,,,,,,
USW00094053,"TORRINGTON MUNICIPAL AIRPORT, WY US",7/31/2001,8.05,0,79.00,93.00,65.00,,,,,,,,,,,,,
USW00094053,"TORRINGTON MUNICIPAL AIRPORT, WY US",8/1/2001,9.62,0,72.00,85.00,59.00,,,,,,,,,,,,,
USW00094053,"TORRINGTON MUNICIPAL AIRPORT, WY US",8/2/2001,10.29,0,78.00,94.00,61.00,,,,,,,,,,,,,
USW00094053,"TORRINGTON MUNICIPAL AIRPORT, WY US",8/3/2001,8.5,0,78.00,96.00,59.00,,,,,,,,,,,,,
USW00094053,"TORRINGTON MUNICIPAL AIRPORT, WY US",8/4/2001,6.04,0,79.00,96.00,61.00,,,,,,,,,,,,,
USW00094053,"TORRINGTON MUNICIPAL AIRPORT, WY US",8/5/2001,6.93,0,82.00,101.00,62.00,,,,,,,,,,,,,
USW00094053,"TORRINGTON MUNICIPAL AIRPORT, WY US",8/6/2001,8.28,0,82.00,98.00,65.00,,,,,,,,,,,,,
USW00094053,"TORRINGTON MUNICIPAL AIRPORT, WY US",8/7/2001,9.84,0,80.00,98.00,62.00,,,,,,,,,,,,,
USW00094053,"TORRINGTON MUNICIPAL AIRPORT, WY US",8/8/2001,8.72,0.2,80.00,96.00,64.00,,,,,,,,,,,,,
USW00094053,"TORRINGTON MUNICIPAL AIRPORT, WY US",8/9/2001,8.28,0,62.00,71.00,53.00,,,,,,,,,,,,,
USW00094053,"TORRINGTON MUNICIPAL AIRPORT, WY US",8/10/2001,10.74,0,66.00,80.00,51.00,,,,,,,,,,,,,
USW00094053,"TORRINGTON MUNICIPAL AIRPORT, WY US",8/11/2001,6.71,0.03,72.00,90.00,53.00,,,,,,,,,,,,,
USW00094053,"TORRINGTON MUNICIPAL AIRPORT, WY US",8/12/2001,10.74,0.01,72.00,85.00,58.00,,,,,,,,,,,,,
USW00094053,"TORRINGTON MUNICIPAL AIRPORT, WY US",8/13/2001,10.74,0,72.00,90.00,53.00,,,,,,,,,,,,,
USW00094053,"TORRINGTON MUNICIPAL AIRPORT, WY US",8/14/2001,6.71,0.09,71.00,81.00,60.00,,,,,,,,,,,,,
USW00094053,"TORRINGTON MUNICIPAL AIRPORT, WY US",8/15/2001,9.84,0,69.00,85.00,53.00,,,,,,,,,,,,,
USW00094053,"TORRINGTON MUNICIPAL AIRPORT, WY US",8/16/2001,5.37,0,65.00,84.00,46.00,,,,,,,,,,,,,
USW00094053,"TORRINGTON MUNICIPAL AIRPORT, WY US",8/17/2001,7.38,0,69.00,88.00,49.00,,,,,,,,,,,,,
USW00094053,"TORRINGTON MUNICIPAL AIRPORT, WY US",8/18/2001,7.38,0,70.00,91.00,48.00,,,,,,,,,,,,,
USW00094053,"TORRINGTON MUNICIPAL AIRPORT, WY US",8/19/2001,9.17,0,75.00,98.00,52.00,,,,,,,,,,,,,
USW00094053,"TORRINGTON MUNICIPAL AIRPORT, WY US",8/20/2001,6.71,0,75.00,92.00,58.00,,,,,,,,,,,,,
USW00094053,"TORRINGTON MUNICIPAL AIRPORT, WY US",8/21/2001,8.28,0,76.00,93.00,58.00,,,,,,,,,,,,,
USW00094053,"TORRINGTON MUNICIPAL AIRPORT, WY US",8/22/2001,10.07,0,75.00,93.00,56.00,,,,,,,,,,,,,
USW00094053,"TORRINGTON MUNICIPAL AIRPORT, WY US",8/23/2001,8.28,0,72.00,84.00,59.00,,,,,,,,,,,,,
USW00094053,"TORRINGTON MUNICIPAL AIRPORT, WY US",8/24/2001,7.16,0,72.00,91.00,52.00,,,,,,,,,,,,,
USW00094053,"TORRINGTON MUNICIPAL AIRPORT, WY US",8/25/2001,9.62,0,75.00,94.00,56.00,,,,,,,,,,,,,
USW00094053,"TORRINGTON MUNICIPAL AIRPORT, WY US",8/26/2001,9.4,0,77.00,97.00,57.00,,,,,,,,,,,,,
USW00094053,"TORRINGTON MUNICIPAL AIRPORT, WY US",8/27/2001,7.83,0,76.00,95.00,56.00,,,,,,,,,,,,,
USW00094053,"TORRINGTON MUNICIPAL AIRPORT, WY US",8/28/2001,6.49,0,79.00,92.00,65.00,,,,,,,,,,,,,
USW00094053,"TORRINGTON MUNICIPAL AIRPORT, WY US",8/29/2001,9.17,0,69.00,89.00,49.00,,,,,,,,,,,,,
USW00094053,"TORRINGTON MUNICIPAL AIRPORT, WY US",8/30/2001,9.4,0,66.00,83.00,49.00,,,,,,,,,,,,,
USW00094053,"TORRINGTON MUNICIPAL AIRPORT, WY US",8/31/2001,10.51,0,72.00,89.00,54.00,,,,,,,,,,,,,
USW00094053,"TORRINGTON MUNICIPAL AIRPORT, WY US",9/1/2001,5.14,0,72.00,93.00,50.00,,,,,,,,,,,,,
USW00094053,"TORRINGTON MUNICIPAL AIRPORT, WY US",9/2/2001,8.5,0,74.00,97.00,50.00,,,,,,,,,,,,,
USW00094053,"TORRINGTON MUNICIPAL AIRPORT, WY US",9/3/2001,6.04,0,73.00,94.00,52.00,,,,,,,,,,,,,
USW00094053,"TORRINGTON MUNICIPAL AIRPORT, WY US",9/4/2001,10.29,0,80.00,99.00,61.00,,,,,,,,,,,,,
USW00094053,"TORRINGTON MUNICIPAL AIRPORT, WY US",9/5/2001,13.87,0,77.00,94.00,59.00,,,,,,,,,,,,,
USW00094053,"TORRINGTON MUNICIPAL AIRPORT, WY US",9/6/2001,8.05,0,69.00,85.00,52.00,,,,,,,,,,,,,
USW00094053,"TORRINGTON MUNICIPAL AIRPORT, WY US",9/7/2001,11.18,0.22,56.00,69.00,43.00,,,,,,,,,,,,,
USW00094053,"TORRINGTON MUNICIPAL AIRPORT, WY US",9/8/2001,12.53,0,48.00,59.00,36.00,,,,,,,,,,,,,
USW00094053,"TORRINGTON MUNICIPAL AIRPORT, WY US",9/9/2001,7.16,0,53.00,74.00,31.00,,,,,,,,,,,,,
USW00094053,"TORRINGTON MUNICIPAL AIRPORT, WY US",9/10/2001,6.49,0,65.00,90.00,40.00,,,,,,,,,,,,,
USW00094053,"TORRINGTON MUNICIPAL AIRPORT, WY US",9/11/2001,8.05,0,66.00,91.00,41.00,,,,,,,,,,,,,
USW00094053,"TORRINGTON MUNICIPAL AIRPORT, WY US",9/12/2001,12.97,0,64.00,83.00,45.00,,,,,,,,,,,,,
USW00094053,"TORRINGTON MUNICIPAL AIRPORT, WY US",9/13/2001,12.75,0,67.00,76.00,57.00,,,,,,,,,,,,,
USW00094053,"TORRINGTON MUNICIPAL AIRPORT, WY US",9/14/2001,8.05,0.28,64.00,76.00,52.00,,,,,,,,,,,,,
USW00094053,"TORRINGTON MUNICIPAL AIRPORT, WY US",9/15/2001,5.82,0.34,56.00,63.00,49.00,,,,,,,,,,,,,
USW00094053,"TORRINGTON MUNICIPAL AIRPORT, WY US",9/16/2001,7.61,0.03,64.00,77.00,50.00,,,,,,,,,,,,,
USW00094053,"TORRINGTON MUNICIPAL AIRPORT, WY US",9/17/2001,4.92,0.86,57.00,65.00,48.00,,,,,,,,,,,,,
USW00094053,"TORRINGTON MUNICIPAL AIRPORT, WY US",9/18/2001,3.8,0.01,62.00,74.00,49.00,,,,,,,,,,,,,
USW00094053,"TORRINGTON MUNICIPAL AIRPORT, WY US",9/19/2001,5.59,0.01,63.00,83.00,43.00,,,,,,,,,,,,,
USW00094053,"TORRINGTON MUNICIPAL AIRPORT, WY US",9/20/2001,5.59,0,62.00,76.00,47.00,,,,,,,,,,,,,
USW00094053,"TORRINGTON MUNICIPAL AIRPORT, WY US",9/21/2001,7.61,0,66.00,86.00,46.00,,,,,,,,,,,,,
USW00094053,"TORRINGTON MUNICIPAL AIRPORT, WY US",9/22/2001,10.51,0,62.00,79.00,45.00,,,,,,,,,,,,,
USW00094053,"TORRINGTON MUNICIPAL AIRPORT, WY US",9/23/2001,10.29,0,52.00,66.00,38.00,,,,,,,,,,,,,
USW00094053,"TORRINGTON MUNICIPAL AIRPORT, WY US",9/24/2001,9.4,0,59.00,77.00,40.00,,,,,,,,,,,,,
USW00094053,"TORRINGTON MUNICIPAL AIRPORT, WY US",9/25/2001,6.93,0,62.00,82.00,42.00,,,,,,,,,,,,,
USW00094053,"TORRINGTON MUNICIPAL AIRPORT, WY US",9/26/2001,5.82,0,67.00,90.00,43.00,,,,,,,,,,,,,
USW00094053,"TORRINGTON MUNICIPAL AIRPORT, WY US",9/27/2001,5.59,0,68.00,90.00,46.00,,,,,,,,,,,,,
USW00094053,"TORRINGTON MUNICIPAL AIRPORT, WY US",9/28/2001,12.08,0,68.00,86.00,50.00,,,,,,,,,,,,,
USW00094053,"TORRINGTON MUNICIPAL AIRPORT, WY US",9/29/2001,8.72,,,,,,,,,,,,,,,,,
USW00094053,"TORRINGTON MUNICIPAL AIRPORT, WY US",9/30/2001,6.71,0,63.00,75.00,50.00,,,,,,,,,,,,,
USW00094053,"TORRINGTON MUNICIPAL AIRPORT, WY US",10/1/2001,4.25,0,64.00,83.00,44.00,,,,,,,,,,,,,
USW00094053,"TORRINGTON MUNICIPAL AIRPORT, WY US",10/2/2001,9.84,0,61.00,80.00,41.00,,,,,,,,,,,,,
USW00094053,"TORRINGTON MUNICIPAL AIRPORT, WY US",10/3/2001,7.83,0,52.00,70.00,33.00,,,,,,,,,,,,,
USW00094053,"TORRINGTON MUNICIPAL AIRPORT, WY US",10/4/2001,10.96,0.4,41.00,49.00,32.00,,,,,,,,,,,,,
USW00094053,"TORRINGTON MUNICIPAL AIRPORT, WY US",10/5/2001,5.37,0.01,39.00,48.00,29.00,,,,,,,,,,,,,
USW00094053,"TORRINGTON MUNICIPAL AIRPORT, WY US",10/6/2001,5.14,0,48.00,69.00,26.00,,,,,,,,,,,,,
USW00094053,"TORRINGTON MUNICIPAL AIRPORT, WY US",10/7/2001,9.4,0,57.00,79.00,35.00,,,,,,,,,,,,,
USW00094053,"TORRINGTON MUNICIPAL AIRPORT, WY US",10/8/2001,6.93,0,61.00,76.00,46.00,,,,,,,,,,,,,
USW00094053,"TORRINGTON MUNICIPAL AIRPORT, WY US",10/9/2001,11.63,0.48,51.00,60.00,41.00,,,,,,,,,,,,,
USW00094053,"TORRINGTON MUNICIPAL AIRPORT, WY US",10/10/2001,9.4,0.02,46.00,55.00,36.00,,,,,,,,,,,,,
USW00094053,"TORRINGTON MUNICIPAL AIRPORT, WY US",10/11/2001,12.53,0,49.00,61.00,36.00,,,,,,,,,,,,,
USW00094053,"TORRINGTON MUNICIPAL AIRPORT, WY US",10/12/2001,13.2,0,45.00,52.00,38.00,,,,,,,,,,,,,
USW00094053,"TORRINGTON MUNICIPAL AIRPORT, WY US",10/13/2001,15.43,0,47.00,55.00,39.00,,,,,,,,,,,,,
USW00094053,"TORRINGTON MUNICIPAL AIRPORT, WY US",10/14/2001,8.95,0.2,42.00,51.00,33.00,,,,,,,,,,,,,
USW00094053,"TORRINGTON MUNICIPAL AIRPORT, WY US",10/15/2001,8.95,0.01,39.00,51.00,26.00,,,,,,,,,,,,,
USW00094053,"TORRINGTON MUNICIPAL AIRPORT, WY US",10/16/2001,4.03,0,47.00,70.00,23.00,,,,,,,,,,,,,
USW00094053,"TORRINGTON MUNICIPAL AIRPORT, WY US",10/17/2001,7.61,0,56.00,80.00,31.00,,,,,,,,,,,,,
USW00094053,"TORRINGTON MUNICIPAL AIRPORT, WY US",10/18/2001,6.71,0,41.00,51.00,30.00,,,,,,,,,,,,,
USW00094053,"TORRINGTON MUNICIPAL AIRPORT, WY US",10/19/2001,5.37,0,46.00,62.00,30.00,,,,,,,,,,,,,
USW00094053,"TORRINGTON MUNICIPAL AIRPORT, WY US",10/20/2001,9.17,0,46.00,58.00,33.00,,,,,,,,,,,,,
USW00094053,"TORRINGTON MUNICIPAL AIRPORT, WY US",10/21/2001,8.05,0,47.00,63.00,31.00,,,,,,,,,,,,,
USW00094053,"TORRINGTON MUNICIPAL AIRPORT, WY US",10/22/2001,8.5,0,54.00,69.00,39.00,,,,,,,,,,,,,
USW00094053,"TORRINGTON MUNICIPAL AIRPORT, WY US",10/23/2001,15.88,0,51.00,70.00,31.00,,,,,,,,,,,,,
USW00094053,"TORRINGTON MUNICIPAL AIRPORT, WY US",10/24/2001,13.2,0,41.00,53.00,28.00,,,,,,,,,,,,,
USW00094053,"TORRINGTON MUNICIPAL AIRPORT, WY US",10/25/2001,6.93,0,38.00,56.00,20.00,,,,,,,,,,,,,
USW00094053,"TORRINGTON MUNICIPAL AIRPORT, WY US",10/26/2001,7.83,0,40.00,61.00,19.00,,,,,,,,,,,,,
USW00094053,"TORRINGTON MUNICIPAL AIRPORT, WY US",10/27/2001,6.04,0,51.00,78.00,24.00,,,,,,,,,,,,,
USW00094053,"TORRINGTON MUNICIPAL AIRPORT, WY US",10/28/2001,9.17,0,58.00,78.00,37.00,,,,,,,,,,,,,
USW00094053,"TORRINGTON MUNICIPAL AIRPORT, WY US",10/29/2001,10.07,0,40.00,47.00,32.00,,,,,,,,,,,,,
USW00094053,"TORRINGTON MUNICIPAL AIRPORT, WY US",10/30/2001,4.25,0,53.00,75.00,31.00,,,,,,,,,,,,,
USW00094053,"TORRINGTON MUNICIPAL AIRPORT, WY US",10/31/2001,14.54,0,56.00,68.00,44.00,,,,,,,,,,,,,
USW00094053,"TORRINGTON MUNICIPAL AIRPORT, WY US",11/1/2001,13.65,0,47.00,64.00,30.00,,,,,,,,,,,,,
USW00094053,"TORRINGTON MUNICIPAL AIRPORT, WY US",11/2/2001,6.71,0,47.00,64.00,30.00,,,,,,,,,,,,,
USW00094053,"TORRINGTON MUNICIPAL AIRPORT, WY US",11/3/2001,5.37,0,47.00,65.00,28.00,,,,,,,,,,,,,
USW00094053,"TORRINGTON MUNICIPAL AIRPORT, WY US",11/4/2001,5.14,0,48.00,71.00,25.00,,,,,,,,,,,,,
USW00094053,"TORRINGTON MUNICIPAL AIRPORT, WY US",11/5/2001,3.8,0,52.00,78.00,26.00,,,,,,,,,,,,,
USW00094053,"TORRINGTON MUNICIPAL AIRPORT, WY US",11/6/2001,5.37,0,52.00,72.00,32.00,,,,,,,,,,,,,
USW00094053,"TORRINGTON MUNICIPAL AIRPORT, WY US",11/7/2001,11.86,0,47.00,61.00,33.00,,,,,,,,,,,,,
USW00094053,"TORRINGTON MUNICIPAL AIRPORT, WY US",11/8/2001,5.14,0,37.00,55.00,18.00,,,,,,,,,,,,,
USW00094053,"TORRINGTON MUNICIPAL AIRPORT, WY US",11/9/2001,4.7,0,42.00,69.00,14.00,,,,,,,,,,,,,
USW00094053,"TORRINGTON MUNICIPAL AIRPORT, WY US",11/10/2001,5.14,0,41.00,64.00,17.00,,,,,,,,,,,,,
USW00094053,"TORRINGTON MUNICIPAL AIRPORT, WY US",11/11/2001,5.37,0,42.00,66.00,17.00,,,,,,,,,,,,,
USW00094053,"TORRINGTON MUNICIPAL AIRPORT, WY US",11/12/2001,5.14,0,48.00,65.00,31.00,,,,,,,,,,,,,
USW00094053,"TORRINGTON MUNICIPAL AIRPORT, WY US",11/13/2001,3.58,0,46.00,66.00,26.00,,,,,,,,,,,,,
USW00094053,"TORRINGTON MUNICIPAL AIRPORT, WY US",11/14/2001,6.04,0,48.00,67.00,28.00,,,,,,,,,,,,,
USW00094053,"TORRINGTON MUNICIPAL AIRPORT, WY US",11/15/2001,4.7,0,46.00,65.00,26.00,,,,,,,,,,,,,
USW00094053,"TORRINGTON MUNICIPAL AIRPORT, WY US",11/16/2001,4.7,0,46.00,67.00,24.00,,,,,,,,,,,,,
USW00094053,"TORRINGTON MUNICIPAL AIRPORT, WY US",11/17/2001,4.25,0,45.00,66.00,24.00,,,,,,,,,,,,,
USW00094053,"TORRINGTON MUNICIPAL AIRPORT, WY US",11/18/2001,10.07,0.02,32.00,45.00,18.00,,,,,,,,,,,,,
USW00094053,"TORRINGTON MUNICIPAL AIRPORT, WY US",11/19/2001,2.91,0,27.00,46.00,8.00,,,,,,,,,,,,,
USW00094053,"TORRINGTON MUNICIPAL AIRPORT, WY US",11/20/2001,6.04,0,40.00,65.00,15.00,,,,,,,,,,,,,
USW00094053,"TORRINGTON MUNICIPAL AIRPORT, WY US",11/21/2001,9.17,0,40.00,59.00,21.00,,,,,,,,,,,,,
USW00094053,"TORRINGTON MUNICIPAL AIRPORT, WY US",11/22/2001,5.59,0,42.00,54.00,29.00,,,,,,,,,,,,,
USW00094053,"TORRINGTON MUNICIPAL AIRPORT, WY US",11/23/2001,13.65,0,41.00,48.00,34.00,,,,,,,,,,,,,
USW00094053,"TORRINGTON MUNICIPAL AIRPORT, WY US",11/24/2001,12.3,0,35.00,45.00,24.00,,,,,,,,,,,,,
USW00094053,"TORRINGTON MUNICIPAL AIRPORT, WY US",11/25/2001,13.2,0.1,31.00,36.00,26.00,,,,,,,,,,,,,
USW00094053,"TORRINGTON MUNICIPAL AIRPORT, WY US",11/26/2001,11.63,0,17.00,26.00,7.00,,,,,,,,,,,,,
USW00094053,"TORRINGTON MUNICIPAL AIRPORT, WY US",11/27/2001,6.04,0,14.00,18.00,9.00,,,,,,,,,,,,,
USW00094053,"TORRINGTON MUNICIPAL AIRPORT, WY US",11/28/2001,4.25,0,9.00,18.00,-1.00,,,,,,,,,,,,,
USW00094053,"TORRINGTON MUNICIPAL AIRPORT, WY US",11/29/2001,6.49,0,22.00,31.00,12.00,,,,,,,,,,,,,
USW00094053,"TORRINGTON MUNICIPAL AIRPORT, WY US",11/30/2001,11.86,0.02,30.00,38.00,22.00,,,,,,,,,,,,,
USW00094053,"TORRINGTON MUNICIPAL AIRPORT, WY US",12/1/2001,11.41,0,33.00,41.00,24.00,,,,,,,,,,,,,
USW00094053,"TORRINGTON MUNICIPAL AIRPORT, WY US",12/2/2001,13.65,0,42.00,53.00,30.00,,,,,,,,,,,,,
USW00094053,"TORRINGTON MUNICIPAL AIRPORT, WY US",12/3/2001,6.04,0,42.00,58.00,25.00,,,,,,,,,,,,,
USW00094053,"TORRINGTON MUNICIPAL AIRPORT, WY US",12/4/2001,5.14,0,34.00,45.00,23.00,,,,,,,,,,,,,
USW00094053,"TORRINGTON MUNICIPAL AIRPORT, WY US",12/5/2001,14.54,0,33.00,42.00,24.00,,,,,,,,,,,,,
USW00094053,"TORRINGTON MUNICIPAL AIRPORT, WY US",12/6/2001,18.34,0,39.00,54.00,24.00,,,,,,,,,,,,,
USW00094053,"TORRINGTON MUNICIPAL AIRPORT, WY US",12/7/2001,9.62,0,32.00,41.00,22.00,,,,,,,,,,,,,
USW00094053,"TORRINGTON MUNICIPAL AIRPORT, WY US",12/8/2001,10.96,0,34.00,47.00,21.00,,,,,,,,,,,,,
USW00094053,"TORRINGTON MUNICIPAL AIRPORT, WY US",12/9/2001,7.61,0,39.00,57.00,21.00,,,,,,,,,,,,,
USW00094053,"TORRINGTON MUNICIPAL AIRPORT, WY US",12/10/2001,9.62,0,30.00,41.00,19.00,,,,,,,,,,,,,
USW00094053,"TORRINGTON MUNICIPAL AIRPORT, WY US",12/11/2001,7.38,0,28.00,41.00,15.00,,,,,,,,,,,,,
USW00094053,"TORRINGTON MUNICIPAL AIRPORT, WY US",12/12/2001,5.82,0,23.00,33.00,12.00,,,,,,,,,,,,,
USW00094053,"TORRINGTON MUNICIPAL AIRPORT, WY US",12/13/2001,15.88,0,30.00,40.00,19.00,,,,,,,,,,,,,
USW00094053,"TORRINGTON MUNICIPAL AIRPORT, WY US",12/14/2001,11.41,0,39.00,54.00,24.00,,,,,,,,,,,,,
USW00094053,"TORRINGTON MUNICIPAL AIRPORT, WY US",12/15/2001,10.29,0,30.00,38.00,21.00,,,,,,,,,,,,,
USW00094053,"TORRINGTON MUNICIPAL AIRPORT, WY US",12/16/2001,12.75,0,27.00,43.00,10.00,,,,,,,,,,,,,
USW00094053,"TORRINGTON MUNICIPAL AIRPORT, WY US",12/17/2001,13.87,0,43.00,58.00,28.00,,,,,,,,,,,,,
USW00094053,"TORRINGTON MUNICIPAL AIRPORT, WY US",12/18/2001,8.5,0.01,26.00,40.00,11.00,,,,,,,,,,,,,
USW00094053,"TORRINGTON MUNICIPAL AIRPORT, WY US",12/19/2001,15.21,0,30.00,50.00,9.00,,,,,,,,,,,,,
USW00094053,"TORRINGTON MUNICIPAL AIRPORT, WY US",12/20/2001,8.05,0,31.00,45.00,17.00,,,,,,,,,,,,,
USW00094053,"TORRINGTON MUNICIPAL AIRPORT, WY US",12/21/2001,10.96,0,38.00,55.00,21.00,,,,,,,,,,,,,
USW00094053,"TORRINGTON MUNICIPAL AIRPORT, WY US",12/22/2001,16.78,0,23.00,34.00,11.00,,,,,,,,,,,,,
USW00094053,"TORRINGTON MUNICIPAL AIRPORT, WY US",12/23/2001,7.61,0,24.00,40.00,7.00,,,,,,,,,,,,,
USW00094053,"TORRINGTON MUNICIPAL AIRPORT, WY US",12/24/2001,9.4,0,26.00,38.00,13.00,,,,,,,,,,,,,
USW00094053,"TORRINGTON MUNICIPAL AIRPORT, WY US",12/25/2001,14.32,0,29.00,38.00,19.00,,,,,,,,,,,,,
USW00094053,"TORRINGTON MUNICIPAL AIRPORT, WY US",12/26/2001,12.75,0,38.00,49.00,27.00,,,,,,,,,,,,,
USW00094053,"TORRINGTON MUNICIPAL AIRPORT, WY US",12/27/2001,11.63,0,32.00,44.00,19.00,,,,,,,,,,,,,
USW00094053,"TORRINGTON MUNICIPAL AIRPORT, WY US",12/28/2001,13.42,0,22.00,35.00,9.00,,,,,,,,,,,,,
USW00094053,"TORRINGTON MUNICIPAL AIRPORT, WY US",12/29/2001,5.82,0,14.00,23.00,4.00,,,,,,,,,,,,,
USW00094053,"TORRINGTON MUNICIPAL AIRPORT, WY US",12/30/2001,4.7,0,17.00,27.00,6.00,,,,,,,,,,,,,
USW00094053,"TORRINGTON MUNICIPAL AIRPORT, WY US",12/31/2001,4.47,0,17.00,32.00,1.00,,,,,,,,,,,,,
USW00094053,"TORRINGTON MUNICIPAL AIRPORT, WY US",1/1/2002,5.82,0,13.00,27.00,-1.00,,,,,,,,,,,,,
USW00094053,"TORRINGTON MUNICIPAL AIRPORT, WY US",1/2/2002,3.8,0,15.00,38.00,-9.00,,,,,,,,,,,,,
USW00094053,"TORRINGTON MUNICIPAL AIRPORT, WY US",1/3/2002,10.29,0,32.00,55.00,9.00,,,,,,,,,,,,,
USW00094053,"TORRINGTON MUNICIPAL AIRPORT, WY US",1/4/2002,12.53,0.09,33.00,41.00,24.00,,,,,,,,,,,,,
USW00094053,"TORRINGTON MUNICIPAL AIRPORT, WY US",1/5/2002,9.17,0,30.00,43.00,17.00,,,,,,,,,,,,,
USW00094053,"TORRINGTON MUNICIPAL AIRPORT, WY US",1/6/2002,6.49,0,32.00,44.00,19.00,,,,,,,,,,,,,
USW00094053,"TORRINGTON MUNICIPAL AIRPORT, WY US",1/7/2002,16.11,0,46.00,58.00,33.00,,,,,,,,,,,,,
USW00094053,"TORRINGTON MUNICIPAL AIRPORT, WY US",1/8/2002,16.55,0,52.00,64.00,39.00,,,,,,,,,,,,,
USW00094053,"TORRINGTON MUNICIPAL AIRPORT, WY US",1/9/2002,8.72,0,38.00,46.00,29.00,,,,,,,,,,,,,
USW00094053,"TORRINGTON MUNICIPAL AIRPORT, WY US",1/10/2002,7.16,0,34.00,47.00,20.00,,,,,,,,,,,,,
USW00094053,"TORRINGTON MUNICIPAL AIRPORT, WY US",1/11/2002,12.53,0,35.00,50.00,20.00,,,,,,,,,,,,,
USW00094053,"TORRINGTON MUNICIPAL AIRPORT, WY US",1/12/2002,12.97,0,35.00,55.00,14.00,,,,,,,,,,,,,
USW00094053,"TORRINGTON MUNICIPAL AIRPORT, WY US",1/13/2002,21.7,0,33.00,42.00,23.00,,,,,,,,,,,,,
USW00094053,"TORRINGTON MUNICIPAL AIRPORT, WY US",1/14/2002,8.05,0,27.00,36.00,18.00,,,,,,,,,,,,,
USW00094053,"TORRINGTON MUNICIPAL AIRPORT, WY US",1/15/2002,12.53,0,22.00,31.00,13.00,,,,,,,,,,,,,
USW00094053,"TORRINGTON MUNICIPAL AIRPORT, WY US",1/16/2002,8.05,0,21.00,33.00,8.00,,,,,,,,,,,,,
USW00094053,"TORRINGTON MUNICIPAL AIRPORT, WY US",1/17/2002,9.17,0,19.00,34.00,4.00,,,,,,,,,,,,,
USW00094053,"TORRINGTON MUNICIPAL AIRPORT, WY US",1/18/2002,9.84,0,22.00,35.00,9.00,,,,,,,,,,,,,
USW00094053,"TORRINGTON MUNICIPAL AIRPORT, WY US",1/19/2002,15.66,0,24.00,39.00,9.00,,,,,,,,,,,,,
USW00094053,"TORRINGTON MUNICIPAL AIRPORT, WY US",1/20/2002,19.69,0,30.00,38.00,21.00,,,,,,,,,,,,,
USW00094053,"TORRINGTON MUNICIPAL AIRPORT, WY US",1/21/2002,18.34,0,43.00,55.00,30.00,,,,,,,,,,,,,
USW00094053,"TORRINGTON MUNICIPAL AIRPORT, WY US",1/22/2002,10.51,0,37.00,51.00,22.00,,,,,,,,,,,,,
USW00094053,"TORRINGTON MUNICIPAL AIRPORT, WY US",1/23/2002,11.63,0,26.00,35.00,17.00,,,,,,,,,,,,,
USW00094053,"TORRINGTON MUNICIPAL AIRPORT, WY US",1/24/2002,22.82,0,31.00,42.00,19.00,,,,,,,,,,,,,
USW00094053,"TORRINGTON MUNICIPAL AIRPORT, WY US",1/25/2002,19.91,0,48.00,58.00,38.00,,,,,,,,,,,,,
USW00094053,"TORRINGTON MUNICIPAL AIRPORT, WY US",1/26/2002,7.61,0,47.00,68.00,26.00,,,,,,,,,,,,,
USW00094053,"TORRINGTON MUNICIPAL AIRPORT, WY US",1/27/2002,9.17,0,38.00,62.00,14.00,,,,,,,,,,,,,
USW00094053,"TORRINGTON MUNICIPAL AIRPORT, WY US",1/28/2002,9.4,0,18.00,24.00,12.00,,,,,,,,,,,,,
USW00094053,"TORRINGTON MUNICIPAL AIRPORT, WY US",1/29/2002,6.49,0,18.00,29.00,7.00,,,,,,,,,,,,,
USW00094053,"TORRINGTON MUNICIPAL AIRPORT, WY US",1/30/2002,6.49,0,19.00,31.00,6.00,,,,,,,,,,,,,
USW00094053,"TORRINGTON MUNICIPAL AIRPORT, WY US",1/31/2002,12.3,0,17.00,32.00,1.00,,,,,,,,,,,,,
USW00094053,"TORRINGTON MUNICIPAL AIRPORT, WY US",2/1/2002,13.42,0,32.00,45.00,19.00,,,,,,,,,,,,,
USW00094053,"TORRINGTON MUNICIPAL AIRPORT, WY US",2/2/2002,7.83,0,29.00,43.00,15.00,,,,,,,,,,,,,
USW00094053,"TORRINGTON MUNICIPAL AIRPORT, WY US",2/3/2002,6.04,0,28.00,47.00,8.00,,,,,,,,,,,,,
USW00094053,"TORRINGTON MUNICIPAL AIRPORT, WY US",2/4/2002,11.41,0,25.00,43.00,7.00,,,,,,,,,,,,,
USW00094053,"TORRINGTON MUNICIPAL AIRPORT, WY US",2/5/2002,6.71,0,29.00,46.00,12.00,,,,,,,,,,,,,
USW00094053,"TORRINGTON MUNICIPAL AIRPORT, WY US",2/6/2002,7.61,0,32.00,53.00,10.00,,,,,,,,,,,,,
USW00094053,"TORRINGTON MUNICIPAL AIRPORT, WY US",2/7/2002,12.97,0,35.00,55.00,14.00,,,,,,,,,,,,,
USW00094053,"TORRINGTON MUNICIPAL AIRPORT, WY US",2/8/2002,17.45,0.01,38.00,51.00,25.00,,,,,,,,,,,,,
USW00094053,"TORRINGTON MUNICIPAL AIRPORT, WY US",2/9/2002,25.28,0,26.00,31.00,20.00,,,,,,,,,,,,,
USW00094053,"TORRINGTON MUNICIPAL AIRPORT, WY US",2/10/2002,8.5,0,28.00,47.00,8.00,,,,,,,,,,,,,
USW00094053,"TORRINGTON MUNICIPAL AIRPORT, WY US",2/11/2002,19.24,0,42.00,57.00,26.00,,,,,,,,,,,,,
USW00094053,"TORRINGTON MUNICIPAL AIRPORT, WY US",2/12/2002,6.71,0,28.00,38.00,18.00,,,,,,,,,,,,,
USW00094053,"TORRINGTON MUNICIPAL AIRPORT, WY US",2/13/2002,6.04,0,29.00,55.00,2.00,,,,,,,,,,,,,
USW00094053,"TORRINGTON MUNICIPAL AIRPORT, WY US",2/14/2002,16.11,0,34.00,48.00,20.00,,,,,,,,,,,,,
USW00094053,"TORRINGTON MUNICIPAL AIRPORT, WY US",2/15/2002,9.62,0,32.00,52.00,12.00,,,,,,,,,,,,,
USW00094053,"TORRINGTON MUNICIPAL AIRPORT, WY US",2/16/2002,4.7,0,37.00,58.00,16.00,,,,,,,,,,,,,
USW00094053,"TORRINGTON MUNICIPAL AIRPORT, WY US",2/17/2002,4.92,0,42.00,65.00,19.00,,,,,,,,,,,,,
USW00094053,"TORRINGTON MUNICIPAL AIRPORT, WY US",2/18/2002,7.16,0,42.00,56.00,27.00,,,,,,,,,,,,,
USW00094053,"TORRINGTON MUNICIPAL AIRPORT, WY US",2/19/2002,8.95,0.01,33.00,45.00,20.00,,,,,,,,,,,,,
USW00094053,"TORRINGTON MUNICIPAL AIRPORT, WY US",2/20/2002,9.4,0,34.00,51.00,16.00,,,,,,,,,,,,,
USW00094053,"TORRINGTON MUNICIPAL AIRPORT, WY US",2/21/2002,10.74,0,37.00,50.00,23.00,,,,,,,,,,,,,
USW00094053,"TORRINGTON MUNICIPAL AIRPORT, WY US",2/22/2002,18.79,0,52.00,64.00,40.00,,,,,,,,,,,,,
USW00094053,"TORRINGTON MUNICIPAL AIRPORT, WY US",2/23/2002,10.51,0,46.00,62.00,30.00,,,,,,,,,,,,,
USW00094053,"TORRINGTON MUNICIPAL AIRPORT, WY US",2/24/2002,13.2,0.01,26.00,38.00,13.00,,,,,,,,,,,,,
USW00094053,"TORRINGTON MUNICIPAL AIRPORT, WY US",2/25/2002,17.67,0.01,0.00,13.00,-2.00,,,,,,,,,,,,,
USW00094053,"TORRINGTON MUNICIPAL AIRPORT, WY US",2/26/2002,11.18,0,12.00,25.00,-2.00,,,,,,,,,,,,,
USW00094053,"TORRINGTON MUNICIPAL AIRPORT, WY US",2/27/2002,12.75,0,20.00,33.00,7.00,,,,,,,,,,,,,
USW00094053,"TORRINGTON MUNICIPAL AIRPORT, WY US",2/28/2002,12.75,0.01,21.00,35.00,6.00,,,,,,,,,,,,,
USW00094053,"TORRINGTON MUNICIPAL AIRPORT, WY US",3/1/2002,8.05,0.03,0.00,14.00,-3.00,,,,,,,,,,,,,
USW00094053,"TORRINGTON MUNICIPAL AIRPORT, WY US",3/2/2002,10.96,0,0.00,15.00,-5.00,,,,,,,,,,,,,
USW00094053,"TORRINGTON MUNICIPAL AIRPORT, WY US",3/3/2002,13.2,0,14.00,27.00,0.00,,,,,,,,,,,,,
USW00094053,"TORRINGTON MUNICIPAL AIRPORT, WY US",3/4/2002,17.9,0,36.00,45.00,26.00,,,,,,,,,,,,,
USW00094053,"TORRINGTON MUNICIPAL AIRPORT, WY US",3/5/2002,14.09,0,43.00,56.00,30.00,,,,,,,,,,,,,
USW00094053,"TORRINGTON MUNICIPAL AIRPORT, WY US",3/6/2002,14.54,0,34.00,45.00,22.00,,,,,,,,,,,,,
USW00094053,"TORRINGTON MUNICIPAL AIRPORT, WY US",3/7/2002,12.97,0,39.00,57.00,20.00,,,,,,,,,,,,,
USW00094053,"TORRINGTON MUNICIPAL AIRPORT, WY US",3/8/2002,16.78,0.01,13.00,24.00,2.00,,,,,,,,,,,,,
USW00094053,"TORRINGTON MUNICIPAL AIRPORT, WY US",3/9/2002,10.07,0,21.00,41.00,1.00,,,,,,,,,,,,,
USW00094053,"TORRINGTON MUNICIPAL AIRPORT, WY US",3/10/2002,7.38,0,40.00,60.00,20.00,,,,,,,,,,,,,
USW00094053,"TORRINGTON MUNICIPAL AIRPORT, WY US",3/11/2002,12.53,0,44.00,56.00,31.00,,,,,,,,,,,,,
USW00094053,"TORRINGTON MUNICIPAL AIRPORT, WY US",3/12/2002,23.04,0,53.00,66.00,40.00,,,,,,,,,,,,,
USW00094053,"TORRINGTON MUNICIPAL AIRPORT, WY US",3/13/2002,13.2,0.18,35.00,40.00,29.00,,,,,,,,,,,,,
USW00094053,"TORRINGTON MUNICIPAL AIRPORT, WY US",3/14/2002,11.41,0.18,22.00,30.00,13.00,,,,,,,,,,,,,
USW00094053,"TORRINGTON MUNICIPAL AIRPORT, WY US",3/15/2002,1.79,0,15.00,26.00,3.00,,,,,,,,,,,,,
USW00094053,"TORRINGTON MUNICIPAL AIRPORT, WY US",3/16/2002,7.38,0,20.00,39.00,1.00,,,,,,,,,,,,,
USW00094053,"TORRINGTON MUNICIPAL AIRPORT, WY US",3/17/2002,5.82,0,21.00,31.00,10.00,,,,,,,,,,,,,
USW00094053,"TORRINGTON MUNICIPAL AIRPORT, WY US",3/18/2002,5.59,0,24.00,32.00,16.00,,,,,,,,,,,,,
USW00094053,"TORRINGTON MUNICIPAL AIRPORT, WY US",3/19/2002,11.41,0,27.00,40.00,13.00,,,,,,,,,,,,,
USW00094053,"TORRINGTON MUNICIPAL AIRPORT, WY US",3/20/2002,19.24,0,33.00,54.00,11.00,,,,,,,,,,,,,
USW00094053,"TORRINGTON MUNICIPAL AIRPORT, WY US",3/21/2002,9.84,0,14.00,21.00,6.00,,,,,,,,,,,,,
USW00094053,"TORRINGTON MUNICIPAL AIRPORT, WY US",3/22/2002,6.04,0,34.00,55.00,13.00,,,,,,,,,,,,,
USW00094053,"TORRINGTON MUNICIPAL AIRPORT, WY US",3/23/2002,8.72,0,34.00,46.00,21.00,,,,,,,,,,,,,
USW00094053,"TORRINGTON MUNICIPAL AIRPORT, WY US",3/24/2002,12.08,0.02,20.00,25.00,14.00,,,,,,,,,,,,,
USW00094053,"TORRINGTON MUNICIPAL AIRPORT, WY US",3/25/2002,12.3,0,25.00,36.00,13.00,,,,,,,,,,,,,
USW00094053,"TORRINGTON MUNICIPAL AIRPORT, WY US",3/26/2002,9.17,0,38.00,57.00,19.00,,,,,,,,,,,,,
USW00094053,"TORRINGTON MUNICIPAL AIRPORT, WY US",3/27/2002,17.22,0,45.00,62.00,27.00,,,,,,,,,,,,,
USW00094053,"TORRINGTON MUNICIPAL AIRPORT, WY US",3/28/2002,14.76,0,41.00,59.00,23.00,,,,,,,,,,,,,
USW00094053,"TORRINGTON MUNICIPAL AIRPORT, WY US",3/29/2002,9.17,0,41.00,52.00,30.00,,,,,,,,,,,,,
USW00094053,"TORRINGTON MUNICIPAL AIRPORT, WY US",3/30/2002,10.07,0,36.00,51.00,20.00,,,,,,,,,,,,,
USW00094053,"TORRINGTON MUNICIPAL AIRPORT, WY US",3/31/2002,6.04,0,48.00,64.00,32.00,,,,,,,,,,,,,
USW00094053,"TORRINGTON MUNICIPAL AIRPORT, WY US",4/1/2002,18.34,0,46.00,68.00,24.00,,,,,,,,,,,,,
USW00094053,"TORRINGTON MUNICIPAL AIRPORT, WY US",4/2/2002,14.76,0,21.00,29.00,13.00,,,,,,,,,,,,,
USW00094053,"TORRINGTON MUNICIPAL AIRPORT, WY US",4/3/2002,12.08,0,30.00,47.00,12.00,,,,,,,,,,,,,
USW00094053,"TORRINGTON MUNICIPAL AIRPORT, WY US",4/4/2002,7.61,0,38.00,59.00,16.00,,,,,,,,,,,,,
USW00094053,"TORRINGTON MUNICIPAL AIRPORT, WY US",4/5/2002,9.62,0,44.00,62.00,26.00,,,,,,,,,,,,,
USW00094053,"TORRINGTON MUNICIPAL AIRPORT, WY US",4/6/2002,8.5,0,55.00,75.00,34.00,,,,,,,,,,,,,
USW00094053,"TORRINGTON MUNICIPAL AIRPORT, WY US",4/7/2002,10.07,0.02,54.00,69.00,38.00,,,,,,,,,,,,,
USW00094053,"TORRINGTON MUNICIPAL AIRPORT, WY US",4/8/2002,10.29,0.05,44.00,47.00,40.00,,,,,,,,,,,,,
USW00094053,"TORRINGTON MUNICIPAL AIRPORT, WY US",4/9/2002,9.62,0,54.00,75.00,33.00,,,,,,,,,,,,,
USW00094053,"TORRINGTON MUNICIPAL AIRPORT, WY US",4/10/2002,10.51,0.01,59.00,72.00,46.00,,,,,,,,,,,,,
USW00094053,"TORRINGTON MUNICIPAL AIRPORT, WY US",4/11/2002,8.72,0.01,52.00,65.00,38.00,,,,,,,,,,,,,
USW00094053,"TORRINGTON MUNICIPAL AIRPORT, WY US",4/12/2002,4.25,0,50.00,70.00,30.00,,,,,,,,,,,,,
USW00094053,"TORRINGTON MUNICIPAL AIRPORT, WY US",4/13/2002,12.08,0,62.00,77.00,46.00,,,,,,,,,,,,,
USW00094053,"TORRINGTON MUNICIPAL AIRPORT, WY US",4/14/2002,13.65,0,66.00,77.00,54.00,,,,,,,,,,,,,
USW00094053,"TORRINGTON MUNICIPAL AIRPORT, WY US",4/15/2002,10.51,0,68.00,88.00,47.00,,,,,,,,,,,,,
USW00094053,"TORRINGTON MUNICIPAL AIRPORT, WY US",4/16/2002,16.55,0,47.00,61.00,33.00,,,,,,,,,,,,,
USW00094053,"TORRINGTON MUNICIPAL AIRPORT, WY US",4/17/2002,17.22,0,53.00,79.00,26.00,,,,,,,,,,,,,
USW00094053,"TORRINGTON MUNICIPAL AIRPORT, WY US",4/18/2002,17,0,43.00,60.00,26.00,,,,,,,,,,,,,
USW00094053,"TORRINGTON MUNICIPAL AIRPORT, WY US",4/19/2002,9.4,0,34.00,41.00,26.00,,,,,,,,,,,,,
USW00094053,"TORRINGTON MUNICIPAL AIRPORT, WY US",4/20/2002,12.97,0.09,34.00,37.00,31.00,,,,,,,,,,,,,
USW00094053,"TORRINGTON MUNICIPAL AIRPORT, WY US",4/21/2002,8.72,0,44.00,57.00,30.00,,,,,,,,,,,,,
USW00094053,"TORRINGTON MUNICIPAL AIRPORT, WY US",4/22/2002,13.2,0,52.00,68.00,35.00,,,,,,,,,,,,,
USW00094053,"TORRINGTON MUNICIPAL AIRPORT, WY US",4/23/2002,17.67,0,57.00,78.00,35.00,,,,,,,,,,,,,
USW00094053,"TORRINGTON MUNICIPAL AIRPORT, WY US",4/24/2002,15.88,0,41.00,54.00,27.00,,,,,,,,,,,,,
USW00094053,"TORRINGTON MUNICIPAL AIRPORT, WY US",4/25/2002,12.97,0,41.00,61.00,20.00,,,,,,,,,,,,,
USW00094053,"TORRINGTON MUNICIPAL AIRPORT, WY US",4/26/2002,16.33,0,52.00,67.00,37.00,,,,,,,,,,,,,
USW00094053,"TORRINGTON MUNICIPAL AIRPORT, WY US",4/27/2002,11.86,0.12,44.00,49.00,39.00,,,,,,,,,,,,,
USW00094053,"TORRINGTON MUNICIPAL AIRPORT, WY US",4/28/2002,9.84,0,49.00,68.00,30.00,,,,,,,,,,,,,
USW00094053,"TORRINGTON MUNICIPAL AIRPORT, WY US",4/29/2002,9.4,0,53.00,73.00,32.00,,,,,,,,,,,,,
USW00094053,"TORRINGTON MUNICIPAL AIRPORT, WY US",4/30/2002,14.09,0.15,55.00,70.00,40.00,,,,,,,,,,,,,
USW00094053,"TORRINGTON MUNICIPAL AIRPORT, WY US",5/1/2002,12.3,0.17,35.00,41.00,29.00,,,,,,,,,,,,,
USW00094053,"TORRINGTON MUNICIPAL AIRPORT, WY US",5/2/2002,7.38,0,43.00,62.00,23.00,,,,,,,,,,,,,
USW00094053,"TORRINGTON MUNICIPAL AIRPORT, WY US",5/3/2002,15.88,0,57.00,74.00,39.00,,,,,,,,,,,,,
USW00094053,"TORRINGTON MUNICIPAL AIRPORT, WY US",5/4/2002,12.75,0,52.00,71.00,32.00,,,,,,,,,,,,,
USW00094053,"TORRINGTON MUNICIPAL AIRPORT, WY US",5/5/2002,10.51,0,62.00,77.00,46.00,,,,,,,,,,,,,
USW00094053,"TORRINGTON MUNICIPAL AIRPORT, WY US",5/6/2002,16.78,0,61.00,82.00,39.00,,,,,,,,,,,,,
USW00094053,"TORRINGTON MUNICIPAL AIRPORT, WY US",5/7/2002,15.21,0,45.00,54.00,36.00,,,,,,,,,,,,,
USW00094053,"TORRINGTON MUNICIPAL AIRPORT, WY US",5/8/2002,15.88,0,43.00,56.00,30.00,,,,,,,,,,,,,
USW00094053,"TORRINGTON MUNICIPAL AIRPORT, WY US",5/9/2002,9.62,0,41.00,58.00,23.00,,,,,,,,,,,,,
USW00094053,"TORRINGTON MUNICIPAL AIRPORT, WY US",5/10/2002,14.09,0,51.00,65.00,37.00,,,,,,,,,,,,,
USW00094053,"TORRINGTON MUNICIPAL AIRPORT, WY US",5/11/2002,13.2,0.14,45.00,53.00,36.00,,,,,,,,,,,,,
USW00094053,"TORRINGTON MUNICIPAL AIRPORT, WY US",5/12/2002,8.05,0,49.00,62.00,36.00,,,,,,,,,,,,,
USW00094053,"TORRINGTON MUNICIPAL AIRPORT, WY US",5/13/2002,6.71,0,51.00,72.00,29.00,,,,,,,,,,,,,
USW00094053,"TORRINGTON MUNICIPAL AIRPORT, WY US",5/14/2002,9.84,0,62.00,84.00,39.00,,,,,,,,,,,,,
USW00094053,"TORRINGTON MUNICIPAL AIRPORT, WY US",5/15/2002,9.4,0.05,61.00,73.00,48.00,,,,,,,,,,,,,
USW00094053,"TORRINGTON MUNICIPAL AIRPORT, WY US",5/16/2002,10.29,0.03,48.00,52.00,43.00,,,,,,,,,,,,,
USW00094053,"TORRINGTON MUNICIPAL AIRPORT, WY US",5/17/2002,10.29,0,53.00,63.00,42.00,,,,,,,,,,,,,
USW00094053,"TORRINGTON MUNICIPAL AIRPORT, WY US",5/18/2002,15.21,0,58.00,75.00,40.00,,,,,,,,,,,,,
USW00094053,"TORRINGTON MUNICIPAL AIRPORT, WY US",5/19/2002,16.55,0,56.00,71.00,41.00,,,,,,,,,,,,,
USW00094053,"TORRINGTON MUNICIPAL AIRPORT, WY US",5/20/2002,19.24,0,56.00,63.00,49.00,,,,,,,,,,,,,
USW00094053,"TORRINGTON MUNICIPAL AIRPORT, WY US",5/21/2002,21.03,0.08,66.00,83.00,48.00,,,,,,,,,,,,,
USW00094053,"TORRINGTON MUNICIPAL AIRPORT, WY US",5/22/2002,20.36,0,53.00,68.00,37.00,,,,,,,,,,,,,
USW00094053,"TORRINGTON MUNICIPAL AIRPORT, WY US",5/23/2002,12.08,0,45.00,54.00,35.00,,,,,,,,,,,,,
USW00094053,"TORRINGTON MUNICIPAL AIRPORT, WY US",5/24/2002,9.84,0,48.00,64.00,32.00,,,,,,,,,,,,,
USW00094053,"TORRINGTON MUNICIPAL AIRPORT, WY US",5/25/2002,6.49,0,54.00,75.00,33.00,,,,,,,,,,,,,
USW00094053,"TORRINGTON MUNICIPAL AIRPORT, WY US",5/26/2002,8.72,0,59.00,81.00,37.00,,,,,,,,,,,,,
USW00094053,"TORRINGTON MUNICIPAL AIRPORT, WY US",5/27/2002,8.05,0.01,63.00,82.00,44.00,,,,,,,,,,,,,
USW00094053,"TORRINGTON MUNICIPAL AIRPORT, WY US",5/28/2002,6.93,0,66.00,86.00,46.00,,,,,,,,,,,,,
USW00094053,"TORRINGTON MUNICIPAL AIRPORT, WY US",5/29/2002,7.83,0,67.00,86.00,47.00,,,,,,,,,,,,,
USW00094053,"TORRINGTON MUNICIPAL AIRPORT, WY US",5/30/2002,6.04,0,72.00,96.00,47.00,,,,,,,,,,,,,
USW00094053,"TORRINGTON MUNICIPAL AIRPORT, WY US",5/31/2002,10.29,0,75.00,92.00,57.00,,,,,,,,,,,,,
USW00094053,"TORRINGTON MUNICIPAL AIRPORT, WY US",6/1/2002,14.76,0.28,76.00,93.00,58.00,,,,,,,,,,,,,
USW00094053,"TORRINGTON MUNICIPAL AIRPORT, WY US",6/2/2002,10.29,0,73.00,91.00,54.00,,,,,,,,,,,,,
USW00094053,"TORRINGTON MUNICIPAL AIRPORT, WY US",6/3/2002,10.07,0.27,62.00,71.00,52.00,,,,,,,,,,,,,
USW00094053,"TORRINGTON MUNICIPAL AIRPORT, WY US",6/4/2002,4.92,0.21,60.00,67.00,52.00,,,,,,,,,,,,,
USW00094053,"TORRINGTON MUNICIPAL AIRPORT, WY US",6/5/2002,6.71,0,63.00,82.00,43.00,,,,,,,,,,,,,
USW00094053,"TORRINGTON MUNICIPAL AIRPORT, WY US",6/6/2002,10.29,0,69.00,89.00,49.00,,,,,,,,,,,,,
USW00094053,"TORRINGTON MUNICIPAL AIRPORT, WY US",6/7/2002,12.75,0,68.00,81.00,54.00,,,,,,,,,,,,,
USW00094053,"TORRINGTON MUNICIPAL AIRPORT, WY US",6/8/2002,14.76,0,75.00,96.00,53.00,,,,,,,,,,,,,
USW00094053,"TORRINGTON MUNICIPAL AIRPORT, WY US",6/9/2002,13.65,0,72.00,92.00,52.00,,,,,,,,,,,,,
USW00094053,"TORRINGTON MUNICIPAL AIRPORT, WY US",6/10/2002,14.99,0,65.00,80.00,50.00,,,,,,,,,,,,,
USW00094053,"TORRINGTON MUNICIPAL AIRPORT, WY US",6/11/2002,9.84,0,64.00,83.00,44.00,,,,,,,,,,,,,
USW00094053,"TORRINGTON MUNICIPAL AIRPORT, WY US",6/12/2002,10.51,0,64.00,81.00,46.00,,,,,,,,,,,,,
USW00094053,"TORRINGTON MUNICIPAL AIRPORT, WY US",6/13/2002,9.4,0,63.00,75.00,50.00,,,,,,,,,,,,,
USW00094053,"TORRINGTON MUNICIPAL AIRPORT, WY US",6/14/2002,6.71,0,62.00,82.00,41.00,,,,,,,,,,,,,
USW00094053,"TORRINGTON MUNICIPAL AIRPORT, WY US",6/15/2002,9.84,0,67.00,84.00,50.00,,,,,,,,,,,,,
USW00094053,"TORRINGTON MUNICIPAL AIRPORT, WY US",6/16/2002,6.26,0,70.00,90.00,49.00,,,,,,,,,,,,,
USW00094053,"TORRINGTON MUNICIPAL AIRPORT, WY US",6/17/2002,6.71,0,75.00,98.00,52.00,,,,,,,,,,,,,
USW00094053,"TORRINGTON MUNICIPAL AIRPORT, WY US",6/18/2002,11.41,0,78.00,98.00,58.00,,,,,,,,,,,,,
USW00094053,"TORRINGTON MUNICIPAL AIRPORT, WY US",6/19/2002,11.63,0,72.00,85.00,59.00,,,,,,,,,,,,,
USW00094053,"TORRINGTON MUNICIPAL AIRPORT, WY US",6/20/2002,16.78,0,70.00,86.00,54.00,,,,,,,,,,,,,
USW00094053,"TORRINGTON MUNICIPAL AIRPORT, WY US",6/21/2002,10.07,0,81.00,98.00,64.00,,,,,,,,,,,,,
USW00094053,"TORRINGTON MUNICIPAL AIRPORT, WY US",6/22/2002,6.26,0,78.00,94.00,62.00,,,,,,,,,,,,,
USW00094053,"TORRINGTON MUNICIPAL AIRPORT, WY US",6/23/2002,6.04,0,75.00,96.00,54.00,,,,,,,,,,,,,
USW00094053,"TORRINGTON MUNICIPAL AIRPORT, WY US",6/24/2002,10.29,0,77.00,97.00,57.00,,,,,,,,,,,,,
USW00094053,"TORRINGTON MUNICIPAL AIRPORT, WY US",6/25/2002,10.29,0,79.00,97.00,60.00,,,,,,,,,,,,,
USW00094053,"TORRINGTON MUNICIPAL AIRPORT, WY US",6/26/2002,8.05,0,77.00,97.00,56.00,,,,,,,,,,,,,
USW00094053,"TORRINGTON MUNICIPAL AIRPORT, WY US",6/27/2002,8.72,0,81.00,102.00,59.00,,,,,,,,,,,,,
USW00094053,"TORRINGTON MUNICIPAL AIRPORT, WY US",6/28/2002,10.07,0,83.00,101.00,64.00,,,,,,,,,,,,,
USW00094053,"TORRINGTON MUNICIPAL AIRPORT, WY US",6/29/2002,6.26,0,82.00,104.00,59.00,,,,,,,,,,,,,
USW00094053,"TORRINGTON MUNICIPAL AIRPORT, WY US",6/30/2002,11.63,0,77.00,93.00,61.00,,,,,,,,,,,,,
USW00094053,"TORRINGTON MUNICIPAL AIRPORT, WY US",7/1/2002,8.72,0,81.00,101.00,60.00,,,,,,,,,,,,,
USW00094053,"TORRINGTON MUNICIPAL AIRPORT, WY US",7/2/2002,11.41,0,79.00,96.00,61.00,,,,,,,,,,,,,
USW00094053,"TORRINGTON MUNICIPAL AIRPORT, WY US",7/3/2002,12.08,0.24,78.00,94.00,62.00,,,,,,,,,,,,,
USW00094053,"TORRINGTON MUNICIPAL AIRPORT, WY US",7/4/2002,10.74,0,77.00,94.00,60.00,,,,,,,,,,,,,
USW00094053,"TORRINGTON MUNICIPAL AIRPORT, WY US",7/5/2002,12.3,0.08,79.00,94.00,64.00,,,,,,,,,,,,,
USW00094053,"TORRINGTON MUNICIPAL AIRPORT, WY US",7/6/2002,9.17,0,75.00,87.00,62.00,,,,,,,,,,,,,
USW00094053,"TORRINGTON MUNICIPAL AIRPORT, WY US",7/7/2002,5.14,,,,,,,,,,,,,,,,,
USW00094053,"TORRINGTON MUNICIPAL AIRPORT, WY US",7/8/2002,8.72,0,80.00,97.00,62.00,,,,,,,,,,,,,
USW00094053,"TORRINGTON MUNICIPAL AIRPORT, WY US",7/9/2002,12.3,0,80.00,94.00,66.00,,,,,,,,,,,,,
USW00094053,"TORRINGTON MUNICIPAL AIRPORT, WY US",7/10/2002,9.4,0,73.00,89.00,57.00,,,,,,,,,,,,,
USW00094053,"TORRINGTON MUNICIPAL AIRPORT, WY US",7/11/2002,7.16,0,70.00,87.00,53.00,,,,,,,,,,,,,
USW00094053,"TORRINGTON MUNICIPAL AIRPORT, WY US",7/12/2002,8.5,0,76.00,99.00,52.00,,,,,,,,,,,,,
USW00094053,"TORRINGTON MUNICIPAL AIRPORT, WY US",7/13/2002,8.28,0,76.00,96.00,55.00,,,,,,,,,,,,,
USW00094053,"TORRINGTON MUNICIPAL AIRPORT, WY US",7/14/2002,10.07,0,80.00,100.00,59.00,,,,,,,,,,,,,
USW00094053,"TORRINGTON MUNICIPAL AIRPORT, WY US",7/15/2002,11.86,0,80.00,99.00,61.00,,,,,,,,,,,,,
USW00094053,"TORRINGTON MUNICIPAL AIRPORT, WY US",7/16/2002,9.62,0,81.00,100.00,62.00,,,,,,,,,,,,,
USW00094053,"TORRINGTON MUNICIPAL AIRPORT, WY US",7/17/2002,9.17,0,82.00,101.00,62.00,,,,,,,,,,,,,
USW00094053,"TORRINGTON MUNICIPAL AIRPORT, WY US",7/18/2002,8.95,0,80.00,100.00,60.00,,,,,,,,,,,,,
USW00094053,"TORRINGTON MUNICIPAL AIRPORT, WY US",7/19/2002,7.83,0,82.00,100.00,64.00,,,,,,,,,,,,,
USW00094053,"TORRINGTON MUNICIPAL AIRPORT, WY US",7/20/2002,6.71,0,80.00,98.00,62.00,,,,,,,,,,,,,
USW00094053,"TORRINGTON MUNICIPAL AIRPORT, WY US",7/21/2002,8.5,0.2,72.00,83.00,60.00,,,,,,,,,,,,,
USW00094053,"TORRINGTON MUNICIPAL AIRPORT, WY US",7/22/2002,8.5,0.01,71.00,85.00,56.00,,,,,,,,,,,,,
USW00094053,"TORRINGTON MUNICIPAL AIRPORT, WY US",7/23/2002,10.07,0.01,,,,,,,,,,,,,,,,
USW00094053,"TORRINGTON MUNICIPAL AIRPORT, WY US",7/24/2002,5.59,0,78.00,100.00,55.00,,,,,,,,,,,,,
USW00094053,"TORRINGTON MUNICIPAL AIRPORT, WY US",7/25/2002,6.93,0.02,0.00,,,,,,,,,,,,,,,
USW00094053,"TORRINGTON MUNICIPAL AIRPORT, WY US",7/26/2002,8.5,0,76.00,94.00,57.00,,,,,,,,,,,,,
USW00094053,"TORRINGTON MUNICIPAL AIRPORT, WY US",7/27/2002,5.82,0,74.00,93.00,55.00,,,,,,,,,,,,,
USW00094053,"TORRINGTON MUNICIPAL AIRPORT, WY US",7/28/2002,8.28,0,74.00,88.00,60.00,,,,,,,,,,,,,
USW00094053,"TORRINGTON MUNICIPAL AIRPORT, WY US",7/29/2002,5.82,0,74.00,96.00,52.00,,,,,,,,,,,,,
USW00094053,"TORRINGTON MUNICIPAL AIRPORT, WY US",7/30/2002,6.93,0,78.00,98.00,58.00,,,,,,,,,,,,,
USW00094053,"TORRINGTON MUNICIPAL AIRPORT, WY US",7/31/2002,9.84,0,82.00,105.00,59.00,,,,,,,,,,,,,
USW00094053,"TORRINGTON MUNICIPAL AIRPORT, WY US",8/1/2002,10.29,0,67.00,78.00,56.00,,,,,,,,,,,,,
USW00094053,"TORRINGTON MUNICIPAL AIRPORT, WY US",8/2/2002,14.32,0,71.00,90.00,51.00,,,,,,,,,,,,,
USW00094053,"TORRINGTON MUNICIPAL AIRPORT, WY US",8/3/2002,6.49,0,80.00,94.00,65.00,,,,,,,,,,,,,
USW00094053,"TORRINGTON MUNICIPAL AIRPORT, WY US",8/4/2002,10.51,0,76.00,88.00,64.00,,,,,,,,,,,,,
USW00094053,"TORRINGTON MUNICIPAL AIRPORT, WY US",8/5/2002,10.96,0.85,76.00,89.00,62.00,,,,,,,,,,,,,
USW00094053,"TORRINGTON MUNICIPAL AIRPORT, WY US",8/6/2002,9.17,0.03,77.00,93.00,61.00,,,,,,,,,,,,,
USW00094053,"TORRINGTON MUNICIPAL AIRPORT, WY US",8/7/2002,7.61,0,76.00,92.00,60.00,,,,,,,,,,,,,
USW00094053,"TORRINGTON MUNICIPAL AIRPORT, WY US",8/8/2002,7.61,0.01,75.00,92.00,58.00,,,,,,,,,,,,,
USW00094053,"TORRINGTON MUNICIPAL AIRPORT, WY US",8/9/2002,6.93,0,68.00,84.00,52.00,,,,,,,,,,,,,
USW00094053,"TORRINGTON MUNICIPAL AIRPORT, WY US",8/10/2002,6.93,0,67.00,87.00,47.00,,,,,,,,,,,,,
USW00094053,"TORRINGTON MUNICIPAL AIRPORT, WY US",8/11/2002,7.61,0,75.00,96.00,53.00,,,,,,,,,,,,,
USW00094053,"TORRINGTON MUNICIPAL AIRPORT, WY US",8/12/2002,8.72,0,57.00,63.00,50.00,,,,,,,,,,,,,
USW00094053,"TORRINGTON MUNICIPAL AIRPORT, WY US",8/13/2002,6.71,0,62.00,80.00,43.00,,,,,,,,,,,,,
USW00094053,"TORRINGTON MUNICIPAL AIRPORT, WY US",8/14/2002,6.26,0,71.00,95.00,47.00,,,,,,,,,,,,,
USW00094053,"TORRINGTON MUNICIPAL AIRPORT, WY US",8/15/2002,10.51,0,70.00,82.00,58.00,,,,,,,,,,,,,
USW00094053,"TORRINGTON MUNICIPAL AIRPORT, WY US",8/16/2002,18.57,0,79.00,102.00,56.00,,,,,,,,,,,,,
USW00094053,"TORRINGTON MUNICIPAL AIRPORT, WY US",8/17/2002,10.51,0,61.00,79.00,43.00,,,,,,,,,,,,,
USW00094053,"TORRINGTON MUNICIPAL AIRPORT, WY US",8/18/2002,10.96,0,66.00,85.00,46.00,,,,,,,,,,,,,
USW00094053,"TORRINGTON MUNICIPAL AIRPORT, WY US",8/19/2002,11.41,0,67.00,88.00,46.00,,,,,,,,,,,,,
USW00094053,"TORRINGTON MUNICIPAL AIRPORT, WY US",8/20/2002,6.49,0.01,70.00,81.00,59.00,,,,,,,,,,,,,
USW00094053,"TORRINGTON MUNICIPAL AIRPORT, WY US",8/21/2002,7.61,0,75.00,91.00,58.00,,,,,,,,,,,,,
USW00094053,"TORRINGTON MUNICIPAL AIRPORT, WY US",8/22/2002,6.93,0,68.00,83.00,52.00,,,,,,,,,,,,,
USW00094053,"TORRINGTON MUNICIPAL AIRPORT, WY US",8/23/2002,9.4,0,71.00,90.00,52.00,,,,,,,,,,,,,
USW00094053,"TORRINGTON MUNICIPAL AIRPORT, WY US",8/24/2002,8.72,0.33,68.00,79.00,56.00,,,,,,,,,,,,,
USW00094053,"TORRINGTON MUNICIPAL AIRPORT, WY US",8/25/2002,7.61,0.01,70.00,89.00,51.00,,,,,,,,,,,,,
USW00094053,"TORRINGTON MUNICIPAL AIRPORT, WY US",8/26/2002,10.74,0,73.00,91.00,54.00,,,,,,,,,,,,,
USW00094053,"TORRINGTON MUNICIPAL AIRPORT, WY US",8/27/2002,10.29,0.45,69.00,82.00,56.00,,,,,,,,,,,,,
USW00094053,"TORRINGTON MUNICIPAL AIRPORT, WY US",8/28/2002,7.38,0.08,66.00,77.00,54.00,,,,,,,,,,,,,
USW00094053,"TORRINGTON MUNICIPAL AIRPORT, WY US",8/29/2002,9.62,0.12,70.00,84.00,56.00,,,,,,,,,,,,,
USW00094053,"TORRINGTON MUNICIPAL AIRPORT, WY US",8/30/2002,7.16,0.01,71.00,90.00,52.00,,,,,,,,,,,,,
USW00094053,"TORRINGTON MUNICIPAL AIRPORT, WY US",8/31/2002,6.93,0,76.00,93.00,58.00,,,,,,,,,,,,,
USW00094053,"TORRINGTON MUNICIPAL AIRPORT, WY US",9/1/2002,8.28,0,74.00,92.00,56.00,,,,,,,,,,,,,
USW00094053,"TORRINGTON MUNICIPAL AIRPORT, WY US",9/2/2002,9.17,0,70.00,81.00,59.00,,,,,,,,,,,,,
USW00094053,"TORRINGTON MUNICIPAL AIRPORT, WY US",9/3/2002,12.3,0,72.00,90.00,53.00,,,,,,,,,,,,,
USW00094053,"TORRINGTON MUNICIPAL AIRPORT, WY US",9/4/2002,5.59,0,74.00,92.00,56.00,,,,,,,,,,,,,
USW00094053,"TORRINGTON MUNICIPAL AIRPORT, WY US",9/5/2002,4.7,0,75.00,97.00,52.00,,,,,,,,,,,,,
USW00094053,"TORRINGTON MUNICIPAL AIRPORT, WY US",9/6/2002,8.5,0,76.00,98.00,53.00,,,,,,,,,,,,,
USW00094053,"TORRINGTON MUNICIPAL AIRPORT, WY US",9/7/2002,6.93,0.02,74.00,92.00,55.00,,,,,,,,,,,,,
USW00094053,"TORRINGTON MUNICIPAL AIRPORT, WY US",9/8/2002,7.16,0,71.00,83.00,59.00,,,,,,,,,,,,,
USW00094053,"TORRINGTON MUNICIPAL AIRPORT, WY US",9/9/2002,10.29,0.19,64.00,73.00,55.00,,,,,,,,,,,,,
USW00094053,"TORRINGTON MUNICIPAL AIRPORT, WY US",9/10/2002,5.59,0,62.00,73.00,50.00,,,,,,,,,,,,,
USW00094053,"TORRINGTON MUNICIPAL AIRPORT, WY US",9/11/2002,10.29,0.08,64.00,79.00,48.00,,,,,,,,,,,,,
USW00094053,"TORRINGTON MUNICIPAL AIRPORT, WY US",9/12/2002,10.29,1.33,61.00,66.00,56.00,,,,,,,,,,,,,
USW00094053,"TORRINGTON MUNICIPAL AIRPORT, WY US",9/13/2002,6.26,0,60.00,67.00,53.00,,,,,,,,,,,,,
USW00094053,"TORRINGTON MUNICIPAL AIRPORT, WY US",9/14/2002,7.16,0,62.00,74.00,49.00,,,,,,,,,,,,,
USW00094053,"TORRINGTON MUNICIPAL AIRPORT, WY US",9/15/2002,6.26,0,67.00,86.00,47.00,,,,,,,,,,,,,
USW00094053,"TORRINGTON MUNICIPAL AIRPORT, WY US",9/16/2002,6.93,0,69.00,89.00,48.00,,,,,,,,,,,,,
USW00094053,"TORRINGTON MUNICIPAL AIRPORT, WY US",9/17/2002,10.29,0,63.00,78.00,47.00,,,,,,,,,,,,,
USW00094053,"TORRINGTON MUNICIPAL AIRPORT, WY US",9/18/2002,16.55,0,54.00,61.00,47.00,,,,,,,,,,,,,
USW00094053,"TORRINGTON MUNICIPAL AIRPORT, WY US",9/19/2002,7.83,0,55.00,69.00,40.00,,,,,,,,,,,,,
USW00094053,"TORRINGTON MUNICIPAL AIRPORT, WY US",9/20/2002,9.4,0,59.00,80.00,38.00,,,,,,,,,,,,,
USW00094053,"TORRINGTON MUNICIPAL AIRPORT, WY US",9/21/2002,8.28,0,44.00,55.00,33.00,,,,,,,,,,,,,
USW00094053,"TORRINGTON MUNICIPAL AIRPORT, WY US",9/22/2002,7.38,0,50.00,72.00,28.00,,,,,,,,,,,,,
USW00094053,"TORRINGTON MUNICIPAL AIRPORT, WY US",9/23/2002,8.05,0,52.00,65.00,38.00,,,,,,,,,,,,,
USW00094053,"TORRINGTON MUNICIPAL AIRPORT, WY US",9/24/2002,9.4,0,60.00,82.00,38.00,,,,,,,,,,,,,
USW00094053,"TORRINGTON MUNICIPAL AIRPORT, WY US",9/25/2002,9.84,0.05,48.00,56.00,40.00,,,,,,,,,,,,,
USW00094053,"TORRINGTON MUNICIPAL AIRPORT, WY US",9/26/2002,6.04,0,51.00,63.00,38.00,,,,,,,,,,,,,
USW00094053,"TORRINGTON MUNICIPAL AIRPORT, WY US",9/27/2002,9.17,0,60.00,82.00,38.00,,,,,,,,,,,,,
USW00094053,"TORRINGTON MUNICIPAL AIRPORT, WY US",9/28/2002,8.5,0,54.00,65.00,43.00,,,,,,,,,,,,,
USW00094053,"TORRINGTON MUNICIPAL AIRPORT, WY US",9/29/2002,8.5,0,60.00,79.00,41.00,,,,,,,,,,,,,
USW00094053,"TORRINGTON MUNICIPAL AIRPORT, WY US",9/30/2002,10.51,0,61.00,76.00,46.00,,,,,,,,,,,,,
USW00094053,"TORRINGTON MUNICIPAL AIRPORT, WY US",10/1/2002,12.75,0.01,47.00,57.00,36.00,,,,,,,,,,,,,
USW00094053,"TORRINGTON MUNICIPAL AIRPORT, WY US",10/2/2002,7.83,0.01,39.00,42.00,35.00,,,,,,,,,,,,,
USW00094053,"TORRINGTON MUNICIPAL AIRPORT, WY US",10/3/2002,11.18,0.13,46.00,55.00,37.00,,,,,,,,,,,,,
USW00094053,"TORRINGTON MUNICIPAL AIRPORT, WY US",10/4/2002,9.84,0.06,50.00,59.00,40.00,,,,,,,,,,,,,
USW00094053,"TORRINGTON MUNICIPAL AIRPORT, WY US",10/5/2002,14.54,0.01,49.00,66.00,32.00,,,,,,,,,,,,,
USW00094053,"TORRINGTON MUNICIPAL AIRPORT, WY US",10/6/2002,7.61,0,49.00,56.00,42.00,,,,,,,,,,,,,
USW00094053,"TORRINGTON MUNICIPAL AIRPORT, WY US",10/7/2002,6.04,0,53.00,73.00,33.00,,,,,,,,,,,,,
USW00094053,"TORRINGTON MUNICIPAL AIRPORT, WY US",10/8/2002,11.41,0,48.00,57.00,38.00,,,,,,,,,,,,,
USW00094053,"TORRINGTON MUNICIPAL AIRPORT, WY US",10/9/2002,6.93,0,57.00,73.00,40.00,,,,,,,,,,,,,
USW00094053,"TORRINGTON MUNICIPAL AIRPORT, WY US",10/10/2002,6.26,0,56.00,80.00,32.00,,,,,,,,,,,,,
USW00094053,"TORRINGTON MUNICIPAL AIRPORT, WY US",10/11/2002,8.28,0,56.00,75.00,36.00,,,,,,,,,,,,,
USW00094053,"TORRINGTON MUNICIPAL AIRPORT, WY US",10/12/2002,6.93,0,41.00,52.00,29.00,,,,,,,,,,,,,
USW00094053,"TORRINGTON MUNICIPAL AIRPORT, WY US",10/13/2002,6.49,0,47.00,72.00,21.00,,,,,,,,,,,,,
USW00094053,"TORRINGTON MUNICIPAL AIRPORT, WY US",10/14/2002,10.51,0,43.00,59.00,27.00,,,,,,,,,,,,,
USW00094053,"TORRINGTON MUNICIPAL AIRPORT, WY US",10/15/2002,6.93,0,44.00,61.00,26.00,,,,,,,,,,,,,
USW00094053,"TORRINGTON MUNICIPAL AIRPORT, WY US",10/16/2002,12.3,0,43.00,54.00,31.00,,,,,,,,,,,,,
USW00094053,"TORRINGTON MUNICIPAL AIRPORT, WY US",10/17/2002,5.14,0,45.00,67.00,22.00,,,,,,,,,,,,,
USW00094053,"TORRINGTON MUNICIPAL AIRPORT, WY US",10/18/2002,9.17,0,47.00,68.00,26.00,,,,,,,,,,,,,
USW00094053,"TORRINGTON MUNICIPAL AIRPORT, WY US",10/19/2002,2.46,0,44.00,65.00,23.00,,,,,,,,,,,,,
USW00094053,"TORRINGTON MUNICIPAL AIRPORT, WY US",10/20/2002,8.05,0,47.00,69.00,24.00,,,,,,,,,,,,,
USW00094053,"TORRINGTON MUNICIPAL AIRPORT, WY US",10/21/2002,6.49,0,44.00,61.00,27.00,,,,,,,,,,,,,
USW00094053,"TORRINGTON MUNICIPAL AIRPORT, WY US",10/22/2002,13.2,0.05,29.00,35.00,23.00,,,,,,,,,,,,,
USW00094053,"TORRINGTON MUNICIPAL AIRPORT, WY US",10/23/2002,13.65,0.1,25.00,27.00,23.00,,,,,,,,,,,,,
USW00094053,"TORRINGTON MUNICIPAL AIRPORT, WY US",10/24/2002,9.84,0,32.00,40.00,23.00,,,,,,,,,,,,,
USW00094053,"TORRINGTON MUNICIPAL AIRPORT, WY US",10/25/2002,6.93,0,38.00,54.00,22.00,,,,,,,,,,,,,
USW00094053,"TORRINGTON MUNICIPAL AIRPORT, WY US",10/26/2002,7.16,0,39.00,56.00,22.00,,,,,,,,,,,,,
USW00094053,"TORRINGTON MUNICIPAL AIRPORT, WY US",10/27/2002,6.49,0,41.00,47.00,35.00,,,,,,,,,,,,,
USW00094053,"TORRINGTON MUNICIPAL AIRPORT, WY US",10/28/2002,7.61,0,44.00,59.00,29.00,,,,,,,,,,,,,
USW00094053,"TORRINGTON MUNICIPAL AIRPORT, WY US",10/29/2002,13.87,0.07,27.00,37.00,17.00,,,,,,,,,,,,,
USW00094053,"TORRINGTON MUNICIPAL AIRPORT, WY US",10/30/2002,4.47,0.01,14.00,17.00,11.00,,,,,,,,,,,,,
USW00094053,"TORRINGTON MUNICIPAL AIRPORT, WY US",10/31/2002,4.7,0,16.00,20.00,12.00,,,,,,,,,,,,,
USW00094053,"TORRINGTON MUNICIPAL AIRPORT, WY US",11/1/2002,4.47,0,17.00,24.00,10.00,,,,,,,,,,,,,
USW00094053,"TORRINGTON MUNICIPAL AIRPORT, WY US",11/2/2002,6.49,0.01,28.00,38.00,17.00,,,,,,,,,,,,,
USW00094053,"TORRINGTON MUNICIPAL AIRPORT, WY US",11/3/2002,9.62,0,30.00,42.00,17.00,,,,,,,,,,,,,
USW00094053,"TORRINGTON MUNICIPAL AIRPORT, WY US",11/4/2002,6.71,0,29.00,40.00,17.00,,,,,,,,,,,,,
USW00094053,"TORRINGTON MUNICIPAL AIRPORT, WY US",11/5/2002,11.41,0,38.00,49.00,26.00,,,,,,,,,,,,,
USW00094053,"TORRINGTON MUNICIPAL AIRPORT, WY US",11/6/2002,8.5,0,42.00,59.00,25.00,,,,,,,,,,,,,
USW00094053,"TORRINGTON MUNICIPAL AIRPORT, WY US",11/7/2002,8.5,0,43.00,60.00,26.00,,,,,,,,,,,,,
USW00094053,"TORRINGTON MUNICIPAL AIRPORT, WY US",11/8/2002,12.08,0,51.00,62.00,39.00,,,,,,,,,,,,,
USW00094053,"TORRINGTON MUNICIPAL AIRPORT, WY US",11/9/2002,13.87,0.01,43.00,55.00,31.00,,,,,,,,,,,,,
USW00094053,"TORRINGTON MUNICIPAL AIRPORT, WY US",11/10/2002,9.62,0,38.00,49.00,26.00,,,,,,,,,,,,,
USW00094053,"TORRINGTON MUNICIPAL AIRPORT, WY US",11/11/2002,8.28,0.04,36.00,47.00,24.00,,,,,,,,,,,,,
USW00094053,"TORRINGTON MUNICIPAL AIRPORT, WY US",11/12/2002,11.86,0,38.00,51.00,24.00,,,,,,,,,,,,,
USW00094053,"TORRINGTON MUNICIPAL AIRPORT, WY US",11/13/2002,12.3,0,50.00,57.00,42.00,,,,,,,,,,,,,
USW00094053,"TORRINGTON MUNICIPAL AIRPORT, WY US",11/14/2002,7.61,0,42.00,51.00,33.00,,,,,,,,,,,,,
USW00094053,"TORRINGTON MUNICIPAL AIRPORT, WY US",11/15/2002,9.84,0.01,38.00,46.00,29.00,,,,,,,,,,,,,
USW00094053,"TORRINGTON MUNICIPAL AIRPORT, WY US",11/16/2002,10.51,0,38.00,55.00,21.00,,,,,,,,,,,,,
USW00094053,"TORRINGTON MUNICIPAL AIRPORT, WY US",11/17/2002,14.09,0,47.00,56.00,37.00,,,,,,,,,,,,,
USW00094053,"TORRINGTON MUNICIPAL AIRPORT, WY US",11/18/2002,10.96,0,40.00,50.00,30.00,,,,,,,,,,,,,
USW00094053,"TORRINGTON MUNICIPAL AIRPORT, WY US",11/19/2002,12.53,0,45.00,57.00,32.00,,,,,,,,,,,,,
USW00094053,"TORRINGTON MUNICIPAL AIRPORT, WY US",11/20/2002,12.53,0,51.00,62.00,40.00,,,,,,,,,,,,,
USW00094053,"TORRINGTON MUNICIPAL AIRPORT, WY US",11/21/2002,8.72,0,46.00,62.00,30.00,,,,,,,,,,,,,
USW00094053,"TORRINGTON MUNICIPAL AIRPORT, WY US",11/22/2002,10.51,0,47.00,69.00,24.00,,,,,,,,,,,,,
USW00094053,"TORRINGTON MUNICIPAL AIRPORT, WY US",11/23/2002,12.08,0,34.00,42.00,25.00,,,,,,,,,,,,,
USW00094053,"TORRINGTON MUNICIPAL AIRPORT, WY US",11/24/2002,5.82,0.07,20.00,26.00,14.00,,,,,,,,,,,,,
USW00094053,"TORRINGTON MUNICIPAL AIRPORT, WY US",11/25/2002,9.4,0,22.00,33.00,11.00,,,,,,,,,,,,,
USW00094053,"TORRINGTON MUNICIPAL AIRPORT, WY US",11/26/2002,4.7,0,14.00,22.00,6.00,,,,,,,,,,,,,
USW00094053,"TORRINGTON MUNICIPAL AIRPORT, WY US",11/27/2002,8.5,0,25.00,37.00,13.00,,,,,,,,,,,,,
USW00094053,"TORRINGTON MUNICIPAL AIRPORT, WY US",11/28/2002,9.4,0,38.00,55.00,21.00,,,,,,,,,,,,,
USW00094053,"TORRINGTON MUNICIPAL AIRPORT, WY US",11/29/2002,14.32,0,41.00,51.00,31.00,,,,,,,,,,,,,
USW00094053,"TORRINGTON MUNICIPAL AIRPORT, WY US",11/30/2002,5.59,0,36.00,48.00,23.00,,,,,,,,,,,,,
USW00094053,"TORRINGTON MUNICIPAL AIRPORT, WY US",12/1/2002,7.38,0,41.00,60.00,21.00,,,,,,,,,,,,,
USW00094053,"TORRINGTON MUNICIPAL AIRPORT, WY US",12/2/2002,9.17,0,43.00,54.00,32.00,,,,,,,,,,,,,
USW00094053,"TORRINGTON MUNICIPAL AIRPORT, WY US",12/3/2002,9.84,0,30.00,36.00,23.00,,,,,,,,,,,,,
USW00094053,"TORRINGTON MUNICIPAL AIRPORT, WY US",12/4/2002,6.93,0.01,25.00,28.00,21.00,,,,,,,,,,,,,
USW00094053,"TORRINGTON MUNICIPAL AIRPORT, WY US",12/5/2002,6.04,0,32.00,46.00,18.00,,,,,,,,,,,,,
USW00094053,"TORRINGTON MUNICIPAL AIRPORT, WY US",12/6/2002,6.04,0,35.00,53.00,16.00,,,,,,,,,,,,,
USW00094053,"TORRINGTON MUNICIPAL AIRPORT, WY US",12/7/2002,4.03,0,34.00,51.00,16.00,,,,,,,,,,,,,
USW00094053,"TORRINGTON MUNICIPAL AIRPORT, WY US",12/8/2002,7.61,0,32.00,45.00,19.00,,,,,,,,,,,,,
USW00094053,"TORRINGTON MUNICIPAL AIRPORT, WY US",12/9/2002,5.37,0,35.00,53.00,17.00,,,,,,,,,,,,,
USW00094053,"TORRINGTON MUNICIPAL AIRPORT, WY US",12/10/2002,5.37,0,36.00,59.00,13.00,,,,,,,,,,,,,
USW00094053,"TORRINGTON MUNICIPAL AIRPORT, WY US",12/11/2002,9.84,0,38.00,49.00,26.00,,,,,,,,,,,,,
USW00094053,"TORRINGTON MUNICIPAL AIRPORT, WY US",12/12/2002,5.14,0,30.00,42.00,17.00,,,,,,,,,,,,,
USW00094053,"TORRINGTON MUNICIPAL AIRPORT, WY US",12/13/2002,8.72,0,36.00,55.00,16.00,,,,,,,,,,,,,
USW00094053,"TORRINGTON MUNICIPAL AIRPORT, WY US",12/14/2002,8.28,0,45.00,61.00,28.00,,,,,,,,,,,,,
USW00094053,"TORRINGTON MUNICIPAL AIRPORT, WY US",12/15/2002,15.43,0,49.00,61.00,36.00,,,,,,,,,,,,,
USW00094053,"TORRINGTON MUNICIPAL AIRPORT, WY US",12/16/2002,11.18,0,41.00,55.00,26.00,,,,,,,,,,,,,
USW00094053,"TORRINGTON MUNICIPAL AIRPORT, WY US",12/17/2002,8.72,0,39.00,48.00,29.00,,,,,,,,,,,,,
USW00094053,"TORRINGTON MUNICIPAL AIRPORT, WY US",12/18/2002,14.99,0,31.00,38.00,23.00,,,,,,,,,,,,,
USW00094053,"TORRINGTON MUNICIPAL AIRPORT, WY US",12/19/2002,14.76,0,27.00,37.00,17.00,,,,,,,,,,,,,
USW00094053,"TORRINGTON MUNICIPAL AIRPORT, WY US",12/20/2002,6.04,0,25.00,39.00,10.00,,,,,,,,,,,,,
USW00094053,"TORRINGTON MUNICIPAL AIRPORT, WY US",12/21/2002,7.16,0,24.00,35.00,12.00,,,,,,,,,,,,,
USW00094053,"TORRINGTON MUNICIPAL AIRPORT, WY US",12/22/2002,3.8,0,21.00,35.00,7.00,,,,,,,,,,,,,
USW00094053,"TORRINGTON MUNICIPAL AIRPORT, WY US",12/23/2002,4.7,0,20.00,32.00,8.00,,,,,,,,,,,,,
USW00094053,"TORRINGTON MUNICIPAL AIRPORT, WY US",12/24/2002,3.8,0,17.00,31.00,3.00,,,,,,,,,,,,,
USW00094053,"TORRINGTON MUNICIPAL AIRPORT, WY US",12/25/2002,5.37,0,18.00,36.00,-1.00,,,,,,,,,,,,,
USW00094053,"TORRINGTON MUNICIPAL AIRPORT, WY US",12/26/2002,10.29,0,18.00,38.00,-2.00,,,,,,,,,,,,,
USW00094053,"TORRINGTON MUNICIPAL AIRPORT, WY US",12/27/2002,21.7,0,44.00,54.00,33.00,,,,,,,,,,,,,
USW00094053,"TORRINGTON MUNICIPAL AIRPORT, WY US",12/28/2002,12.75,0,43.00,54.00,31.00,,,,,,,,,,,,,
USW00094053,"TORRINGTON MUNICIPAL AIRPORT, WY US",12/29/2002,13.2,0,42.00,59.00,25.00,,,,,,,,,,,,,
USW00094053,"TORRINGTON MUNICIPAL AIRPORT, WY US",12/30/2002,13.42,0,37.00,44.00,29.00,,,,,,,,,,,,,
USW00094053,"TORRINGTON MUNICIPAL AIRPORT, WY US",12/31/2002,5.59,0.03,32.00,42.00,21.00,,,,,,,,,,,,,
USW00094053,"TORRINGTON MUNICIPAL AIRPORT, WY US",1/1/2003,11.41,0,32.00,43.00,21.00,,,,,,,,,,,,,
USW00094053,"TORRINGTON MUNICIPAL AIRPORT, WY US",1/2/2003,10.96,0,33.00,50.00,16.00,,,,,,,,,,,,,
USW00094053,"TORRINGTON MUNICIPAL AIRPORT, WY US",1/3/2003,17,0,46.00,58.00,33.00,,,,,,,,,,,,,
USW00094053,"TORRINGTON MUNICIPAL AIRPORT, WY US",1/4/2003,7.61,0,36.00,49.00,23.00,,,,,,,,,,,,,
USW00094053,"TORRINGTON MUNICIPAL AIRPORT, WY US",1/5/2003,6.71,0,37.00,49.00,25.00,,,,,,,,,,,,,
USW00094053,"TORRINGTON MUNICIPAL AIRPORT, WY US",1/6/2003,6.26,0,37.00,52.00,22.00,,,,,,,,,,,,,
USW00094053,"TORRINGTON MUNICIPAL AIRPORT, WY US",1/7/2003,7.61,0,43.00,65.00,20.00,,,,,,,,,,,,,
USW00094053,"TORRINGTON MUNICIPAL AIRPORT, WY US",1/8/2003,10.07,0,45.00,64.00,26.00,,,,,,,,,,,,,
USW00094053,"TORRINGTON MUNICIPAL AIRPORT, WY US",1/9/2003,13.87,0,25.00,36.00,14.00,,,,,,,,,,,,,
USW00094053,"TORRINGTON MUNICIPAL AIRPORT, WY US",1/10/2003,3.8,0,15.00,26.00,4.00,,,,,,,,,,,,,
USW00094053,"TORRINGTON MUNICIPAL AIRPORT, WY US",1/11/2003,5.37,0,18.00,34.00,2.00,,,,,,,,,,,,,
USW00094053,"TORRINGTON MUNICIPAL AIRPORT, WY US",1/12/2003,9.62,0,30.00,52.00,7.00,,,,,,,,,,,,,
USW00094053,"TORRINGTON MUNICIPAL AIRPORT, WY US",1/13/2003,17,0,42.00,58.00,26.00,,,,,,,,,,,,,
USW00094053,"TORRINGTON MUNICIPAL AIRPORT, WY US",1/14/2003,7.83,0,34.00,48.00,20.00,,,,,,,,,,,,,
USW00094053,"TORRINGTON MUNICIPAL AIRPORT, WY US",1/15/2003,16.33,0,24.00,32.00,16.00,,,,,,,,,,,,,
USW00094053,"TORRINGTON MUNICIPAL AIRPORT, WY US",1/16/2003,9.84,0,23.00,36.00,9.00,,,,,,,,,,,,,
USW00094053,"TORRINGTON MUNICIPAL AIRPORT, WY US",1/17/2003,10.29,0,25.00,43.00,6.00,,,,,,,,,,,,,
USW00094053,"TORRINGTON MUNICIPAL AIRPORT, WY US",1/18/2003,10.07,0,31.00,47.00,14.00,,,,,,,,,,,,,
USW00094053,"TORRINGTON MUNICIPAL AIRPORT, WY US",1/19/2003,14.76,0,44.00,59.00,29.00,,,,,,,,,,,,,
USW00094053,"TORRINGTON MUNICIPAL AIRPORT, WY US",1/20/2003,17,0,44.00,61.00,27.00,,,,,,,,,,,,,
USW00094053,"TORRINGTON MUNICIPAL AIRPORT, WY US",1/21/2003,12.3,0,20.00,31.00,9.00,,,,,,,,,,,,,
USW00094053,"TORRINGTON MUNICIPAL AIRPORT, WY US",1/22/2003,8.72,0.08,0.00,9.00,-2.00,,,,,,,,,,,,,
USW00094053,"TORRINGTON MUNICIPAL AIRPORT, WY US",1/23/2003,6.26,0,21.00,40.00,2.00,,,,,,,,,,,,,
USW00094053,"TORRINGTON MUNICIPAL AIRPORT, WY US",1/24/2003,4.03,0.01,28.00,43.00,12.00,,,,,,,,,,,,,
USW00094053,"TORRINGTON MUNICIPAL AIRPORT, WY US",1/25/2003,9.17,0,33.00,50.00,16.00,,,,,,,,,,,,,
USW00094053,"TORRINGTON MUNICIPAL AIRPORT, WY US",1/26/2003,12.75,0,32.00,52.00,11.00,,,,,,,,,,,,,
USW00094053,"TORRINGTON MUNICIPAL AIRPORT, WY US",1/27/2003,14.32,0,53.00,65.00,41.00,,,,,,,,,,,,,
USW00094053,"TORRINGTON MUNICIPAL AIRPORT, WY US",1/28/2003,6.26,0,36.00,42.00,30.00,,,,,,,,,,,,,
USW00094053,"TORRINGTON MUNICIPAL AIRPORT, WY US",1/29/2003,5.59,0,40.00,51.00,29.00,,,,,,,,,,,,,
USW00094053,"TORRINGTON MUNICIPAL AIRPORT, WY US",1/30/2003,21.03,0.07,47.00,60.00,33.00,,,,,,,,,,,,,
USW00094053,"TORRINGTON MUNICIPAL AIRPORT, WY US",1/31/2003,12.08,0,44.00,64.00,23.00,,,,,,,,,,,,,
USW00094053,"TORRINGTON MUNICIPAL AIRPORT, WY US",2/1/2003,12.53,0,60.00,71.00,48.00,,,,,,,,,,,,,
USW00094053,"TORRINGTON MUNICIPAL AIRPORT, WY US",2/2/2003,15.88,0.03,37.00,50.00,24.00,,,,,,,,,,,,,
USW00094053,"TORRINGTON MUNICIPAL AIRPORT, WY US",2/3/2003,10.29,0,28.00,36.00,19.00,,,,,,,,,,,,,
USW00094053,"TORRINGTON MUNICIPAL AIRPORT, WY US",2/4/2003,7.38,0,26.00,35.00,16.00,,,,,,,,,,,,,
USW00094053,"TORRINGTON MUNICIPAL AIRPORT, WY US",2/5/2003,6.93,0,24.00,34.00,14.00,,,,,,,,,,,,,
USW00094053,"TORRINGTON MUNICIPAL AIRPORT, WY US",2/6/2003,9.84,0,12.00,19.00,4.00,,,,,,,,,,,,,
USW00094053,"TORRINGTON MUNICIPAL AIRPORT, WY US",2/7/2003,10.74,0,18.00,36.00,-1.00,,,,,,,,,,,,,
USW00094053,"TORRINGTON MUNICIPAL AIRPORT, WY US",2/8/2003,8.72,0.04,23.00,28.00,18.00,,,,,,,,,,,,,
USW00094053,"TORRINGTON MUNICIPAL AIRPORT, WY US",2/9/2003,10.29,0,24.00,35.00,12.00,,,,,,,,,,,,,
USW00094053,"TORRINGTON MUNICIPAL AIRPORT, WY US",2/10/2003,17.9,0,31.00,39.00,23.00,,,,,,,,,,,,,
USW00094053,"TORRINGTON MUNICIPAL AIRPORT, WY US",2/11/2003,10.29,0,29.00,41.00,16.00,,,,,,,,,,,,,
USW00094053,"TORRINGTON MUNICIPAL AIRPORT, WY US",2/12/2003,3.8,0,32.00,52.00,11.00,,,,,,,,,,,,,
USW00094053,"TORRINGTON MUNICIPAL AIRPORT, WY US",2/13/2003,5.82,0,33.00,50.00,15.00,,,,,,,,,,,,,
USW00094053,"TORRINGTON MUNICIPAL AIRPORT, WY US",2/14/2003,11.41,0.02,41.00,54.00,27.00,,,,,,,,,,,,,
USW00094053,"TORRINGTON MUNICIPAL AIRPORT, WY US",2/15/2003,11.63,0,36.00,48.00,24.00,,,,,,,,,,,,,
USW00094053,"TORRINGTON MUNICIPAL AIRPORT, WY US",2/16/2003,12.3,0,47.00,68.00,25.00,,,,,,,,,,,,,
USW00094053,"TORRINGTON MUNICIPAL AIRPORT, WY US",2/17/2003,21.92,0,51.00,58.00,44.00,,,,,,,,,,,,,
USW00094053,"TORRINGTON MUNICIPAL AIRPORT, WY US",2/18/2003,7.61,0,0.00,,,,,,,,,,,,,,,
USW00094053,"TORRINGTON MUNICIPAL AIRPORT, WY US",2/19/2003,6.26,0,0.00,,,,,,,,,,,,,,,
USW00094053,"TORRINGTON MUNICIPAL AIRPORT, WY US",2/20/2003,6.71,0,33.00,51.00,14.00,,,,,,,,,,,,,
USW00094053,"TORRINGTON MUNICIPAL AIRPORT, WY US",2/21/2003,10.29,0,40.00,52.00,28.00,,,,,,,,,,,,,
USW00094053,"TORRINGTON MUNICIPAL AIRPORT, WY US",2/22/2003,11.41,0.06,22.00,38.00,5.00,,,,,,,,,,,,,
USW00094053,"TORRINGTON MUNICIPAL AIRPORT, WY US",2/23/2003,9.17,0.02,2.00,5.00,-2.00,,,,,,,,,,,,,
USW00094053,"TORRINGTON MUNICIPAL AIRPORT, WY US",2/24/2003,4.92,0,-7.00,5.00,-19.00,,,,,,,,,,,,,
USW00094053,"TORRINGTON MUNICIPAL AIRPORT, WY US",2/25/2003,3.8,0,11.00,26.00,-5.00,,,,,,,,,,,,,
USW00094053,"TORRINGTON MUNICIPAL AIRPORT, WY US",2/26/2003,2.91,0,13.00,28.00,-3.00,,,,,,,,,,,,,
USW00094053,"TORRINGTON MUNICIPAL AIRPORT, WY US",2/27/2003,5.37,0.02,23.00,35.00,10.00,,,,,,,,,,,,,
USW00094053,"TORRINGTON MUNICIPAL AIRPORT, WY US",2/28/2003,5.59,0.01,27.00,34.00,20.00,,,,,,,,,,,,,
USW00094053,"TORRINGTON MUNICIPAL AIRPORT, WY US",3/1/2003,10.51,0,26.00,35.00,17.00,,,,,,,,,,,,,
USW00094053,"TORRINGTON MUNICIPAL AIRPORT, WY US",3/2/2003,10.96,0,30.00,45.00,14.00,,,,,,,,,,,,,
USW00094053,"TORRINGTON MUNICIPAL AIRPORT, WY US",3/3/2003,11.18,0.02,30.00,47.00,13.00,,,,,,,,,,,,,
USW00094053,"TORRINGTON MUNICIPAL AIRPORT, WY US",3/4/2003,9.17,0.03,11.00,13.00,8.00,,,,,,,,,,,,,
USW00094053,"TORRINGTON MUNICIPAL AIRPORT, WY US",3/5/2003,9.62,0,19.00,37.00,1.00,,,,,,,,,,,,,
USW00094053,"TORRINGTON MUNICIPAL AIRPORT, WY US",3/6/2003,20.58,0,37.00,51.00,23.00,,,,,,,,,,,,,
USW00094053,"TORRINGTON MUNICIPAL AIRPORT, WY US",3/7/2003,17.45,0,41.00,58.00,23.00,,,,,,,,,,,,,
USW00094053,"TORRINGTON MUNICIPAL AIRPORT, WY US",3/8/2003,11.63,0,28.00,45.00,11.00,,,,,,,,,,,,,
USW00094053,"TORRINGTON MUNICIPAL AIRPORT, WY US",3/9/2003,11.18,0,25.00,36.00,13.00,,,,,,,,,,,,,
USW00094053,"TORRINGTON MUNICIPAL AIRPORT, WY US",3/10/2003,6.04,0,39.00,60.00,18.00,,,,,,,,,,,,,
USW00094053,"TORRINGTON MUNICIPAL AIRPORT, WY US",3/11/2003,13.87,0,49.00,63.00,34.00,,,,,,,,,,,,,
USW00094053,"TORRINGTON MUNICIPAL AIRPORT, WY US",3/12/2003,13.87,0,52.00,68.00,35.00,,,,,,,,,,,,,
USW00094053,"TORRINGTON MUNICIPAL AIRPORT, WY US",3/13/2003,11.41,0,51.00,76.00,26.00,,,,,,,,,,,,,
USW00094053,"TORRINGTON MUNICIPAL AIRPORT, WY US",3/14/2003,8.5,0,56.00,79.00,33.00,,,,,,,,,,,,,
USW00094053,"TORRINGTON MUNICIPAL AIRPORT, WY US",3/15/2003,10.74,0,53.00,67.00,39.00,,,,,,,,,,,,,
USW00094053,"TORRINGTON MUNICIPAL AIRPORT, WY US",3/16/2003,6.93,0,49.00,67.00,30.00,,,,,,,,,,,,,
USW00094053,"TORRINGTON MUNICIPAL AIRPORT, WY US",3/17/2003,16.11,0.25,45.00,51.00,39.00,,,,,,,,,,,,,
USW00094053,"TORRINGTON MUNICIPAL AIRPORT, WY US",3/18/2003,18.57,0.97,35.00,40.00,30.00,,,,,,,,,,,,,
USW00094053,"TORRINGTON MUNICIPAL AIRPORT, WY US",3/19/2003,20.8,0.12,33.00,36.00,30.00,,,,,,,,,,,,,
USW00094053,"TORRINGTON MUNICIPAL AIRPORT, WY US",3/20/2003,6.49,0,36.00,40.00,32.00,,,,,,,,,,,,,
USW00094053,"TORRINGTON MUNICIPAL AIRPORT, WY US",3/21/2003,6.93,0,40.00,50.00,29.00,,,,,,,,,,,,,
USW00094053,"TORRINGTON MUNICIPAL AIRPORT, WY US",3/22/2003,10.07,0,44.00,59.00,29.00,,,,,,,,,,,,,
USW00094053,"TORRINGTON MUNICIPAL AIRPORT, WY US",3/23/2003,12.3,0,53.00,68.00,38.00,,,,,,,,,,,,,
USW00094053,"TORRINGTON MUNICIPAL AIRPORT, WY US",3/24/2003,7.61,0,41.00,49.00,32.00,,,,,,,,,,,,,
USW00094053,"TORRINGTON MUNICIPAL AIRPORT, WY US",3/25/2003,7.83,0,42.00,57.00,27.00,,,,,,,,,,,,,
USW00094053,"TORRINGTON MUNICIPAL AIRPORT, WY US",3/26/2003,14.09,0.27,46.00,59.00,32.00,,,,,,,,,,,,,
USW00094053,"TORRINGTON MUNICIPAL AIRPORT, WY US",3/27/2003,8.05,0.27,26.00,32.00,20.00,,,,,,,,,,,,,
USW00094053,"TORRINGTON MUNICIPAL AIRPORT, WY US",3/28/2003,11.41,0,25.00,32.00,17.00,,,,,,,,,,,,,
USW00094053,"TORRINGTON MUNICIPAL AIRPORT, WY US",3/29/2003,8.95,0,27.00,37.00,16.00,,,,,,,,,,,,,
USW00094053,"TORRINGTON MUNICIPAL AIRPORT, WY US",3/30/2003,10.96,0,42.00,58.00,25.00,,,,,,,,,,,,,
USW00094053,"TORRINGTON MUNICIPAL AIRPORT, WY US",3/31/2003,13.87,0,54.00,71.00,37.00,,,,,,,,,,,,,
USW00094053,"TORRINGTON MUNICIPAL AIRPORT, WY US",4/1/2003,12.53,0,63.00,78.00,47.00,,,,,,,,,,,,,
USW00094053,"TORRINGTON MUNICIPAL AIRPORT, WY US",4/2/2003,7.61,0,56.00,73.00,38.00,,,,,,,,,,,,,
USW00094053,"TORRINGTON MUNICIPAL AIRPORT, WY US",4/3/2003,10.29,0,43.00,53.00,32.00,,,,,,,,,,,,,
USW00094053,"TORRINGTON MUNICIPAL AIRPORT, WY US",4/4/2003,11.18,0,38.00,49.00,27.00,,,,,,,,,,,,,
USW00094053,"TORRINGTON MUNICIPAL AIRPORT, WY US",4/5/2003,13.2,0.23,32.00,38.00,26.00,,,,,,,,,,,,,
USW00094053,"TORRINGTON MUNICIPAL AIRPORT, WY US",4/6/2003,8.5,0,29.00,32.00,26.00,,,,,,,,,,,,,
USW00094053,"TORRINGTON MUNICIPAL AIRPORT, WY US",4/7/2003,8.28,0,31.00,37.00,25.00,,,,,,,,,,,,,
USW00094053,"TORRINGTON MUNICIPAL AIRPORT, WY US",4/8/2003,5.82,0,39.00,58.00,20.00,,,,,,,,,,,,,
USW00094053,"TORRINGTON MUNICIPAL AIRPORT, WY US",4/9/2003,4.7,0,51.00,76.00,26.00,,,,,,,,,,,,,
USW00094053,"TORRINGTON MUNICIPAL AIRPORT, WY US",4/10/2003,7.38,0,51.00,71.00,31.00,,,,,,,,,,,,,
USW00094053,"TORRINGTON MUNICIPAL AIRPORT, WY US",4/11/2003,8.28,0,56.00,78.00,33.00,,,,,,,,,,,,,
USW00094053,"TORRINGTON MUNICIPAL AIRPORT, WY US",4/12/2003,5.59,0,60.00,81.00,38.00,,,,,,,,,,,,,
USW00094053,"TORRINGTON MUNICIPAL AIRPORT, WY US",4/13/2003,6.04,0,59.00,83.00,35.00,,,,,,,,,,,,,
USW00094053,"TORRINGTON MUNICIPAL AIRPORT, WY US",4/14/2003,6.26,0,60.00,81.00,38.00,,,,,,,,,,,,,
USW00094053,"TORRINGTON MUNICIPAL AIRPORT, WY US",4/15/2003,14.09,0,60.00,75.00,44.00,,,,,,,,,,,,,
USW00094053,"TORRINGTON MUNICIPAL AIRPORT, WY US",4/16/2003,21.92,0.01,49.00,62.00,35.00,,,,,,,,,,,,,
USW00094053,"TORRINGTON MUNICIPAL AIRPORT, WY US",4/17/2003,19.46,0.01,51.00,71.00,31.00,,,,,,,,,,,,,
USW00094053,"TORRINGTON MUNICIPAL AIRPORT, WY US",4/18/2003,12.3,0.03,50.00,58.00,41.00,,,,,,,,,,,,,
USW00094053,"TORRINGTON MUNICIPAL AIRPORT, WY US",4/19/2003,14.54,0,46.00,53.00,39.00,,,,,,,,,,,,,
USW00094053,"TORRINGTON MUNICIPAL AIRPORT, WY US",4/20/2003,10.29,0,49.00,61.00,36.00,,,,,,,,,,,,,
USW00094053,"TORRINGTON MUNICIPAL AIRPORT, WY US",4/21/2003,14.99,0,50.00,69.00,30.00,,,,,,,,,,,,,
USW00094053,"TORRINGTON MUNICIPAL AIRPORT, WY US",4/22/2003,13.65,1.01,55.00,69.00,41.00,,,,,,,,,,,,,
USW00094053,"TORRINGTON MUNICIPAL AIRPORT, WY US",4/23/2003,14.32,0.14,46.00,49.00,43.00,,,,,,,,,,,,,
USW00094053,"TORRINGTON MUNICIPAL AIRPORT, WY US",4/24/2003,9.17,0,50.00,58.00,41.00,,,,,,,,,,,,,
USW00094053,"TORRINGTON MUNICIPAL AIRPORT, WY US",4/25/2003,10.74,0,52.00,63.00,41.00,,,,,,,,,,,,,
USW00094053,"TORRINGTON MUNICIPAL AIRPORT, WY US",4/26/2003,10.29,0,58.00,78.00,38.00,,,,,,,,,,,,,
USW00094053,"TORRINGTON MUNICIPAL AIRPORT, WY US",4/27/2003,8.5,0,49.00,63.00,35.00,,,,,,,,,,,,,
USW00094053,"TORRINGTON MUNICIPAL AIRPORT, WY US",4/28/2003,14.54,0.03,53.00,61.00,45.00,,,,,,,,,,,,,
USW00094053,"TORRINGTON MUNICIPAL AIRPORT, WY US",4/29/2003,10.74,0.15,50.00,56.00,44.00,,,,,,,,,,,,,
USW00094053,"TORRINGTON MUNICIPAL AIRPORT, WY US",4/30/2003,10.74,0.62,48.00,54.00,41.00,,,,,,,,,,,,,
USW00094053,"TORRINGTON MUNICIPAL AIRPORT, WY US",5/1/2003,7.61,0.13,46.00,52.00,39.00,,,,,,,,,,,,,
USW00094053,"TORRINGTON MUNICIPAL AIRPORT, WY US",5/2/2003,8.5,0,50.00,64.00,35.00,,,,,,,,,,,,,
USW00094053,"TORRINGTON MUNICIPAL AIRPORT, WY US",5/3/2003,10.51,0,58.00,72.00,43.00,,,,,,,,,,,,,
USW00094053,"TORRINGTON MUNICIPAL AIRPORT, WY US",5/4/2003,12.75,0.1,54.00,65.00,42.00,,,,,,,,,,,,,
USW00094053,"TORRINGTON MUNICIPAL AIRPORT, WY US",5/5/2003,12.75,0,49.00,60.00,37.00,,,,,,,,,,,,,
USW00094053,"TORRINGTON MUNICIPAL AIRPORT, WY US",5/6/2003,8.72,0,49.00,65.00,32.00,,,,,,,,,,,,,
USW00094053,"TORRINGTON MUNICIPAL AIRPORT, WY US",5/7/2003,12.75,0,55.00,71.00,38.00,,,,,,,,,,,,,
USW00094053,"TORRINGTON MUNICIPAL AIRPORT, WY US",5/8/2003,12.75,0.68,48.00,54.00,41.00,,,,,,,,,,,,,
USW00094053,"TORRINGTON MUNICIPAL AIRPORT, WY US",5/9/2003,9.4,0.01,46.00,54.00,37.00,,,,,,,,,,,,,
USW00094053,"TORRINGTON MUNICIPAL AIRPORT, WY US",5/10/2003,12.53,0.12,44.00,49.00,39.00,,,,,,,,,,,,,
USW00094053,"TORRINGTON MUNICIPAL AIRPORT, WY US",5/11/2003,8.5,0,46.00,60.00,32.00,,,,,,,,,,,,,
USW00094053,"TORRINGTON MUNICIPAL AIRPORT, WY US",5/12/2003,5.37,0,55.00,72.00,37.00,,,,,,,,,,,,,
USW00094053,"TORRINGTON MUNICIPAL AIRPORT, WY US",5/13/2003,11.63,0,58.00,71.00,44.00,,,,,,,,,,,,,
USW00094053,"TORRINGTON MUNICIPAL AIRPORT, WY US",5/14/2003,7.61,0,56.00,74.00,38.00,,,,,,,,,,,,,
USW00094053,"TORRINGTON MUNICIPAL AIRPORT, WY US",5/15/2003,15.43,0,58.00,72.00,44.00,,,,,,,,,,,,,
USW00094053,"TORRINGTON MUNICIPAL AIRPORT, WY US",5/16/2003,8.72,0,66.00,81.00,50.00,,,,,,,,,,,,,
USW00094053,"TORRINGTON MUNICIPAL AIRPORT, WY US",5/17/2003,11.18,0,61.00,75.00,47.00,,,,,,,,,,,,,
USW00094053,"TORRINGTON MUNICIPAL AIRPORT, WY US",5/18/2003,10.07,0.07,61.00,77.00,44.00,,,,,,,,,,,,,
USW00094053,"TORRINGTON MUNICIPAL AIRPORT, WY US",5/19/2003,15.43,0,44.00,55.00,32.00,,,,,,,,,,,,,
USW00094053,"TORRINGTON MUNICIPAL AIRPORT, WY US",5/20/2003,12.97,0,45.00,64.00,25.00,,,,,,,,,,,,,
USW00094053,"TORRINGTON MUNICIPAL AIRPORT, WY US",5/21/2003,7.38,0,56.00,75.00,36.00,,,,,,,,,,,,,
USW00094053,"TORRINGTON MUNICIPAL AIRPORT, WY US",5/22/2003,9.62,0,62.00,77.00,47.00,,,,,,,,,,,,,
USW00094053,"TORRINGTON MUNICIPAL AIRPORT, WY US",5/23/2003,9.17,0,68.00,86.00,50.00,,,,,,,,,,,,,
USW00094053,"TORRINGTON MUNICIPAL AIRPORT, WY US",5/24/2003,8.28,0,66.00,78.00,53.00,,,,,,,,,,,,,
USW00094053,"TORRINGTON MUNICIPAL AIRPORT, WY US",5/25/2003,13.87,0,66.00,81.00,51.00,,,,,,,,,,,,,
USW00094053,"TORRINGTON MUNICIPAL AIRPORT, WY US",5/26/2003,13.87,0,68.00,83.00,53.00,,,,,,,,,,,,,
USW00094053,"TORRINGTON MUNICIPAL AIRPORT, WY US",5/27/2003,8.5,0,69.00,87.00,50.00,,,,,,,,,,,,,
USW00094053,"TORRINGTON MUNICIPAL AIRPORT, WY US",5/28/2003,6.71,0,73.00,88.00,57.00,,,,,,,,,,,,,
USW00094053,"TORRINGTON MUNICIPAL AIRPORT, WY US",5/29/2003,11.41,0,78.00,100.00,55.00,,,,,,,,,,,,,
USW00094053,"TORRINGTON MUNICIPAL AIRPORT, WY US",5/30/2003,11.41,0.18,69.00,84.00,54.00,,,,,,,,,,,,,
USW00094053,"TORRINGTON MUNICIPAL AIRPORT, WY US",5/31/2003,15.21,0,68.00,85.00,51.00,,,,,,,,,,,,,
USW00094053,"TORRINGTON MUNICIPAL AIRPORT, WY US",6/1/2003,9.62,0.13,63.00,73.00,53.00,,,,,,,,,,,,,
USW00094053,"TORRINGTON MUNICIPAL AIRPORT, WY US",6/2/2003,8.95,0.2,62.00,78.00,46.00,,,,,,,,,,,,,
USW00094053,"TORRINGTON MUNICIPAL AIRPORT, WY US",6/3/2003,9.4,0,60.00,72.00,47.00,,,,,,,,,,,,,
USW00094053,"TORRINGTON MUNICIPAL AIRPORT, WY US",6/4/2003,6.71,0.2,57.00,67.00,46.00,,,,,,,,,,,,,
USW00094053,"TORRINGTON MUNICIPAL AIRPORT, WY US",6/5/2003,11.86,0,56.00,65.00,46.00,,,,,,,,,,,,,
USW00094053,"TORRINGTON MUNICIPAL AIRPORT, WY US",6/6/2003,7.83,0.05,53.00,63.00,42.00,,,,,,,,,,,,,
USW00094053,"TORRINGTON MUNICIPAL AIRPORT, WY US",6/7/2003,13.42,0.01,50.00,60.00,40.00,,,,,,,,,,,,,
USW00094053,"TORRINGTON MUNICIPAL AIRPORT, WY US",6/8/2003,4.92,0,55.00,77.00,33.00,,,,,,,,,,,,,
USW00094053,"TORRINGTON MUNICIPAL AIRPORT, WY US",6/9/2003,9.4,0.04,67.00,87.00,47.00,,,,,,,,,,,,,
USW00094053,"TORRINGTON MUNICIPAL AIRPORT, WY US",6/10/2003,8.95,0.01,66.00,84.00,47.00,,,,,,,,,,,,,
USW00094053,"TORRINGTON MUNICIPAL AIRPORT, WY US",6/11/2003,3.58,,,,,,,,,,,,,,,,,
USW00094053,"TORRINGTON MUNICIPAL AIRPORT, WY US",6/12/2003,5.59,0,64.00,82.00,46.00,,,,,,,,,,,,,
USW00094053,"TORRINGTON MUNICIPAL AIRPORT, WY US",6/13/2003,8.72,0.11,68.00,80.00,56.00,,,,,,,,,,,,,
USW00094053,"TORRINGTON MUNICIPAL AIRPORT, WY US",6/14/2003,5.14,0.01,68.00,83.00,53.00,,,,,,,,,,,,,
USW00094053,"TORRINGTON MUNICIPAL AIRPORT, WY US",6/15/2003,8.28,0,71.00,90.00,52.00,,,,,,,,,,,,,
USW00094053,"TORRINGTON MUNICIPAL AIRPORT, WY US",6/16/2003,9.62,0.03,73.00,87.00,58.00,,,,,,,,,,,,,
USW00094053,"TORRINGTON MUNICIPAL AIRPORT, WY US",6/17/2003,7.61,0.09,67.00,78.00,56.00,,,,,,,,,,,,,
USW00094053,"TORRINGTON MUNICIPAL AIRPORT, WY US",6/18/2003,7.61,0,68.00,77.00,58.00,,,,,,,,,,,,,
USW00094053,"TORRINGTON MUNICIPAL AIRPORT, WY US",6/19/2003,16.33,0,69.00,82.00,55.00,,,,,,,,,,,,,
USW00094053,"TORRINGTON MUNICIPAL AIRPORT, WY US",6/20/2003,11.63,0.13,72.00,87.00,56.00,,,,,,,,,,,,,
USW00094053,"TORRINGTON MUNICIPAL AIRPORT, WY US",6/21/2003,9.17,0,68.00,82.00,53.00,,,,,,,,,,,,,
USW00094053,"TORRINGTON MUNICIPAL AIRPORT, WY US",6/22/2003,8.28,0.28,66.00,82.00,49.00,,,,,,,,,,,,,
USW00094053,"TORRINGTON MUNICIPAL AIRPORT, WY US",6/23/2003,12.97,0.03,64.00,73.00,54.00,,,,,,,,,,,,,
USW00094053,"TORRINGTON MUNICIPAL AIRPORT, WY US",6/24/2003,12.3,0.05,53.00,59.00,47.00,,,,,,,,,,,,,
USW00094053,"TORRINGTON MUNICIPAL AIRPORT, WY US",6/25/2003,9.84,0.03,57.00,68.00,45.00,,,,,,,,,,,,,
USW00094053,"TORRINGTON MUNICIPAL AIRPORT, WY US",6/26/2003,8.5,0,61.00,79.00,43.00,,,,,,,,,,,,,
USW00094053,"TORRINGTON MUNICIPAL AIRPORT, WY US",6/27/2003,6.49,0,67.00,86.00,48.00,,,,,,,,,,,,,
USW00094053,"TORRINGTON MUNICIPAL AIRPORT, WY US",6/28/2003,9.62,0.01,72.00,88.00,55.00,,,,,,,,,,,,,
USW00094053,"TORRINGTON MUNICIPAL AIRPORT, WY US",6/29/2003,6.93,0.73,63.00,71.00,54.00,,,,,,,,,,,,,
USW00094053,"TORRINGTON MUNICIPAL AIRPORT, WY US",6/30/2003,9.62,0.01,73.00,91.00,55.00,,,,,,,,,,,,,
USW00094053,"TORRINGTON MUNICIPAL AIRPORT, WY US",7/1/2003,7.61,0,78.00,96.00,60.00,,,,,,,,,,,,,
USW00094053,"TORRINGTON MUNICIPAL AIRPORT, WY US",7/2/2003,6.71,0,77.00,97.00,57.00,,,,,,,,,,,,,
USW00094053,"TORRINGTON MUNICIPAL AIRPORT, WY US",7/3/2003,5.59,0,76.00,99.00,53.00,,,,,,,,,,,,,
USW00094053,"TORRINGTON MUNICIPAL AIRPORT, WY US",7/4/2003,8.28,0,76.00,93.00,59.00,,,,,,,,,,,,,
USW00094053,"TORRINGTON MUNICIPAL AIRPORT, WY US",7/5/2003,7.16,0,76.00,98.00,54.00,,,,,,,,,,,,,
USW00094053,"TORRINGTON MUNICIPAL AIRPORT, WY US",7/6/2003,9.62,0,74.00,96.00,52.00,,,,,,,,,,,,,
USW00094053,"TORRINGTON MUNICIPAL AIRPORT, WY US",7/7/2003,8.05,0,73.00,85.00,60.00,,,,,,,,,,,,,
USW00094053,"TORRINGTON MUNICIPAL AIRPORT, WY US",7/8/2003,11.63,0,78.00,101.00,55.00,,,,,,,,,,,,,
USW00094053,"TORRINGTON MUNICIPAL AIRPORT, WY US",7/9/2003,8.5,0,74.00,91.00,57.00,,,,,,,,,,,,,
USW00094053,"TORRINGTON MUNICIPAL AIRPORT, WY US",7/10/2003,6.71,0,76.00,95.00,56.00,,,,,,,,,,,,,
USW00094053,"TORRINGTON MUNICIPAL AIRPORT, WY US",7/11/2003,9.84,0,76.00,90.00,61.00,,,,,,,,,,,,,
USW00094053,"TORRINGTON MUNICIPAL AIRPORT, WY US",7/12/2003,9.4,0.03,78.00,99.00,57.00,,,,,,,,,,,,,
USW00094053,"TORRINGTON MUNICIPAL AIRPORT, WY US",7/13/2003,6.49,0,82.00,103.00,60.00,,,,,,,,,,,,,
USW00094053,"TORRINGTON MUNICIPAL AIRPORT, WY US",7/14/2003,10.51,0,78.00,94.00,62.00,,,,,,,,,,,,,
USW00094053,"TORRINGTON MUNICIPAL AIRPORT, WY US",7/15/2003,11.41,0,80.00,99.00,60.00,,,,,,,,,,,,,
USW00094053,"TORRINGTON MUNICIPAL AIRPORT, WY US",7/16/2003,7.61,0,87.00,106.00,67.00,,,,,,,,,,,,,
USW00094053,"TORRINGTON MUNICIPAL AIRPORT, WY US",7/17/2003,8.05,0,85.00,106.00,63.00,,,,,,,,,,,,,
USW00094053,"TORRINGTON MUNICIPAL AIRPORT, WY US",7/18/2003,8.5,0.02,79.00,93.00,64.00,,,,,,,,,,,,,
USW00094053,"TORRINGTON MUNICIPAL AIRPORT, WY US",7/19/2003,5.14,0,77.00,95.00,59.00,,,,,,,,,,,,,
USW00094053,"TORRINGTON MUNICIPAL AIRPORT, WY US",7/20/2003,8.72,0.09,81.00,100.00,62.00,,,,,,,,,,,,,
USW00094053,"TORRINGTON MUNICIPAL AIRPORT, WY US",7/21/2003,11.18,0,78.00,98.00,58.00,,,,,,,,,,,,,
USW00094053,"TORRINGTON MUNICIPAL AIRPORT, WY US",7/22/2003,7.83,0,75.00,90.00,59.00,,,,,,,,,,,,,
USW00094053,"TORRINGTON MUNICIPAL AIRPORT, WY US",7/23/2003,9.4,0,80.00,100.00,59.00,,,,,,,,,,,,,
USW00094053,"TORRINGTON MUNICIPAL AIRPORT, WY US",7/24/2003,6.93,0,83.00,105.00,60.00,,,,,,,,,,,,,
USW00094053,"TORRINGTON MUNICIPAL AIRPORT, WY US",7/25/2003,9.4,0.23,87.00,105.00,69.00,,,,,,,,,,,,,
USW00094053,"TORRINGTON MUNICIPAL AIRPORT, WY US",7/26/2003,8.28,0.13,81.00,95.00,67.00,,,,,,,,,,,,,
USW00094053,"TORRINGTON MUNICIPAL AIRPORT, WY US",7/27/2003,8.5,0.5,77.00,89.00,64.00,,,,,,,,,,,,,
USW00094053,"TORRINGTON MUNICIPAL AIRPORT, WY US",7/28/2003,6.71,0,76.00,88.00,63.00,,,,,,,,,,,,,
USW00094053,"TORRINGTON MUNICIPAL AIRPORT, WY US",7/29/2003,8.05,0,75.00,90.00,59.00,,,,,,,,,,,,,
USW00094053,"TORRINGTON MUNICIPAL AIRPORT, WY US",7/30/2003,3.8,0,75.00,93.00,56.00,,,,,,,,,,,,,
USW00094053,"TORRINGTON MUNICIPAL AIRPORT, WY US",7/31/2003,9.62,0,76.00,95.00,56.00,,,,,,,,,,,,,
USW00094053,"TORRINGTON MUNICIPAL AIRPORT, WY US",8/1/2003,8.72,0,75.00,91.00,59.00,,,,,,,,,,,,,
USW00094053,"TORRINGTON MUNICIPAL AIRPORT, WY US",8/2/2003,8.05,0,73.00,90.00,56.00,,,,,,,,,,,,,
USW00094053,"TORRINGTON MUNICIPAL AIRPORT, WY US",8/3/2003,8.5,0,80.00,98.00,62.00,,,,,,,,,,,,,
USW00094053,"TORRINGTON MUNICIPAL AIRPORT, WY US",8/4/2003,8.72,0,78.00,94.00,62.00,,,,,,,,,,,,,
USW00094053,"TORRINGTON MUNICIPAL AIRPORT, WY US",8/5/2003,6.26,0,77.00,93.00,60.00,,,,,,,,,,,,,
USW00094053,"TORRINGTON MUNICIPAL AIRPORT, WY US",8/6/2003,12.3,0,79.00,97.00,60.00,,,,,,,,,,,,,
USW00094053,"TORRINGTON MUNICIPAL AIRPORT, WY US",8/7/2003,7.61,0.13,77.00,93.00,60.00,,,,,,,,,,,,,
USW00094053,"TORRINGTON MUNICIPAL AIRPORT, WY US",8/8/2003,8.72,0,80.00,97.00,62.00,,,,,,,,,,,,,
USW00094053,"TORRINGTON MUNICIPAL AIRPORT, WY US",8/9/2003,8.72,0,80.00,99.00,61.00,,,,,,,,,,,,,
USW00094053,"TORRINGTON MUNICIPAL AIRPORT, WY US",8/10/2003,7.83,0,78.00,95.00,61.00,,,,,,,,,,,,,
USW00094053,"TORRINGTON MUNICIPAL AIRPORT, WY US",8/11/2003,13.42,0,78.00,93.00,63.00,,,,,,,,,,,,,
USW00094053,"TORRINGTON MUNICIPAL AIRPORT, WY US",8/12/2003,14.32,0,77.00,94.00,60.00,,,,,,,,,,,,,
USW00094053,"TORRINGTON MUNICIPAL AIRPORT, WY US",8/13/2003,13.65,0,78.00,96.00,60.00,,,,,,,,,,,,,
USW00094053,"TORRINGTON MUNICIPAL AIRPORT, WY US",8/14/2003,11.63,0,75.00,93.00,56.00,,,,,,,,,,,,,
USW00094053,"TORRINGTON MUNICIPAL AIRPORT, WY US",8/15/2003,10.29,0,74.00,92.00,56.00,,,,,,,,,,,,,
USW00094053,"TORRINGTON MUNICIPAL AIRPORT, WY US",8/16/2003,7.38,0,76.00,95.00,56.00,,,,,,,,,,,,,
USW00094053,"TORRINGTON MUNICIPAL AIRPORT, WY US",8/17/2003,10.96,,,,,,,,,,,,,,,,,
USW00094053,"TORRINGTON MUNICIPAL AIRPORT, WY US",8/18/2003,10.29,0,74.00,90.00,57.00,,,,,,,,,,,,,
USW00094053,"TORRINGTON MUNICIPAL AIRPORT, WY US",8/19/2003,5.37,0,69.00,86.00,52.00,,,,,,,,,,,,,
USW00094053,"TORRINGTON MUNICIPAL AIRPORT, WY US",8/20/2003,3.8,0,75.00,96.00,53.00,,,,,,,,,,,,,
USW00094053,"TORRINGTON MUNICIPAL AIRPORT, WY US",8/21/2003,9.84,0,73.00,86.00,59.00,,,,,,,,,,,,,
USW00094053,"TORRINGTON MUNICIPAL AIRPORT, WY US",8/22/2003,6.93,0,80.00,98.00,61.00,,,,,,,,,,,,,
USW00094053,"TORRINGTON MUNICIPAL AIRPORT, WY US",8/23/2003,6.71,0,79.00,94.00,63.00,,,,,,,,,,,,,
USW00094053,"TORRINGTON MUNICIPAL AIRPORT, WY US",8/24/2003,5.82,0,78.00,93.00,63.00,,,,,,,,,,,,,
USW00094053,"TORRINGTON MUNICIPAL AIRPORT, WY US",8/25/2003,7.38,0,81.00,98.00,63.00,,,,,,,,,,,,,
USW00094053,"TORRINGTON MUNICIPAL AIRPORT, WY US",8/26/2003,7.38,0,75.00,94.00,55.00,,,,,,,,,,,,,
USW00094053,"TORRINGTON MUNICIPAL AIRPORT, WY US",8/27/2003,10.29,0,77.00,97.00,57.00,,,,,,,,,,,,,
USW00094053,"TORRINGTON MUNICIPAL AIRPORT, WY US",8/28/2003,8.5,0,74.00,89.00,58.00,,,,,,,,,,,,,
USW00094053,"TORRINGTON MUNICIPAL AIRPORT, WY US",8/29/2003,13.87,0,61.00,67.00,54.00,,,,,,,,,,,,,
USW00094053,"TORRINGTON MUNICIPAL AIRPORT, WY US",8/30/2003,9.4,0.59,58.00,63.00,53.00,,,,,,,,,,,,,
USW00094053,"TORRINGTON MUNICIPAL AIRPORT, WY US",8/31/2003,9.4,0,64.00,73.00,55.00,,,,,,,,,,,,,
USW00094053,"TORRINGTON MUNICIPAL AIRPORT, WY US",9/1/2003,6.26,0.01,68.00,85.00,50.00,,,,,,,,,,,,,
USW00094053,"TORRINGTON MUNICIPAL AIRPORT, WY US",9/2/2003,7.16,0,69.00,89.00,48.00,,,,,,,,,,,,,
USW00094053,"TORRINGTON MUNICIPAL AIRPORT, WY US",9/3/2003,7.61,0.03,63.00,75.00,51.00,,,,,,,,,,,,,
USW00094053,"TORRINGTON MUNICIPAL AIRPORT, WY US",9/4/2003,5.59,0,67.00,86.00,48.00,,,,,,,,,,,,,
USW00094053,"TORRINGTON MUNICIPAL AIRPORT, WY US",9/5/2003,5.14,0,70.00,92.00,47.00,,,,,,,,,,,,,
USW00094053,"TORRINGTON MUNICIPAL AIRPORT, WY US",9/6/2003,6.93,0,70.00,88.00,51.00,,,,,,,,,,,,,
USW00094053,"TORRINGTON MUNICIPAL AIRPORT, WY US",9/7/2003,6.49,0,66.00,79.00,53.00,,,,,,,,,,,,,
USW00094053,"TORRINGTON MUNICIPAL AIRPORT, WY US",9/8/2003,12.08,0.04,72.00,87.00,56.00,,,,,,,,,,,,,
USW00094053,"TORRINGTON MUNICIPAL AIRPORT, WY US",9/9/2003,10.96,0.32,64.00,80.00,48.00,,,,,,,,,,,,,
USW00094053,"TORRINGTON MUNICIPAL AIRPORT, WY US",9/10/2003,12.75,0.11,58.00,71.00,45.00,,,,,,,,,,,,,
USW00094053,"TORRINGTON MUNICIPAL AIRPORT, WY US",9/11/2003,6.04,0,58.00,70.00,45.00,,,,,,,,,,,,,
USW00094053,"TORRINGTON MUNICIPAL AIRPORT, WY US",9/12/2003,14.76,0,62.00,81.00,43.00,,,,,,,,,,,,,
USW00094053,"TORRINGTON MUNICIPAL AIRPORT, WY US",9/13/2003,9.84,0,51.00,63.00,39.00,,,,,,,,,,,,,
USW00094053,"TORRINGTON MUNICIPAL AIRPORT, WY US",9/14/2003,6.49,0,54.00,71.00,37.00,,,,,,,,,,,,,
USW00094053,"TORRINGTON MUNICIPAL AIRPORT, WY US",9/15/2003,5.59,0,61.00,86.00,35.00,,,,,,,,,,,,,
USW00094053,"TORRINGTON MUNICIPAL AIRPORT, WY US",9/16/2003,8.72,0,69.00,90.00,48.00,,,,,,,,,,,,,
USW00094053,"TORRINGTON MUNICIPAL AIRPORT, WY US",9/17/2003,13.65,0.34,52.00,70.00,33.00,,,,,,,,,,,,,
USW00094053,"TORRINGTON MUNICIPAL AIRPORT, WY US",9/18/2003,7.61,0,46.00,59.00,33.00,,,,,,,,,,,,,
USW00094053,"TORRINGTON MUNICIPAL AIRPORT, WY US",9/19/2003,5.82,0,52.00,72.00,32.00,,,,,,,,,,,,,
USW00094053,"TORRINGTON MUNICIPAL AIRPORT, WY US",9/20/2003,9.17,0,58.00,77.00,39.00,,,,,,,,,,,,,
USW00094053,"TORRINGTON MUNICIPAL AIRPORT, WY US",9/21/2003,6.71,0,57.00,74.00,40.00,,,,,,,,,,,,,
USW00094053,"TORRINGTON MUNICIPAL AIRPORT, WY US",9/22/2003,4.03,0,55.00,74.00,35.00,,,,,,,,,,,,,
USW00094053,"TORRINGTON MUNICIPAL AIRPORT, WY US",9/23/2003,8.28,0,62.00,86.00,37.00,,,,,,,,,,,,,
USW00094053,"TORRINGTON MUNICIPAL AIRPORT, WY US",9/24/2003,7.83,0,53.00,66.00,40.00,,,,,,,,,,,,,
USW00094053,"TORRINGTON MUNICIPAL AIRPORT, WY US",9/25/2003,8.05,0,60.00,85.00,35.00,,,,,,,,,,,,,
USW00094053,"TORRINGTON MUNICIPAL AIRPORT, WY US",9/26/2003,10.74,0,53.00,65.00,40.00,,,,,,,,,,,,,
USW00094053,"TORRINGTON MUNICIPAL AIRPORT, WY US",9/27/2003,11.18,0,53.00,69.00,36.00,,,,,,,,,,,,,
USW00094053,"TORRINGTON MUNICIPAL AIRPORT, WY US",9/28/2003,7.61,0,52.00,67.00,37.00,,,,,,,,,,,,,
USW00094053,"TORRINGTON MUNICIPAL AIRPORT, WY US",9/29/2003,8.72,0,48.00,61.00,35.00,,,,,,,,,,,,,
USW00094053,"TORRINGTON MUNICIPAL AIRPORT, WY US",9/30/2003,7.38,0.03,45.00,57.00,33.00,,,,,,,,,,,,,
USW00094053,"TORRINGTON MUNICIPAL AIRPORT, WY US",10/1/2003,7.16,0,48.00,67.00,29.00,,,,,,,,,,,,,
USW00094053,"TORRINGTON MUNICIPAL AIRPORT, WY US",10/2/2003,6.49,0,54.00,74.00,34.00,,,,,,,,,,,,,
USW00094053,"TORRINGTON MUNICIPAL AIRPORT, WY US",10/3/2003,7.83,0,54.00,72.00,36.00,,,,,,,,,,,,,
USW00094053,"TORRINGTON MUNICIPAL AIRPORT, WY US",10/4/2003,5.82,0,54.00,77.00,30.00,,,,,,,,,,,,,
USW00094053,"TORRINGTON MUNICIPAL AIRPORT, WY US",10/5/2003,4.92,0,58.00,80.00,35.00,,,,,,,,,,,,,
USW00094053,"TORRINGTON MUNICIPAL AIRPORT, WY US",10/6/2003,4.92,0,58.00,81.00,35.00,,,,,,,,,,,,,
USW00094053,"TORRINGTON MUNICIPAL AIRPORT, WY US",10/7/2003,3.8,0,60.00,85.00,35.00,,,,,,,,,,,,,
USW00094053,"TORRINGTON MUNICIPAL AIRPORT, WY US",10/8/2003,6.49,0,62.00,82.00,42.00,,,,,,,,,,,,,
USW00094053,"TORRINGTON MUNICIPAL AIRPORT, WY US",10/9/2003,6.93,0,65.00,90.00,39.00,,,,,,,,,,,,,
USW00094053,"TORRINGTON MUNICIPAL AIRPORT, WY US",10/10/2003,10.74,0.04,62.00,84.00,39.00,,,,,,,,,,,,,
USW00094053,"TORRINGTON MUNICIPAL AIRPORT, WY US",10/11/2003,8.72,0,48.00,61.00,34.00,,,,,,,,,,,,,
USW00094053,"TORRINGTON MUNICIPAL AIRPORT, WY US",10/12/2003,13.2,0,56.00,81.00,31.00,,,,,,,,,,,,,
USW00094053,"TORRINGTON MUNICIPAL AIRPORT, WY US",10/13/2003,10.29,0.04,44.00,57.00,31.00,,,,,,,,,,,,,
USW00094053,"TORRINGTON MUNICIPAL AIRPORT, WY US",10/14/2003,6.49,0,44.00,63.00,25.00,,,,,,,,,,,,,
USW00094053,"TORRINGTON MUNICIPAL AIRPORT, WY US",10/15/2003,8.5,0,44.00,61.00,26.00,,,,,,,,,,,,,
USW00094053,"TORRINGTON MUNICIPAL AIRPORT, WY US",10/16/2003,11.86,0,50.00,61.00,39.00,,,,,,,,,,,,,
USW00094053,"TORRINGTON MUNICIPAL AIRPORT, WY US",10/17/2003,6.93,0,59.00,86.00,31.00,,,,,,,,,,,,,
USW00094053,"TORRINGTON MUNICIPAL AIRPORT, WY US",10/18/2003,4.92,0,62.00,86.00,37.00,,,,,,,,,,,,,
USW00094053,"TORRINGTON MUNICIPAL AIRPORT, WY US",10/19/2003,6.26,0,62.00,88.00,35.00,,,,,,,,,,,,,
USW00094053,"TORRINGTON MUNICIPAL AIRPORT, WY US",10/20/2003,5.82,0,62.00,78.00,45.00,,,,,,,,,,,,,
USW00094053,"TORRINGTON MUNICIPAL AIRPORT, WY US",10/21/2003,6.26,0,64.00,83.00,44.00,,,,,,,,,,,,,
USW00094053,"TORRINGTON MUNICIPAL AIRPORT, WY US",10/22/2003,5.59,0,61.00,84.00,37.00,,,,,,,,,,,,,
USW00094053,"TORRINGTON MUNICIPAL AIRPORT, WY US",10/23/2003,9.17,0,62.00,88.00,35.00,,,,,,,,,,,,,
USW00094053,"TORRINGTON MUNICIPAL AIRPORT, WY US",10/24/2003,10.29,0,47.00,58.00,35.00,,,,,,,,,,,,,
USW00094053,"TORRINGTON MUNICIPAL AIRPORT, WY US",10/25/2003,11.18,0,36.00,48.00,24.00,,,,,,,,,,,,,
USW00094053,"TORRINGTON MUNICIPAL AIRPORT, WY US",10/26/2003,11.41,0,44.00,63.00,25.00,,,,,,,,,,,,,
USW00094053,"TORRINGTON MUNICIPAL AIRPORT, WY US",10/27/2003,17,0,58.00,73.00,43.00,,,,,,,,,,,,,
USW00094053,"TORRINGTON MUNICIPAL AIRPORT, WY US",10/28/2003,10.29,0,48.00,58.00,38.00,,,,,,,,,,,,,
USW00094053,"TORRINGTON MUNICIPAL AIRPORT, WY US",10/29/2003,21.25,0.05,54.00,76.00,31.00,,,,,,,,,,,,,
USW00094053,"TORRINGTON MUNICIPAL AIRPORT, WY US",10/30/2003,11.41,0.05,28.00,31.00,24.00,,,,,,,,,,,,,
USW00094053,"TORRINGTON MUNICIPAL AIRPORT, WY US",10/31/2003,8.5,0.02,23.00,26.00,19.00,,,,,,,,,,,,,
USW00094053,"TORRINGTON MUNICIPAL AIRPORT, WY US",11/1/2003,9.4,0.03,35.00,45.00,25.00,,,,,,,,,,,,,
USW00094053,"TORRINGTON MUNICIPAL AIRPORT, WY US",11/2/2003,9.62,0.34,35.00,38.00,32.00,,,,,,,,,,,,,
USW00094053,"TORRINGTON MUNICIPAL AIRPORT, WY US",11/3/2003,13.42,0.04,30.00,32.00,28.00,,,,,,,,,,,,,
USW00094053,"TORRINGTON MUNICIPAL AIRPORT, WY US",11/4/2003,6.93,0.01,29.00,37.00,20.00,,,,,,,,,,,,,
USW00094053,"TORRINGTON MUNICIPAL AIRPORT, WY US",11/5/2003,6.04,0.01,23.00,29.00,17.00,,,,,,,,,,,,,
USW00094053,"TORRINGTON MUNICIPAL AIRPORT, WY US",11/6/2003,5.59,0,29.00,43.00,15.00,,,,,,,,,,,,,
USW00094053,"TORRINGTON MUNICIPAL AIRPORT, WY US",11/7/2003,5.59,0,29.00,45.00,13.00,,,,,,,,,,,,,
USW00094053,"TORRINGTON MUNICIPAL AIRPORT, WY US",11/8/2003,5.14,0,34.00,48.00,20.00,,,,,,,,,,,,,
USW00094053,"TORRINGTON MUNICIPAL AIRPORT, WY US",11/9/2003,4.7,0,36.00,49.00,23.00,,,,,,,,,,,,,
USW00094053,"TORRINGTON MUNICIPAL AIRPORT, WY US",11/10/2003,14.76,0,45.00,57.00,32.00,,,,,,,,,,,,,
USW00094053,"TORRINGTON MUNICIPAL AIRPORT, WY US",11/11/2003,25.5,0,44.00,54.00,33.00,,,,,,,,,,,,,
USW00094053,"TORRINGTON MUNICIPAL AIRPORT, WY US",11/12/2003,9.84,0,33.00,45.00,21.00,,,,,,,,,,,,,
USW00094053,"TORRINGTON MUNICIPAL AIRPORT, WY US",11/13/2003,8.5,0,40.00,61.00,19.00,,,,,,,,,,,,,
USW00094053,"TORRINGTON MUNICIPAL AIRPORT, WY US",11/14/2003,14.76,0,42.00,54.00,30.00,,,,,,,,,,,,,
USW00094053,"TORRINGTON MUNICIPAL AIRPORT, WY US",11/15/2003,10.29,0,44.00,57.00,30.00,,,,,,,,,,,,,
USW00094053,"TORRINGTON MUNICIPAL AIRPORT, WY US",11/16/2003,6.26,0,40.00,55.00,24.00,,,,,,,,,,,,,
USW00094053,"TORRINGTON MUNICIPAL AIRPORT, WY US",11/17/2003,12.3,0,41.00,54.00,28.00,,,,,,,,,,,,,
USW00094053,"TORRINGTON MUNICIPAL AIRPORT, WY US",11/18/2003,17.9,0,39.00,54.00,24.00,,,,,,,,,,,,,
USW00094053,"TORRINGTON MUNICIPAL AIRPORT, WY US",11/19/2003,13.42,0,53.00,67.00,39.00,,,,,,,,,,,,,
USW00094053,"TORRINGTON MUNICIPAL AIRPORT, WY US",11/20/2003,11.86,0,48.00,69.00,27.00,,,,,,,,,,,,,
USW00094053,"TORRINGTON MUNICIPAL AIRPORT, WY US",11/21/2003,14.99,0.01,32.00,38.00,25.00,,,,,,,,,,,,,
USW00094053,"TORRINGTON MUNICIPAL AIRPORT, WY US",11/22/2003,13.87,0.03,18.00,26.00,9.00,,,,,,,,,,,,,
USW00094053,"TORRINGTON MUNICIPAL AIRPORT, WY US",11/23/2003,10.29,0,13.00,22.00,3.00,,,,,,,,,,,,,
USW00094053,"TORRINGTON MUNICIPAL AIRPORT, WY US",11/24/2003,11.86,0,26.00,45.00,7.00,,,,,,,,,,,,,
USW00094053,"TORRINGTON MUNICIPAL AIRPORT, WY US",11/25/2003,9.62,0,25.00,35.00,14.00,,,,,,,,,,,,,
USW00094053,"TORRINGTON MUNICIPAL AIRPORT, WY US",11/26/2003,6.71,0,29.00,41.00,16.00,,,,,,,,,,,,,
USW00094053,"TORRINGTON MUNICIPAL AIRPORT, WY US",11/27/2003,9.17,0,26.00,38.00,13.00,,,,,,,,,,,,,
USW00094053,"TORRINGTON MUNICIPAL AIRPORT, WY US",11/28/2003,10.29,0,29.00,49.00,8.00,,,,,,,,,,,,,
USW00094053,"TORRINGTON MUNICIPAL AIRPORT, WY US",11/29/2003,22.59,0,51.00,60.00,41.00,,,,,,,,,,,,,
USW00094053,"TORRINGTON MUNICIPAL AIRPORT, WY US",11/30/2003,11.41,0.05,44.00,57.00,31.00,,,,,,,,,,,,,
USW00094053,"TORRINGTON MUNICIPAL AIRPORT, WY US",12/1/2003,11.86,0,37.00,46.00,28.00,,,,,,,,,,,,,
USW00094053,"TORRINGTON MUNICIPAL AIRPORT, WY US",12/2/2003,10.07,0,45.00,60.00,29.00,,,,,,,,,,,,,
USW00094053,"TORRINGTON MUNICIPAL AIRPORT, WY US",12/3/2003,6.26,0,40.00,55.00,24.00,,,,,,,,,,,,,
USW00094053,"TORRINGTON MUNICIPAL AIRPORT, WY US",12/4/2003,15.21,0,28.00,39.00,17.00,,,,,,,,,,,,,
USW00094053,"TORRINGTON MUNICIPAL AIRPORT, WY US",12/5/2003,9.17,0,26.00,41.00,11.00,,,,,,,,,,,,,
USW00094053,"TORRINGTON MUNICIPAL AIRPORT, WY US",12/6/2003,9.4,0,44.00,63.00,24.00,,,,,,,,,,,,,
USW00094053,"TORRINGTON MUNICIPAL AIRPORT, WY US",12/7/2003,8.28,0,49.00,63.00,34.00,,,,,,,,,,,,,
USW00094053,"TORRINGTON MUNICIPAL AIRPORT, WY US",12/8/2003,11.41,0.3,33.00,41.00,25.00,,,,,,,,,,,,,
USW00094053,"TORRINGTON MUNICIPAL AIRPORT, WY US",12/9/2003,6.93,0,18.00,32.00,3.00,,,,,,,,,,,,,
USW00094053,"TORRINGTON MUNICIPAL AIRPORT, WY US",12/10/2003,4.7,0,9.00,19.00,-2.00,,,,,,,,,,,,,
USW00094053,"TORRINGTON MUNICIPAL AIRPORT, WY US",12/11/2003,1.79,0,9.00,16.00,1.00,,,,,,,,,,,,,
USW00094053,"TORRINGTON MUNICIPAL AIRPORT, WY US",12/12/2003,1.79,0,8.00,18.00,-2.00,,,,,,,,,,,,,
USW00094053,"TORRINGTON MUNICIPAL AIRPORT, WY US",12/13/2003,10.29,0,22.00,42.00,2.00,,,,,,,,,,,,,
USW00094053,"TORRINGTON MUNICIPAL AIRPORT, WY US",12/14/2003,10.29,0,44.00,53.00,35.00,,,,,,,,,,,,,
USW00094053,"TORRINGTON MUNICIPAL AIRPORT, WY US",12/15/2003,22.82,0,34.00,40.00,27.00,,,,,,,,,,,,,
USW00094053,"TORRINGTON MUNICIPAL AIRPORT, WY US",12/16/2003,13.65,0,30.00,40.00,19.00,,,,,,,,,,,,,
USW00094053,"TORRINGTON MUNICIPAL AIRPORT, WY US",12/17/2003,15.43,0,38.00,49.00,26.00,,,,,,,,,,,,,
USW00094053,"TORRINGTON MUNICIPAL AIRPORT, WY US",12/18/2003,7.16,0,31.00,43.00,19.00,,,,,,,,,,,,,
USW00094053,"TORRINGTON MUNICIPAL AIRPORT, WY US",12/19/2003,3.58,0,32.00,48.00,15.00,,,,,,,,,,,,,
USW00094053,"TORRINGTON MUNICIPAL AIRPORT, WY US",12/20/2003,7.83,0,41.00,63.00,19.00,,,,,,,,,,,,,
USW00094053,"TORRINGTON MUNICIPAL AIRPORT, WY US",12/21/2003,7.61,0,41.00,48.00,33.00,,,,,,,,,,,,,
USW00094053,"TORRINGTON MUNICIPAL AIRPORT, WY US",12/22/2003,10.07,0,33.00,42.00,24.00,,,,,,,,,,,,,
USW00094053,"TORRINGTON MUNICIPAL AIRPORT, WY US",12/23/2003,6.93,0,35.00,50.00,19.00,,,,,,,,,,,,,
USW00094053,"TORRINGTON MUNICIPAL AIRPORT, WY US",12/24/2003,4.7,0,31.00,47.00,15.00,,,,,,,,,,,,,
USW00094053,"TORRINGTON MUNICIPAL AIRPORT, WY US",12/25/2003,7.61,0,35.00,49.00,20.00,,,,,,,,,,,,,
USW00094053,"TORRINGTON MUNICIPAL AIRPORT, WY US",12/26/2003,8.5,0,34.00,44.00,23.00,,,,,,,,,,,,,
USW00094053,"TORRINGTON MUNICIPAL AIRPORT, WY US",12/27/2003,19.91,0,30.00,36.00,24.00,,,,,,,,,,,,,
USW00094053,"TORRINGTON MUNICIPAL AIRPORT, WY US",12/28/2003,19.24,0,25.00,34.00,16.00,,,,,,,,,,,,,
USW00094053,"TORRINGTON MUNICIPAL AIRPORT, WY US",12/29/2003,7.83,0,29.00,41.00,16.00,,,,,,,,,,,,,
USW00094053,"TORRINGTON MUNICIPAL AIRPORT, WY US",12/30/2003,10.51,0,31.00,49.00,13.00,,,,,,,,,,,,,
USW00094053,"TORRINGTON MUNICIPAL AIRPORT, WY US",12/31/2003,6.93,0,32.00,53.00,11.00,,,,,,,,,,,,,
USW00094053,"TORRINGTON MUNICIPAL AIRPORT, WY US",1/1/2004,10.51,0,39.00,52.00,25.00,,,,,,,,,,,,,
USW00094053,"TORRINGTON MUNICIPAL AIRPORT, WY US",1/2/2004,16.33,0,33.00,47.00,18.00,,,,,,,,,,,,,
USW00094053,"TORRINGTON MUNICIPAL AIRPORT, WY US",1/3/2004,9.62,0.04,22.00,27.00,16.00,,,,,,,,,,,,,
USW00094053,"TORRINGTON MUNICIPAL AIRPORT, WY US",1/4/2004,8.28,0,6.00,17.00,-6.00,,,,,,,,,,,,,
USW00094053,"TORRINGTON MUNICIPAL AIRPORT, WY US",1/5/2004,5.37,0.01,-11.00,2.00,-25.00,,,,,,,,,,,,,
USW00094053,"TORRINGTON MUNICIPAL AIRPORT, WY US",1/6/2004,6.04,0,-2.00,19.00,-23.00,,,,,,,,,,,,,
USW00094053,"TORRINGTON MUNICIPAL AIRPORT, WY US",1/7/2004,7.38,0,26.00,42.00,9.00,,,,,,,,,,,,,
USW00094053,"TORRINGTON MUNICIPAL AIRPORT, WY US",1/8/2004,9.17,0,33.00,46.00,20.00,,,,,,,,,,,,,
USW00094053,"TORRINGTON MUNICIPAL AIRPORT, WY US",1/9/2004,4.92,0,35.00,50.00,20.00,,,,,,,,,,,,,
USW00094053,"TORRINGTON MUNICIPAL AIRPORT, WY US",1/10/2004,6.49,0,39.00,58.00,19.00,,,,,,,,,,,,,
USW00094053,"TORRINGTON MUNICIPAL AIRPORT, WY US",1/11/2004,5.14,0,38.00,53.00,23.00,,,,,,,,,,,,,
USW00094053,"TORRINGTON MUNICIPAL AIRPORT, WY US",1/12/2004,4.47,0,36.00,52.00,19.00,,,,,,,,,,,,,
USW00094053,"TORRINGTON MUNICIPAL AIRPORT, WY US",1/13/2004,6.71,0,38.00,57.00,18.00,,,,,,,,,,,,,
USW00094053,"TORRINGTON MUNICIPAL AIRPORT, WY US",1/14/2004,6.04,0,41.00,58.00,24.00,,,,,,,,,,,,,
USW00094053,"TORRINGTON MUNICIPAL AIRPORT, WY US",1/15/2004,3.13,0,38.00,55.00,20.00,,,,,,,,,,,,,
USW00094053,"TORRINGTON MUNICIPAL AIRPORT, WY US",1/16/2004,9.4,0,38.00,48.00,27.00,,,,,,,,,,,,,
USW00094053,"TORRINGTON MUNICIPAL AIRPORT, WY US",1/17/2004,8.72,0,35.00,49.00,21.00,,,,,,,,,,,,,
USW00094053,"TORRINGTON MUNICIPAL AIRPORT, WY US",1/18/2004,5.59,0,28.00,36.00,19.00,,,,,,,,,,,,,
USW00094053,"TORRINGTON MUNICIPAL AIRPORT, WY US",1/19/2004,5.59,0,34.00,47.00,20.00,,,,,,,,,,,,,
USW00094053,"TORRINGTON MUNICIPAL AIRPORT, WY US",1/20/2004,6.93,0,31.00,39.00,22.00,,,,,,,,,,,,,
USW00094053,"TORRINGTON MUNICIPAL AIRPORT, WY US",1/21/2004,7.83,0,30.00,43.00,16.00,,,,,,,,,,,,,
USW00094053,"TORRINGTON MUNICIPAL AIRPORT, WY US",1/22/2004,6.71,0,34.00,48.00,20.00,,,,,,,,,,,,,
USW00094053,"TORRINGTON MUNICIPAL AIRPORT, WY US",1/23/2004,10.29,0,42.00,57.00,26.00,,,,,,,,,,,,,
USW00094053,"TORRINGTON MUNICIPAL AIRPORT, WY US",1/24/2004,10.51,0,39.00,57.00,21.00,,,,,,,,,,,,,
USW00094053,"TORRINGTON MUNICIPAL AIRPORT, WY US",1/25/2004,14.09,0,27.00,40.00,14.00,,,,,,,,,,,,,
USW00094053,"TORRINGTON MUNICIPAL AIRPORT, WY US",1/26/2004,8.05,0,17.00,33.00,1.00,,,,,,,,,,,,,
USW00094053,"TORRINGTON MUNICIPAL AIRPORT, WY US",1/27/2004,14.09,0,25.00,43.00,6.00,,,,,,,,,,,,,
USW00094053,"TORRINGTON MUNICIPAL AIRPORT, WY US",1/28/2004,11.63,0,24.00,46.00,2.00,,,,,,,,,,,,,
USW00094053,"TORRINGTON MUNICIPAL AIRPORT, WY US",1/29/2004,10.07,0,39.00,50.00,27.00,,,,,,,,,,,,,
USW00094053,"TORRINGTON MUNICIPAL AIRPORT, WY US",1/30/2004,12.08,0,47.00,56.00,37.00,,,,,,,,,,,,,
USW00094053,"TORRINGTON MUNICIPAL AIRPORT, WY US",1/31/2004,8.05,0,35.00,46.00,23.00,,,,,,,,,,,,,
USW00094053,"TORRINGTON MUNICIPAL AIRPORT, WY US",2/1/2004,7.16,0,29.00,38.00,19.00,,,,,,,,,,,,,
USW00094053,"TORRINGTON MUNICIPAL AIRPORT, WY US",2/2/2004,7.16,0,27.00,41.00,13.00,,,,,,,,,,,,,
USW00094053,"TORRINGTON MUNICIPAL AIRPORT, WY US",2/3/2004,9.62,0,32.00,47.00,16.00,,,,,,,,,,,,,
USW00094053,"TORRINGTON MUNICIPAL AIRPORT, WY US",2/4/2004,9.17,0.07,25.00,28.00,21.00,,,,,,,,,,,,,
USW00094053,"TORRINGTON MUNICIPAL AIRPORT, WY US",2/5/2004,9.84,0.02,20.00,24.00,15.00,,,,,,,,,,,,,
USW00094053,"TORRINGTON MUNICIPAL AIRPORT, WY US",2/6/2004,7.16,0,21.00,33.00,9.00,,,,,,,,,,,,,
USW00094053,"TORRINGTON MUNICIPAL AIRPORT, WY US",2/7/2004,8.5,0,18.00,36.00,0.00,,,,,,,,,,,,,
USW00094053,"TORRINGTON MUNICIPAL AIRPORT, WY US",2/8/2004,11.86,0.03,25.00,32.00,18.00,,,,,,,,,,,,,
USW00094053,"TORRINGTON MUNICIPAL AIRPORT, WY US",2/9/2004,9.84,0,26.00,37.00,14.00,,,,,,,,,,,,,
USW00094053,"TORRINGTON MUNICIPAL AIRPORT, WY US",2/10/2004,10.96,0,27.00,41.00,13.00,,,,,,,,,,,,,
USW00094053,"TORRINGTON MUNICIPAL AIRPORT, WY US",2/11/2004,14.32,0,17.00,30.00,3.00,,,,,,,,,,,,,
USW00094053,"TORRINGTON MUNICIPAL AIRPORT, WY US",2/12/2004,5.59,0,14.00,32.00,-4.00,,,,,,,,,,,,,
USW00094053,"TORRINGTON MUNICIPAL AIRPORT, WY US",2/13/2004,12.3,0,33.00,49.00,16.00,,,,,,,,,,,,,
USW00094053,"TORRINGTON MUNICIPAL AIRPORT, WY US",2/14/2004,7.16,0,30.00,45.00,14.00,,,,,,,,,,,,,
USW00094053,"TORRINGTON MUNICIPAL AIRPORT, WY US",2/15/2004,10.96,0,32.00,48.00,15.00,,,,,,,,,,,,,
USW00094053,"TORRINGTON MUNICIPAL AIRPORT, WY US",2/16/2004,8.95,0,36.00,48.00,24.00,,,,,,,,,,,,,
USW00094053,"TORRINGTON MUNICIPAL AIRPORT, WY US",2/17/2004,11.86,0,41.00,63.00,19.00,,,,,,,,,,,,,
USW00094053,"TORRINGTON MUNICIPAL AIRPORT, WY US",2/18/2004,5.37,0,50.00,66.00,34.00,,,,,,,,,,,,,
USW00094053,"TORRINGTON MUNICIPAL AIRPORT, WY US",2/19/2004,12.75,0.02,40.00,49.00,30.00,,,,,,,,,,,,,
USW00094053,"TORRINGTON MUNICIPAL AIRPORT, WY US",2/20/2004,9.4,0,35.00,47.00,22.00,,,,,,,,,,,,,
USW00094053,"TORRINGTON MUNICIPAL AIRPORT, WY US",2/21/2004,4.03,0,34.00,47.00,21.00,,,,,,,,,,,,,
USW00094053,"TORRINGTON MUNICIPAL AIRPORT, WY US",2/22/2004,5.82,0,36.00,49.00,22.00,,,,,,,,,,,,,
USW00094053,"TORRINGTON MUNICIPAL AIRPORT, WY US",2/23/2004,11.63,0,41.00,55.00,27.00,,,,,,,,,,,,,
USW00094053,"TORRINGTON MUNICIPAL AIRPORT, WY US",2/24/2004,14.54,0,41.00,57.00,24.00,,,,,,,,,,,,,
USW00094053,"TORRINGTON MUNICIPAL AIRPORT, WY US",2/25/2004,10.29,0,40.00,58.00,22.00,,,,,,,,,,,,,
USW00094053,"TORRINGTON MUNICIPAL AIRPORT, WY US",2/26/2004,6.49,0,42.00,61.00,22.00,,,,,,,,,,,,,
USW00094053,"TORRINGTON MUNICIPAL AIRPORT, WY US",2/27/2004,10.51,0,46.00,58.00,33.00,,,,,,,,,,,,,
USW00094053,"TORRINGTON MUNICIPAL AIRPORT, WY US",2/28/2004,9.62,0.03,36.00,39.00,33.00,,,,,,,,,,,,,
USW00094053,"TORRINGTON MUNICIPAL AIRPORT, WY US",2/29/2004,19.91,0.11,29.00,33.00,25.00,,,,,,,,,,,,,
USW00094053,"TORRINGTON MUNICIPAL AIRPORT, WY US",3/1/2004,18.79,0,27.00,36.00,18.00,,,,,,,,,,,,,
USW00094053,"TORRINGTON MUNICIPAL AIRPORT, WY US",3/2/2004,10.07,0,23.00,35.00,11.00,,,,,,,,,,,,,
USW00094053,"TORRINGTON MUNICIPAL AIRPORT, WY US",3/3/2004,6.93,0,30.00,39.00,20.00,,,,,,,,,,,,,
USW00094053,"TORRINGTON MUNICIPAL AIRPORT, WY US",3/4/2004,10.96,0,38.00,50.00,25.00,,,,,,,,,,,,,
USW00094053,"TORRINGTON MUNICIPAL AIRPORT, WY US",3/5/2004,11.63,0,35.00,47.00,22.00,,,,,,,,,,,,,
USW00094053,"TORRINGTON MUNICIPAL AIRPORT, WY US",3/6/2004,19.24,0.02,36.00,49.00,23.00,,,,,,,,,,,,,
USW00094053,"TORRINGTON MUNICIPAL AIRPORT, WY US",3/7/2004,10.51,0,39.00,58.00,19.00,,,,,,,,,,,,,
USW00094053,"TORRINGTON MUNICIPAL AIRPORT, WY US",3/8/2004,12.75,0,49.00,62.00,36.00,,,,,,,,,,,,,
USW00094053,"TORRINGTON MUNICIPAL AIRPORT, WY US",3/9/2004,9.62,0,49.00,72.00,26.00,,,,,,,,,,,,,
USW00094053,"TORRINGTON MUNICIPAL AIRPORT, WY US",3/10/2004,15.21,0,39.00,54.00,23.00,,,,,,,,,,,,,
USW00094053,"TORRINGTON MUNICIPAL AIRPORT, WY US",3/11/2004,6.04,0,37.00,54.00,19.00,,,,,,,,,,,,,
USW00094053,"TORRINGTON MUNICIPAL AIRPORT, WY US",3/12/2004,6.93,0,45.00,68.00,22.00,,,,,,,,,,,,,
USW00094053,"TORRINGTON MUNICIPAL AIRPORT, WY US",3/13/2004,14.99,0,39.00,49.00,29.00,,,,,,,,,,,,,
USW00094053,"TORRINGTON MUNICIPAL AIRPORT, WY US",3/14/2004,9.62,0.02,39.00,58.00,20.00,,,,,,,,,,,,,
USW00094053,"TORRINGTON MUNICIPAL AIRPORT, WY US",3/15/2004,12.08,0.05,41.00,50.00,31.00,,,,,,,,,,,,,
USW00094053,"TORRINGTON MUNICIPAL AIRPORT, WY US",3/16/2004,9.84,0,41.00,52.00,29.00,,,,,,,,,,,,,
USW00094053,"TORRINGTON MUNICIPAL AIRPORT, WY US",3/17/2004,14.99,0,51.00,68.00,34.00,,,,,,,,,,,,,
USW00094053,"TORRINGTON MUNICIPAL AIRPORT, WY US",3/18/2004,8.95,0,49.00,71.00,27.00,,,,,,,,,,,,,
USW00094053,"TORRINGTON MUNICIPAL AIRPORT, WY US",3/19/2004,17.9,0,62.00,80.00,44.00,,,,,,,,,,,,,
USW00094053,"TORRINGTON MUNICIPAL AIRPORT, WY US",3/20/2004,7.38,0,42.00,55.00,29.00,,,,,,,,,,,,,
USW00094053,"TORRINGTON MUNICIPAL AIRPORT, WY US",3/21/2004,9.62,0,41.00,57.00,24.00,,,,,,,,,,,,,
USW00094053,"TORRINGTON MUNICIPAL AIRPORT, WY US",3/22/2004,8.28,0,52.00,78.00,25.00,,,,,,,,,,,,,
USW00094053,"TORRINGTON MUNICIPAL AIRPORT, WY US",3/23/2004,6.49,0,52.00,72.00,31.00,,,,,,,,,,,,,
USW00094053,"TORRINGTON MUNICIPAL AIRPORT, WY US",3/24/2004,9.4,0.01,62.00,75.00,49.00,,,,,,,,,,,,,
USW00094053,"TORRINGTON MUNICIPAL AIRPORT, WY US",3/25/2004,10.29,0.02,60.00,72.00,47.00,,,,,,,,,,,,,
USW00094053,"TORRINGTON MUNICIPAL AIRPORT, WY US",3/26/2004,13.42,0,57.00,79.00,35.00,,,,,,,,,,,,,
USW00094053,"TORRINGTON MUNICIPAL AIRPORT, WY US",3/27/2004,14.54,0,45.00,54.00,35.00,,,,,,,,,,,,,
USW00094053,"TORRINGTON MUNICIPAL AIRPORT, WY US",3/28/2004,15.21,0,43.00,51.00,34.00,,,,,,,,,,,,,
USW00094053,"TORRINGTON MUNICIPAL AIRPORT, WY US",3/29/2004,13.2,0,45.00,62.00,27.00,,,,,,,,,,,,,
USW00094053,"TORRINGTON MUNICIPAL AIRPORT, WY US",3/30/2004,6.71,0,46.00,72.00,20.00,,,,,,,,,,,,,
USW00094053,"TORRINGTON MUNICIPAL AIRPORT, WY US",3/31/2004,5.82,0,56.00,81.00,30.00,,,,,,,,,,,,,
USW00094053,"TORRINGTON MUNICIPAL AIRPORT, WY US",4/1/2004,7.16,0,58.00,83.00,33.00,,,,,,,,,,,,,
USW00094053,"TORRINGTON MUNICIPAL AIRPORT, WY US",4/2/2004,14.76,0,50.00,61.00,38.00,,,,,,,,,,,,,
USW00094053,"TORRINGTON MUNICIPAL AIRPORT, WY US",4/3/2004,8.72,0,43.00,48.00,38.00,,,,,,,,,,,,,
USW00094053,"TORRINGTON MUNICIPAL AIRPORT, WY US",4/4/2004,9.62,0,54.00,75.00,32.00,,,,,,,,,,,,,
USW00094053,"TORRINGTON MUNICIPAL AIRPORT, WY US",4/5/2004,12.75,0,55.00,70.00,39.00,,,,,,,,,,,,,
USW00094053,"TORRINGTON MUNICIPAL AIRPORT, WY US",4/6/2004,8.5,0,56.00,70.00,42.00,,,,,,,,,,,,,
USW00094053,"TORRINGTON MUNICIPAL AIRPORT, WY US",4/7/2004,10.29,0,50.00,63.00,36.00,,,,,,,,,,,,,
USW00094053,"TORRINGTON MUNICIPAL AIRPORT, WY US",4/8/2004,12.3,0.01,48.00,62.00,34.00,,,,,,,,,,,,,
USW00094053,"TORRINGTON MUNICIPAL AIRPORT, WY US",4/9/2004,12.3,0.13,37.00,41.00,32.00,,,,,,,,,,,,,
USW00094053,"TORRINGTON MUNICIPAL AIRPORT, WY US",4/10/2004,7.61,0.01,37.00,46.00,28.00,,,,,,,,,,,,,
USW00094053,"TORRINGTON MUNICIPAL AIRPORT, WY US",4/11/2004,10.74,0.11,38.00,51.00,25.00,,,,,,,,,,,,,
USW00094053,"TORRINGTON MUNICIPAL AIRPORT, WY US",4/12/2004,5.82,0,34.00,50.00,17.00,,,,,,,,,,,,,
USW00094053,"TORRINGTON MUNICIPAL AIRPORT, WY US",4/13/2004,4.47,0,50.00,73.00,26.00,,,,,,,,,,,,,
USW00094053,"TORRINGTON MUNICIPAL AIRPORT, WY US",4/14/2004,9.62,0,56.00,74.00,37.00,,,,,,,,,,,,,
USW00094053,"TORRINGTON MUNICIPAL AIRPORT, WY US",4/15/2004,10.51,0,59.00,74.00,43.00,,,,,,,,,,,,,
USW00094053,"TORRINGTON MUNICIPAL AIRPORT, WY US",4/16/2004,9.4,0,55.00,71.00,38.00,,,,,,,,,,,,,
USW00094053,"TORRINGTON MUNICIPAL AIRPORT, WY US",4/17/2004,12.53,0,56.00,78.00,34.00,,,,,,,,,,,,,
USW00094053,"TORRINGTON MUNICIPAL AIRPORT, WY US",4/18/2004,12.97,0,52.00,65.00,38.00,,,,,,,,,,,,,
USW00094053,"TORRINGTON MUNICIPAL AIRPORT, WY US",4/19/2004,13.2,0.01,49.00,70.00,27.00,,,,,,,,,,,,,
USW00094053,"TORRINGTON MUNICIPAL AIRPORT, WY US",4/20/2004,17.67,0,52.00,66.00,37.00,,,,,,,,,,,,,
USW00094053,"TORRINGTON MUNICIPAL AIRPORT, WY US",4/21/2004,7.83,0.16,48.00,57.00,39.00,,,,,,,,,,,,,
USW00094053,"TORRINGTON MUNICIPAL AIRPORT, WY US",4/22/2004,12.97,0.43,38.00,42.00,34.00,,,,,,,,,,,,,
USW00094053,"TORRINGTON MUNICIPAL AIRPORT, WY US",4/23/2004,6.71,0,44.00,57.00,30.00,,,,,,,,,,,,,
USW00094053,"TORRINGTON MUNICIPAL AIRPORT, WY US",4/24/2004,6.71,0,47.00,64.00,30.00,,,,,,,,,,,,,
USW00094053,"TORRINGTON MUNICIPAL AIRPORT, WY US",4/25/2004,10.51,0,50.00,62.00,37.00,,,,,,,,,,,,,
USW00094053,"TORRINGTON MUNICIPAL AIRPORT, WY US",4/26/2004,8.05,0,53.00,69.00,36.00,,,,,,,,,,,,,
USW00094053,"TORRINGTON MUNICIPAL AIRPORT, WY US",4/27/2004,9.4,0,57.00,82.00,32.00,,,,,,,,,,,,,
USW00094053,"TORRINGTON MUNICIPAL AIRPORT, WY US",4/28/2004,16.55,0.02,58.00,79.00,37.00,,,,,,,,,,,,,
USW00094053,"TORRINGTON MUNICIPAL AIRPORT, WY US",4/29/2004,8.95,0,35.00,38.00,32.00,,,,,,,,,,,,,
USW00094053,"TORRINGTON MUNICIPAL AIRPORT, WY US",4/30/2004,7.38,0,45.00,54.00,35.00,,,,,,,,,,,,,
USW00094053,"TORRINGTON MUNICIPAL AIRPORT, WY US",5/1/2004,10.74,0.04,47.00,62.00,32.00,,,,,,,,,,,,,
USW00094053,"TORRINGTON MUNICIPAL AIRPORT, WY US",5/2/2004,7.61,0,52.00,74.00,29.00,,,,,,,,,,,,,
USW00094053,"TORRINGTON MUNICIPAL AIRPORT, WY US",5/3/2004,8.72,0,61.00,82.00,39.00,,,,,,,,,,,,,
USW00094053,"TORRINGTON MUNICIPAL AIRPORT, WY US",5/4/2004,10.51,0,64.00,82.00,45.00,,,,,,,,,,,,,
USW00094053,"TORRINGTON MUNICIPAL AIRPORT, WY US",5/5/2004,12.3,0,72.00,92.00,51.00,,,,,,,,,,,,,
USW00094053,"TORRINGTON MUNICIPAL AIRPORT, WY US",5/6/2004,12.3,0,67.00,84.00,49.00,,,,,,,,,,,,,
USW00094053,"TORRINGTON MUNICIPAL AIRPORT, WY US",5/7/2004,8.72,0,67.00,90.00,44.00,,,,,,,,,,,,,
USW00094053,"TORRINGTON MUNICIPAL AIRPORT, WY US",5/8/2004,6.26,0,64.00,87.00,41.00,,,,,,,,,,,,,
USW00094053,"TORRINGTON MUNICIPAL AIRPORT, WY US",5/9/2004,7.83,0,66.00,88.00,44.00,,,,,,,,,,,,,
USW00094053,"TORRINGTON MUNICIPAL AIRPORT, WY US",5/10/2004,20.36,0,63.00,79.00,46.00,,,,,,,,,,,,,
USW00094053,"TORRINGTON MUNICIPAL AIRPORT, WY US",5/11/2004,15.21,0.27,62.00,79.00,45.00,,,,,,,,,,,,,
USW00094053,"TORRINGTON MUNICIPAL AIRPORT, WY US",5/12/2004,12.53,0.11,42.00,50.00,33.00,,,,,,,,,,,,,
USW00094053,"TORRINGTON MUNICIPAL AIRPORT, WY US",5/13/2004,5.37,0.01,38.00,46.00,30.00,,,,,,,,,,,,,
USW00094053,"TORRINGTON MUNICIPAL AIRPORT, WY US",5/14/2004,7.61,0.18,51.00,66.00,35.00,,,,,,,,,,,,,
USW00094053,"TORRINGTON MUNICIPAL AIRPORT, WY US",5/15/2004,7.16,0.01,56.00,71.00,40.00,,,,,,,,,,,,,
USW00094053,"TORRINGTON MUNICIPAL AIRPORT, WY US",5/16/2004,8.05,0.02,59.00,70.00,48.00,,,,,,,,,,,,,
USW00094053,"TORRINGTON MUNICIPAL AIRPORT, WY US",5/17/2004,10.29,0.18,58.00,72.00,43.00,,,,,,,,,,,,,
USW00094053,"TORRINGTON MUNICIPAL AIRPORT, WY US",5/18/2004,15.21,0.01,55.00,65.00,44.00,,,,,,,,,,,,,
USW00094053,"TORRINGTON MUNICIPAL AIRPORT, WY US",5/19/2004,13.2,0.01,67.00,83.00,51.00,,,,,,,,,,,,,
USW00094053,"TORRINGTON MUNICIPAL AIRPORT, WY US",5/20/2004,11.86,0.01,59.00,69.00,49.00,,,,,,,,,,,,,
USW00094053,"TORRINGTON MUNICIPAL AIRPORT, WY US",5/21/2004,7.16,0.17,66.00,81.00,51.00,,,,,,,,,,,,,
USW00094053,"TORRINGTON MUNICIPAL AIRPORT, WY US",5/22/2004,7.61,0.12,56.00,68.00,44.00,,,,,,,,,,,,,
USW00094053,"TORRINGTON MUNICIPAL AIRPORT, WY US",5/23/2004,10.07,0.03,59.00,79.00,39.00,,,,,,,,,,,,,
USW00094053,"TORRINGTON MUNICIPAL AIRPORT, WY US",5/24/2004,11.86,0,55.00,66.00,43.00,,,,,,,,,,,,,
USW00094053,"TORRINGTON MUNICIPAL AIRPORT, WY US",5/25/2004,6.71,0.04,52.00,61.00,42.00,,,,,,,,,,,,,
USW00094053,"TORRINGTON MUNICIPAL AIRPORT, WY US",5/26/2004,18.34,0,58.00,76.00,40.00,,,,,,,,,,,,,
USW00094053,"TORRINGTON MUNICIPAL AIRPORT, WY US",5/27/2004,9.4,0,65.00,80.00,50.00,,,,,,,,,,,,,
USW00094053,"TORRINGTON MUNICIPAL AIRPORT, WY US",5/28/2004,6.93,0,65.00,84.00,46.00,,,,,,,,,,,,,
USW00094053,"TORRINGTON MUNICIPAL AIRPORT, WY US",5/29/2004,13.87,0,58.00,73.00,43.00,,,,,,,,,,,,,
USW00094053,"TORRINGTON MUNICIPAL AIRPORT, WY US",5/30/2004,14.09,0,51.00,64.00,37.00,,,,,,,,,,,,,
USW00094053,"TORRINGTON MUNICIPAL AIRPORT, WY US",5/31/2004,13.2,0,53.00,72.00,33.00,,,,,,,,,,,,,
USW00094053,"TORRINGTON MUNICIPAL AIRPORT, WY US",6/1/2004,7.61,0,57.00,76.00,38.00,,,,,,,,,,,,,
USW00094053,"TORRINGTON MUNICIPAL AIRPORT, WY US",6/2/2004,7.16,0,59.00,79.00,39.00,,,,,,,,,,,,,
USW00094053,"TORRINGTON MUNICIPAL AIRPORT, WY US",6/3/2004,12.3,0,70.00,90.00,49.00,,,,,,,,,,,,,
USW00094053,"TORRINGTON MUNICIPAL AIRPORT, WY US",6/4/2004,10.51,0,72.00,94.00,49.00,,,,,,,,,,,,,
USW00094053,"TORRINGTON MUNICIPAL AIRPORT, WY US",6/5/2004,8.05,0,72.00,87.00,56.00,,,,,,,,,,,,,
USW00094053,"TORRINGTON MUNICIPAL AIRPORT, WY US",6/6/2004,12.08,0,80.00,102.00,57.00,,,,,,,,,,,,,
USW00094053,"TORRINGTON MUNICIPAL AIRPORT, WY US",6/7/2004,14.09,0,76.00,97.00,55.00,,,,,,,,,,,,,
USW00094053,"TORRINGTON MUNICIPAL AIRPORT, WY US",6/8/2004,13.65,0,62.00,73.00,51.00,,,,,,,,,,,,,
USW00094053,"TORRINGTON MUNICIPAL AIRPORT, WY US",6/9/2004,12.97,0.03,65.00,80.00,50.00,,,,,,,,,,,,,
USW00094053,"TORRINGTON MUNICIPAL AIRPORT, WY US",6/10/2004,12.97,0,68.00,84.00,51.00,,,,,,,,,,,,,
USW00094053,"TORRINGTON MUNICIPAL AIRPORT, WY US",6/11/2004,20.58,0,67.00,80.00,53.00,,,,,,,,,,,,,
USW00094053,"TORRINGTON MUNICIPAL AIRPORT, WY US",6/12/2004,12.75,0,64.00,82.00,46.00,,,,,,,,,,,,,
USW00094053,"TORRINGTON MUNICIPAL AIRPORT, WY US",6/13/2004,10.51,0,67.00,87.00,46.00,,,,,,,,,,,,,
USW00094053,"TORRINGTON MUNICIPAL AIRPORT, WY US",6/14/2004,9.84,0,68.00,92.00,44.00,,,,,,,,,,,,,
USW00094053,"TORRINGTON MUNICIPAL AIRPORT, WY US",6/15/2004,12.97,0,68.00,90.00,45.00,,,,,,,,,,,,,
USW00094053,"TORRINGTON MUNICIPAL AIRPORT, WY US",6/16/2004,12.97,0.04,55.00,61.00,48.00,,,,,,,,,,,,,
USW00094053,"TORRINGTON MUNICIPAL AIRPORT, WY US",6/17/2004,6.26,,,,,,,,,,,,,,,,,
USW00094053,"TORRINGTON MUNICIPAL AIRPORT, WY US",6/18/2004,11.63,0.33,51.00,59.00,43.00,,,,,,,,,,,,,
USW00094053,"TORRINGTON MUNICIPAL AIRPORT, WY US",6/19/2004,12.08,0.34,55.00,66.00,44.00,,,,,,,,,,,,,
USW00094053,"TORRINGTON MUNICIPAL AIRPORT, WY US",6/20/2004,7.61,0.08,64.00,78.00,50.00,,,,,,,,,,,,,
USW00094053,"TORRINGTON MUNICIPAL AIRPORT, WY US",6/21/2004,9.4,0,60.00,70.00,49.00,,,,,,,,,,,,,
USW00094053,"TORRINGTON MUNICIPAL AIRPORT, WY US",6/22/2004,6.71,0,62.00,82.00,41.00,,,,,,,,,,,,,
USW00094053,"TORRINGTON MUNICIPAL AIRPORT, WY US",6/23/2004,4.25,0,66.00,84.00,47.00,,,,,,,,,,,,,
USW00094053,"TORRINGTON MUNICIPAL AIRPORT, WY US",6/24/2004,10.07,0,63.00,74.00,52.00,,,,,,,,,,,,,
USW00094053,"TORRINGTON MUNICIPAL AIRPORT, WY US",6/25/2004,8.05,0.02,64.00,78.00,49.00,,,,,,,,,,,,,
USW00094053,"TORRINGTON MUNICIPAL AIRPORT, WY US",6/26/2004,6.71,0.04,65.00,76.00,54.00,,,,,,,,,,,,,
USW00094053,"TORRINGTON MUNICIPAL AIRPORT, WY US",6/27/2004,10.29,0.01,58.00,66.00,49.00,,,,,,,,,,,,,
USW00094053,"TORRINGTON MUNICIPAL AIRPORT, WY US",6/28/2004,10.96,0,62.00,77.00,46.00,,,,,,,,,,,,,
USW00094053,"TORRINGTON MUNICIPAL AIRPORT, WY US",6/29/2004,5.82,0,71.00,88.00,53.00,,,,,,,,,,,,,
USW00094053,"TORRINGTON MUNICIPAL AIRPORT, WY US",6/30/2004,7.16,0,72.00,87.00,56.00,,,,,,,,,,,,,
USW00094053,"TORRINGTON MUNICIPAL AIRPORT, WY US",7/1/2004,6.71,0,71.00,84.00,58.00,,,,,,,,,,,,,
USW00094053,"TORRINGTON MUNICIPAL AIRPORT, WY US",7/2/2004,6.93,0,72.00,89.00,54.00,,,,,,,,,,,,,
USW00094053,"TORRINGTON MUNICIPAL AIRPORT, WY US",7/3/2004,7.83,0.02,70.00,92.00,47.00,,,,,,,,,,,,,
USW00094053,"TORRINGTON MUNICIPAL AIRPORT, WY US",7/4/2004,6.71,0,69.00,89.00,49.00,,,,,,,,,,,,,
USW00094053,"TORRINGTON MUNICIPAL AIRPORT, WY US",7/5/2004,10.74,0,66.00,79.00,52.00,,,,,,,,,,,,,
USW00094053,"TORRINGTON MUNICIPAL AIRPORT, WY US",7/6/2004,6.71,0,65.00,82.00,47.00,,,,,,,,,,,,,
USW00094053,"TORRINGTON MUNICIPAL AIRPORT, WY US",7/7/2004,9.17,0,74.00,96.00,51.00,,,,,,,,,,,,,
USW00094053,"TORRINGTON MUNICIPAL AIRPORT, WY US",7/8/2004,7.16,0.29,75.00,92.00,58.00,,,,,,,,,,,,,
USW00094053,"TORRINGTON MUNICIPAL AIRPORT, WY US",7/9/2004,8.28,0.16,73.00,93.00,52.00,,,,,,,,,,,,,
USW00094053,"TORRINGTON MUNICIPAL AIRPORT, WY US",7/10/2004,6.26,0,74.00,90.00,58.00,,,,,,,,,,,,,
USW00094053,"TORRINGTON MUNICIPAL AIRPORT, WY US",7/11/2004,7.83,0,78.00,100.00,56.00,,,,,,,,,,,,,
USW00094053,"TORRINGTON MUNICIPAL AIRPORT, WY US",7/12/2004,8.5,0,80.00,98.00,62.00,,,,,,,,,,,,,
USW00094053,"TORRINGTON MUNICIPAL AIRPORT, WY US",7/13/2004,13.87,0,78.00,96.00,60.00,,,,,,,,,,,,,
USW00094053,"TORRINGTON MUNICIPAL AIRPORT, WY US",7/14/2004,8.72,0.04,79.00,95.00,62.00,,,,,,,,,,,,,
USW00094053,"TORRINGTON MUNICIPAL AIRPORT, WY US",7/15/2004,8.5,0.53,80.00,97.00,63.00,,,,,,,,,,,,,
USW00094053,"TORRINGTON MUNICIPAL AIRPORT, WY US",7/16/2004,4.92,0,73.00,82.00,63.00,,,,,,,,,,,,,
USW00094053,"TORRINGTON MUNICIPAL AIRPORT, WY US",7/17/2004,6.26,0,73.00,91.00,54.00,,,,,,,,,,,,,
USW00094053,"TORRINGTON MUNICIPAL AIRPORT, WY US",7/18/2004,3.8,0,77.00,97.00,57.00,,,,,,,,,,,,,
USW00094053,"TORRINGTON MUNICIPAL AIRPORT, WY US",7/19/2004,7.38,0.14,79.00,98.00,59.00,,,,,,,,,,,,,
USW00094053,"TORRINGTON MUNICIPAL AIRPORT, WY US",7/20/2004,9.4,0,79.00,96.00,62.00,,,,,,,,,,,,,
USW00094053,"TORRINGTON MUNICIPAL AIRPORT, WY US",7/21/2004,8.05,0.08,78.00,94.00,61.00,,,,,,,,,,,,,
USW00094053,"TORRINGTON MUNICIPAL AIRPORT, WY US",7/22/2004,10.96,0.04,66.00,71.00,60.00,,,,,,,,,,,,,
USW00094053,"TORRINGTON MUNICIPAL AIRPORT, WY US",7/23/2004,10.74,1.01,55.00,60.00,50.00,,,,,,,,,,,,,
USW00094053,"TORRINGTON MUNICIPAL AIRPORT, WY US",7/24/2004,9.84,0.05,57.00,64.00,50.00,,,,,,,,,,,,,
USW00094053,"TORRINGTON MUNICIPAL AIRPORT, WY US",7/25/2004,11.41,0.01,63.00,77.00,49.00,,,,,,,,,,,,,
USW00094053,"TORRINGTON MUNICIPAL AIRPORT, WY US",7/26/2004,9.84,,,,,,,,,,,,,,,,,
USW00094053,"TORRINGTON MUNICIPAL AIRPORT, WY US",7/27/2004,9.4,0,71.00,89.00,52.00,,,,,,,,,,,,,
USW00094053,"TORRINGTON MUNICIPAL AIRPORT, WY US",7/28/2004,8.72,0.02,66.00,76.00,56.00,,,,,,,,,,,,,
USW00094053,"TORRINGTON MUNICIPAL AIRPORT, WY US",7/29/2004,8.5,0.27,69.00,87.00,50.00,,,,,,,,,,,,,
USW00094053,"TORRINGTON MUNICIPAL AIRPORT, WY US",7/30/2004,6.26,0.01,69.00,87.00,51.00,,,,,,,,,,,,,
USW00094053,"TORRINGTON MUNICIPAL AIRPORT, WY US",7/31/2004,5.37,0,73.00,94.00,51.00,,,,,,,,,,,,,
USW00094053,"TORRINGTON MUNICIPAL AIRPORT, WY US",8/1/2004,6.49,0,76.00,98.00,54.00,,,,,,,,,,,,,
USW00094053,"TORRINGTON MUNICIPAL AIRPORT, WY US",8/2/2004,7.61,0.07,78.00,95.00,60.00,,,,,,,,,,,,,
USW00094053,"TORRINGTON MUNICIPAL AIRPORT, WY US",8/3/2004,7.83,0.01,77.00,91.00,62.00,,,,,,,,,,,,,
USW00094053,"TORRINGTON MUNICIPAL AIRPORT, WY US",8/4/2004,10.29,0.07,73.00,88.00,57.00,,,,,,,,,,,,,
USW00094053,"TORRINGTON MUNICIPAL AIRPORT, WY US",8/5/2004,12.08,0.02,76.00,92.00,60.00,,,,,,,,,,,,,
USW00094053,"TORRINGTON MUNICIPAL AIRPORT, WY US",8/6/2004,7.83,0,77.00,93.00,60.00,,,,,,,,,,,,,
USW00094053,"TORRINGTON MUNICIPAL AIRPORT, WY US",8/7/2004,9.4,0,76.00,97.00,55.00,,,,,,,,,,,,,
USW00094053,"TORRINGTON MUNICIPAL AIRPORT, WY US",8/8/2004,7.38,0,72.00,83.00,60.00,,,,,,,,,,,,,
USW00094053,"TORRINGTON MUNICIPAL AIRPORT, WY US",8/9/2004,6.93,0,69.00,80.00,57.00,,,,,,,,,,,,,
USW00094053,"TORRINGTON MUNICIPAL AIRPORT, WY US",8/10/2004,10.07,0,65.00,74.00,55.00,,,,,,,,,,,,,
USW00094053,"TORRINGTON MUNICIPAL AIRPORT, WY US",8/11/2004,8.5,0,62.00,79.00,44.00,,,,,,,,,,,,,
USW00094053,"TORRINGTON MUNICIPAL AIRPORT, WY US",8/12/2004,6.93,0,62.00,80.00,43.00,,,,,,,,,,,,,
USW00094053,"TORRINGTON MUNICIPAL AIRPORT, WY US",8/13/2004,8.05,0,63.00,81.00,45.00,,,,,,,,,,,,,
USW00094053,"TORRINGTON MUNICIPAL AIRPORT, WY US",8/14/2004,8.72,0,68.00,86.00,50.00,,,,,,,,,,,,,
USW00094053,"TORRINGTON MUNICIPAL AIRPORT, WY US",8/15/2004,8.5,0,73.00,91.00,55.00,,,,,,,,,,,,,
USW00094053,"TORRINGTON MUNICIPAL AIRPORT, WY US",8/16/2004,7.61,0,71.00,90.00,52.00,,,,,,,,,,,,,
USW00094053,"TORRINGTON MUNICIPAL AIRPORT, WY US",8/17/2004,8.5,0,74.00,92.00,56.00,,,,,,,,,,,,,
USW00094053,"TORRINGTON MUNICIPAL AIRPORT, WY US",8/18/2004,9.84,0,65.00,80.00,49.00,,,,,,,,,,,,,
USW00094053,"TORRINGTON MUNICIPAL AIRPORT, WY US",8/19/2004,8.05,0.07,55.00,64.00,45.00,,,,,,,,,,,,,
USW00094053,"TORRINGTON MUNICIPAL AIRPORT, WY US",8/20/2004,4.25,0,63.00,82.00,43.00,,,,,,,,,,,,,
USW00094053,"TORRINGTON MUNICIPAL AIRPORT, WY US",8/21/2004,4.25,0,67.00,89.00,45.00,,,,,,,,,,,,,
USW00094053,"TORRINGTON MUNICIPAL AIRPORT, WY US",8/22/2004,6.93,0.08,72.00,91.00,52.00,,,,,,,,,,,,,
USW00094053,"TORRINGTON MUNICIPAL AIRPORT, WY US",8/23/2004,9.4,0,68.00,84.00,51.00,,,,,,,,,,,,,
USW00094053,"TORRINGTON MUNICIPAL AIRPORT, WY US",8/24/2004,9.62,0.02,69.00,81.00,57.00,,,,,,,,,,,,,
USW00094053,"TORRINGTON MUNICIPAL AIRPORT, WY US",8/25/2004,13.65,0,72.00,86.00,57.00,,,,,,,,,,,,,
USW00094053,"TORRINGTON MUNICIPAL AIRPORT, WY US",8/26/2004,10.29,0.04,63.00,71.00,54.00,,,,,,,,,,,,,
USW00094053,"TORRINGTON MUNICIPAL AIRPORT, WY US",8/27/2004,10.07,0,58.00,70.00,45.00,,,,,,,,,,,,,
USW00094053,"TORRINGTON MUNICIPAL AIRPORT, WY US",8/28/2004,4.7,0,59.00,81.00,36.00,,,,,,,,,,,,,
USW00094053,"TORRINGTON MUNICIPAL AIRPORT, WY US",8/29/2004,6.49,0,63.00,83.00,42.00,,,,,,,,,,,,,
USW00094053,"TORRINGTON MUNICIPAL AIRPORT, WY US",8/30/2004,5.82,0,69.00,91.00,47.00,,,,,,,,,,,,,
USW00094053,"TORRINGTON MUNICIPAL AIRPORT, WY US",8/31/2004,7.61,0,71.00,92.00,49.00,,,,,,,,,,,,,
USW00094053,"TORRINGTON MUNICIPAL AIRPORT, WY US",9/1/2004,9.62,0,72.00,93.00,50.00,,,,,,,,,,,,,
USW00094053,"TORRINGTON MUNICIPAL AIRPORT, WY US",9/2/2004,12.08,0,74.00,94.00,54.00,,,,,,,,,,,,,
USW00094053,"TORRINGTON MUNICIPAL AIRPORT, WY US",9/3/2004,11.18,0.03,69.00,83.00,55.00,,,,,,,,,,,,,
USW00094053,"TORRINGTON MUNICIPAL AIRPORT, WY US",9/4/2004,7.83,0.4,59.00,63.00,54.00,,,,,,,,,,,,,
USW00094053,"TORRINGTON MUNICIPAL AIRPORT, WY US",9/5/2004,11.86,1.47,62.00,73.00,50.00,,,,,,,,,,,,,
USW00094053,"TORRINGTON MUNICIPAL AIRPORT, WY US",9/6/2004,6.93,0,61.00,78.00,44.00,,,,,,,,,,,,,
USW00094053,"TORRINGTON MUNICIPAL AIRPORT, WY US",9/7/2004,6.49,0,64.00,80.00,47.00,,,,,,,,,,,,,
USW00094053,"TORRINGTON MUNICIPAL AIRPORT, WY US",9/8/2004,6.49,0,65.00,86.00,43.00,,,,,,,,,,,,,
USW00094053,"TORRINGTON MUNICIPAL AIRPORT, WY US",9/9/2004,4.47,0,71.00,92.00,50.00,,,,,,,,,,,,,
USW00094053,"TORRINGTON MUNICIPAL AIRPORT, WY US",9/10/2004,7.38,,,,,,,,,,,,,,,,,
USW00094053,"TORRINGTON MUNICIPAL AIRPORT, WY US",9/11/2004,9.62,0,67.00,86.00,47.00,,,,,,,,,,,,,
USW00094053,"TORRINGTON MUNICIPAL AIRPORT, WY US",9/12/2004,5.82,0,70.00,91.00,48.00,,,,,,,,,,,,,
USW00094053,"TORRINGTON MUNICIPAL AIRPORT, WY US",9/13/2004,10.74,0,68.00,80.00,56.00,,,,,,,,,,,,,
USW00094053,"TORRINGTON MUNICIPAL AIRPORT, WY US",9/14/2004,8.5,0.04,60.00,69.00,51.00,,,,,,,,,,,,,
USW00094053,"TORRINGTON MUNICIPAL AIRPORT, WY US",9/15/2004,8.05,0,58.00,73.00,43.00,,,,,,,,,,,,,
USW00094053,"TORRINGTON MUNICIPAL AIRPORT, WY US",9/16/2004,6.04,0,62.00,82.00,42.00,,,,,,,,,,,,,
USW00094053,"TORRINGTON MUNICIPAL AIRPORT, WY US",9/17/2004,5.59,0,65.00,89.00,40.00,,,,,,,,,,,,,
USW00094053,"TORRINGTON MUNICIPAL AIRPORT, WY US",9/18/2004,8.05,0,72.00,95.00,48.00,,,,,,,,,,,,,
USW00094053,"TORRINGTON MUNICIPAL AIRPORT, WY US",9/19/2004,11.63,0.01,71.00,87.00,54.00,,,,,,,,,,,,,
USW00094053,"TORRINGTON MUNICIPAL AIRPORT, WY US",9/20/2004,9.17,0.46,62.00,75.00,49.00,,,,,,,,,,,,,
USW00094053,"TORRINGTON MUNICIPAL AIRPORT, WY US",9/21/2004,8.5,0.54,46.00,49.00,42.00,,,,,,,,,,,,,
USW00094053,"TORRINGTON MUNICIPAL AIRPORT, WY US",9/22/2004,4.47,0.01,51.00,61.00,41.00,,,,,,,,,,,,,
USW00094053,"TORRINGTON MUNICIPAL AIRPORT, WY US",9/23/2004,10.07,0,54.00,69.00,38.00,,,,,,,,,,,,,
USW00094053,"TORRINGTON MUNICIPAL AIRPORT, WY US",9/24/2004,4.25,0,57.00,72.00,41.00,,,,,,,,,,,,,
USW00094053,"TORRINGTON MUNICIPAL AIRPORT, WY US",9/25/2004,8.95,0,59.00,77.00,41.00,,,,,,,,,,,,,
USW00094053,"TORRINGTON MUNICIPAL AIRPORT, WY US",9/26/2004,5.59,0,62.00,79.00,44.00,,,,,,,,,,,,,
USW00094053,"TORRINGTON MUNICIPAL AIRPORT, WY US",9/27/2004,9.4,0,55.00,64.00,46.00,,,,,,,,,,,,,
USW00094053,"TORRINGTON MUNICIPAL AIRPORT, WY US",9/28/2004,13.2,0,54.00,70.00,37.00,,,,,,,,,,,,,
USW00094053,"TORRINGTON MUNICIPAL AIRPORT, WY US",9/29/2004,5.59,0,60.00,77.00,42.00,,,,,,,,,,,,,
USW00094053,"TORRINGTON MUNICIPAL AIRPORT, WY US",9/30/2004,11.41,1.07,54.00,59.00,48.00,,,,,,,,,,,,,
USW00094053,"TORRINGTON MUNICIPAL AIRPORT, WY US",10/1/2004,10.07,0.01,44.00,51.00,36.00,,,,,,,,,,,,,
USW00094053,"TORRINGTON MUNICIPAL AIRPORT, WY US",10/2/2004,2.24,0,52.00,72.00,32.00,,,,,,,,,,,,,
USW00094053,"TORRINGTON MUNICIPAL AIRPORT, WY US",10/3/2004,6.04,0,56.00,73.00,39.00,,,,,,,,,,,,,
USW00094053,"TORRINGTON MUNICIPAL AIRPORT, WY US",10/4/2004,9.4,0,58.00,74.00,41.00,,,,,,,,,,,,,
USW00094053,"TORRINGTON MUNICIPAL AIRPORT, WY US",10/5/2004,8.28,0,56.00,72.00,40.00,,,,,,,,,,,,,
USW00094053,"TORRINGTON MUNICIPAL AIRPORT, WY US",10/6/2004,5.82,0,52.00,62.00,41.00,,,,,,,,,,,,,
USW00094053,"TORRINGTON MUNICIPAL AIRPORT, WY US",10/7/2004,6.93,0,57.00,77.00,36.00,,,,,,,,,,,,,
USW00094053,"TORRINGTON MUNICIPAL AIRPORT, WY US",10/8/2004,7.16,0,53.00,68.00,37.00,,,,,,,,,,,,,
USW00094053,"TORRINGTON MUNICIPAL AIRPORT, WY US",10/9/2004,8.5,0,61.00,81.00,40.00,,,,,,,,,,,,,
USW00094053,"TORRINGTON MUNICIPAL AIRPORT, WY US",10/10/2004,10.29,0,54.00,70.00,37.00,,,,,,,,,,,,,
USW00094053,"TORRINGTON MUNICIPAL AIRPORT, WY US",10/11/2004,3.58,0,52.00,64.00,39.00,,,,,,,,,,,,,
USW00094053,"TORRINGTON MUNICIPAL AIRPORT, WY US",10/12/2004,10.29,0,52.00,72.00,32.00,,,,,,,,,,,,,
USW00094053,"TORRINGTON MUNICIPAL AIRPORT, WY US",10/13/2004,15.43,0,42.00,50.00,34.00,,,,,,,,,,,,,
USW00094053,"TORRINGTON MUNICIPAL AIRPORT, WY US",10/14/2004,10.74,0,49.00,63.00,34.00,,,,,,,,,,,,,
USW00094053,"TORRINGTON MUNICIPAL AIRPORT, WY US",10/15/2004,7.61,0.44,40.00,48.00,32.00,,,,,,,,,,,,,
USW00094053,"TORRINGTON MUNICIPAL AIRPORT, WY US",10/16/2004,8.95,0,49.00,65.00,33.00,,,,,,,,,,,,,
USW00094053,"TORRINGTON MUNICIPAL AIRPORT, WY US",10/17/2004,4.92,0,48.00,65.00,31.00,,,,,,,,,,,,,
USW00094053,"TORRINGTON MUNICIPAL AIRPORT, WY US",10/18/2004,11.63,0,52.00,67.00,37.00,,,,,,,,,,,,,
USW00094053,"TORRINGTON MUNICIPAL AIRPORT, WY US",10/19/2004,6.26,0,52.00,64.00,39.00,,,,,,,,,,,,,
USW00094053,"TORRINGTON MUNICIPAL AIRPORT, WY US",10/20/2004,10.07,0.01,55.00,66.00,43.00,,,,,,,,,,,,,
USW00094053,"TORRINGTON MUNICIPAL AIRPORT, WY US",10/21/2004,5.59,0.01,53.00,62.00,44.00,,,,,,,,,,,,,
USW00094053,"TORRINGTON MUNICIPAL AIRPORT, WY US",10/22/2004,9.4,0.13,45.00,50.00,39.00,,,,,,,,,,,,,
USW00094053,"TORRINGTON MUNICIPAL AIRPORT, WY US",10/23/2004,10.29,0,51.00,63.00,39.00,,,,,,,,,,,,,
USW00094053,"TORRINGTON MUNICIPAL AIRPORT, WY US",10/24/2004,11.41,0,45.00,53.00,37.00,,,,,,,,,,,,,
USW00094053,"TORRINGTON MUNICIPAL AIRPORT, WY US",10/25/2004,12.08,0,49.00,59.00,38.00,,,,,,,,,,,,,
USW00094053,"TORRINGTON MUNICIPAL AIRPORT, WY US",10/26/2004,7.16,0,45.00,62.00,28.00,,,,,,,,,,,,,
USW00094053,"TORRINGTON MUNICIPAL AIRPORT, WY US",10/27/2004,9.4,0,52.00,62.00,42.00,,,,,,,,,,,,,
USW00094053,"TORRINGTON MUNICIPAL AIRPORT, WY US",10/28/2004,9.62,0.01,57.00,68.00,45.00,,,,,,,,,,,,,
USW00094053,"TORRINGTON MUNICIPAL AIRPORT, WY US",10/29/2004,18.79,0,42.00,50.00,34.00,,,,,,,,,,,,,
USW00094053,"TORRINGTON MUNICIPAL AIRPORT, WY US",10/30/2004,11.18,0,41.00,58.00,24.00,,,,,,,,,,,,,
USW00094053,"TORRINGTON MUNICIPAL AIRPORT, WY US",10/31/2004,10.51,0.17,42.00,52.00,32.00,,,,,,,,,,,,,
USW00094053,"TORRINGTON MUNICIPAL AIRPORT, WY US",11/1/2004,13.2,0,31.00,38.00,23.00,,,,,,,,,,,,,
USW00094053,"TORRINGTON MUNICIPAL AIRPORT, WY US",11/2/2004,6.26,0,34.00,55.00,13.00,,,,,,,,,,,,,
USW00094053,"TORRINGTON MUNICIPAL AIRPORT, WY US",11/3/2004,6.93,0,43.00,63.00,23.00,,,,,,,,,,,,,
USW00094053,"TORRINGTON MUNICIPAL AIRPORT, WY US",11/4/2004,6.49,0,41.00,54.00,28.00,,,,,,,,,,,,,
USW00094053,"TORRINGTON MUNICIPAL AIRPORT, WY US",11/5/2004,10.29,0,48.00,71.00,24.00,,,,,,,,,,,,,
USW00094053,"TORRINGTON MUNICIPAL AIRPORT, WY US",11/6/2004,12.3,0,53.00,73.00,32.00,,,,,,,,,,,,,
USW00094053,"TORRINGTON MUNICIPAL AIRPORT, WY US",11/7/2004,5.59,0,45.00,66.00,23.00,,,,,,,,,,,,,
USW00094053,"TORRINGTON MUNICIPAL AIRPORT, WY US",11/8/2004,4.7,0,42.00,59.00,24.00,,,,,,,,,,,,,
USW00094053,"TORRINGTON MUNICIPAL AIRPORT, WY US",11/9/2004,4.25,0,45.00,60.00,30.00,,,,,,,,,,,,,
USW00094053,"TORRINGTON MUNICIPAL AIRPORT, WY US",11/10/2004,10.07,0.15,37.00,47.00,26.00,,,,,,,,,,,,,
USW00094053,"TORRINGTON MUNICIPAL AIRPORT, WY US",11/11/2004,10.96,0,33.00,45.00,20.00,,,,,,,,,,,,,
USW00094053,"TORRINGTON MUNICIPAL AIRPORT, WY US",11/12/2004,6.93,0,34.00,44.00,23.00,,,,,,,,,,,,,
USW00094053,"TORRINGTON MUNICIPAL AIRPORT, WY US",11/13/2004,12.97,0,33.00,41.00,25.00,,,,,,,,,,,,,
USW00094053,"TORRINGTON MUNICIPAL AIRPORT, WY US",11/14/2004,8.28,0,36.00,48.00,24.00,,,,,,,,,,,,,
USW00094053,"TORRINGTON MUNICIPAL AIRPORT, WY US",11/15/2004,5.14,0,42.00,64.00,19.00,,,,,,,,,,,,,
USW00094053,"TORRINGTON MUNICIPAL AIRPORT, WY US",11/16/2004,4.7,0,45.00,64.00,25.00,,,,,,,,,,,,,
USW00094053,"TORRINGTON MUNICIPAL AIRPORT, WY US",11/17/2004,6.26,0.02,,,,,,,,,,,,,,,,
USW00094053,"TORRINGTON MUNICIPAL AIRPORT, WY US",11/18/2004,8.5,0,40.00,51.00,29.00,,,,,,,,,,,,,
USW00094053,"TORRINGTON MUNICIPAL AIRPORT, WY US",11/19/2004,11.18,0,34.00,44.00,24.00,,,,,,,,,,,,,
USW00094053,"TORRINGTON MUNICIPAL AIRPORT, WY US",11/20/2004,7.16,0.03,30.00,33.00,27.00,,,,,,,,,,,,,
USW00094053,"TORRINGTON MUNICIPAL AIRPORT, WY US",11/21/2004,8.28,0,28.00,40.00,16.00,,,,,,,,,,,,,
USW00094053,"TORRINGTON MUNICIPAL AIRPORT, WY US",11/22/2004,8.28,0,36.00,56.00,15.00,,,,,,,,,,,,,
USW00094053,"TORRINGTON MUNICIPAL AIRPORT, WY US",11/23/2004,5.82,0,28.00,34.00,22.00,,,,,,,,,,,,,
USW00094053,"TORRINGTON MUNICIPAL AIRPORT, WY US",11/24/2004,9.62,0,32.00,47.00,17.00,,,,,,,,,,,,,
USW00094053,"TORRINGTON MUNICIPAL AIRPORT, WY US",11/25/2004,15.88,0,46.00,54.00,38.00,,,,,,,,,,,,,
USW00094053,"TORRINGTON MUNICIPAL AIRPORT, WY US",11/26/2004,11.18,0.05,36.00,47.00,24.00,,,,,,,,,,,,,
USW00094053,"TORRINGTON MUNICIPAL AIRPORT, WY US",11/27/2004,8.28,0.01,21.00,29.00,12.00,,,,,,,,,,,,,
USW00094053,"TORRINGTON MUNICIPAL AIRPORT, WY US",11/28/2004,14.32,0.03,19.00,25.00,13.00,,,,,,,,,,,,,
USW00094053,"TORRINGTON MUNICIPAL AIRPORT, WY US",11/29/2004,3.58,0,5.00,20.00,-11.00,,,,,,,,,,,,,
USW00094053,"TORRINGTON MUNICIPAL AIRPORT, WY US",11/30/2004,6.93,0,10.00,31.00,-11.00,,,,,,,,,,,,,
USW00094053,"TORRINGTON MUNICIPAL AIRPORT, WY US",12/1/2004,5.82,0,18.00,31.00,5.00,,,,,,,,,,,,,
USW00094053,"TORRINGTON MUNICIPAL AIRPORT, WY US",12/2/2004,9.4,0,18.00,32.00,4.00,,,,,,,,,,,,,
USW00094053,"TORRINGTON MUNICIPAL AIRPORT, WY US",12/3/2004,15.43,0,33.00,41.00,25.00,,,,,,,,,,,,,
USW00094053,"TORRINGTON MUNICIPAL AIRPORT, WY US",12/4/2004,8.72,0,34.00,46.00,22.00,,,,,,,,,,,,,
USW00094053,"TORRINGTON MUNICIPAL AIRPORT, WY US",12/5/2004,8.28,0,33.00,42.00,23.00,,,,,,,,,,,,,
USW00094053,"TORRINGTON MUNICIPAL AIRPORT, WY US",12/6/2004,14.99,0,36.00,42.00,29.00,,,,,,,,,,,,,
USW00094053,"TORRINGTON MUNICIPAL AIRPORT, WY US",12/7/2004,9.62,0,37.00,47.00,26.00,,,,,,,,,,,,,
USW00094053,"TORRINGTON MUNICIPAL AIRPORT, WY US",12/8/2004,14.32,0,41.00,49.00,32.00,,,,,,,,,,,,,
USW00094053,"TORRINGTON MUNICIPAL AIRPORT, WY US",12/9/2004,11.63,0,35.00,43.00,26.00,,,,,,,,,,,,,
USW00094053,"TORRINGTON MUNICIPAL AIRPORT, WY US",12/10/2004,5.82,0,38.00,52.00,24.00,,,,,,,,,,,,,
USW00094053,"TORRINGTON MUNICIPAL AIRPORT, WY US",12/11/2004,23.04,0,53.00,62.00,43.00,,,,,,,,,,,,,
USW00094053,"TORRINGTON MUNICIPAL AIRPORT, WY US",12/12/2004,14.76,0.01,38.00,52.00,24.00,,,,,,,,,,,,,
USW00094053,"TORRINGTON MUNICIPAL AIRPORT, WY US",12/13/2004,3.58,0,24.00,36.00,12.00,,,,,,,,,,,,,
USW00094053,"TORRINGTON MUNICIPAL AIRPORT, WY US",12/14/2004,7.16,0,28.00,44.00,12.00,,,,,,,,,,,,,
USW00094053,"TORRINGTON MUNICIPAL AIRPORT, WY US",12/15/2004,10.96,0,39.00,47.00,30.00,,,,,,,,,,,,,
USW00094053,"TORRINGTON MUNICIPAL AIRPORT, WY US",12/16/2004,8.5,0,37.00,48.00,26.00,,,,,,,,,,,,,
USW00094053,"TORRINGTON MUNICIPAL AIRPORT, WY US",12/17/2004,10.07,0,37.00,51.00,23.00,,,,,,,,,,,,,
USW00094053,"TORRINGTON MUNICIPAL AIRPORT, WY US",12/18/2004,8.5,0,36.00,48.00,23.00,,,,,,,,,,,,,
USW00094053,"TORRINGTON MUNICIPAL AIRPORT, WY US",12/19/2004,12.3,0,38.00,57.00,18.00,,,,,,,,,,,,,
USW00094053,"TORRINGTON MUNICIPAL AIRPORT, WY US",12/20/2004,18.34,0.01,36.00,50.00,21.00,,,,,,,,,,,,,
USW00094053,"TORRINGTON MUNICIPAL AIRPORT, WY US",12/21/2004,8.05,0,24.00,32.00,15.00,,,,,,,,,,,,,
USW00094053,"TORRINGTON MUNICIPAL AIRPORT, WY US",12/22/2004,5.59,0,18.00,24.00,11.00,,,,,,,,,,,,,
USW00094053,"TORRINGTON MUNICIPAL AIRPORT, WY US",12/23/2004,9.84,0,3.00,15.00,-9.00,,,,,,,,,,,,,
USW00094053,"TORRINGTON MUNICIPAL AIRPORT, WY US",12/24/2004,14.54,0,17.00,40.00,-6.00,,,,,,,,,,,,,
USW00094053,"TORRINGTON MUNICIPAL AIRPORT, WY US",12/25/2004,9.17,0,37.00,50.00,23.00,,,,,,,,,,,,,
USW00094053,"TORRINGTON MUNICIPAL AIRPORT, WY US",12/26/2004,4.92,0,34.00,52.00,16.00,,,,,,,,,,,,,
USW00094053,"TORRINGTON MUNICIPAL AIRPORT, WY US",12/27/2004,2.91,0,33.00,43.00,22.00,,,,,,,,,,,,,
USW00094053,"TORRINGTON MUNICIPAL AIRPORT, WY US",12/28/2004,8.28,0,43.00,55.00,30.00,,,,,,,,,,,,,
USW00094053,"TORRINGTON MUNICIPAL AIRPORT, WY US",12/29/2004,5.37,0,33.00,42.00,24.00,,,,,,,,,,,,,
USW00094053,"TORRINGTON MUNICIPAL AIRPORT, WY US",12/30/2004,21.47,0,37.00,50.00,23.00,,,,,,,,,,,,,
USW00094053,"TORRINGTON MUNICIPAL AIRPORT, WY US",12/31/2004,11.63,0,39.00,52.00,25.00,,,,,,,,,,,,,
USW00094053,"TORRINGTON MUNICIPAL AIRPORT, WY US",1/1/2005,10.29,0,31.00,48.00,13.00,,,,,,,,,,,,,
USW00094053,"TORRINGTON MUNICIPAL AIRPORT, WY US",1/2/2005,7.83,0,27.00,43.00,11.00,,,,,,,,,,,,,
USW00094053,"TORRINGTON MUNICIPAL AIRPORT, WY US",1/3/2005,7.61,0,33.00,43.00,23.00,,,,,,,,,,,,,
USW00094053,"TORRINGTON MUNICIPAL AIRPORT, WY US",1/4/2005,12.08,0.04,12.00,23.00,0.00,,,,,,,,,,,,,
USW00094053,"TORRINGTON MUNICIPAL AIRPORT, WY US",1/5/2005,4.7,0,-2.00,6.00,-11.00,,,,,,,,,,,,,
USW00094053,"TORRINGTON MUNICIPAL AIRPORT, WY US",1/6/2005,10.74,0.01,13.00,37.00,-11.00,,,,,,,,,,,,,
USW00094053,"TORRINGTON MUNICIPAL AIRPORT, WY US",1/7/2005,8.5,0,17.00,28.00,5.00,,,,,,,,,,,,,
USW00094053,"TORRINGTON MUNICIPAL AIRPORT, WY US",1/8/2005,9.84,0,28.00,43.00,12.00,,,,,,,,,,,,,
USW00094053,"TORRINGTON MUNICIPAL AIRPORT, WY US",1/9/2005,9.62,0,33.00,45.00,20.00,,,,,,,,,,,,,
USW00094053,"TORRINGTON MUNICIPAL AIRPORT, WY US",1/10/2005,4.7,0.03,27.00,33.00,21.00,,,,,,,,,,,,,
USW00094053,"TORRINGTON MUNICIPAL AIRPORT, WY US",1/11/2005,7.38,0.07,31.00,35.00,26.00,,,,,,,,,,,,,
USW00094053,"TORRINGTON MUNICIPAL AIRPORT, WY US",1/12/2005,10.96,0.02,30.00,35.00,25.00,,,,,,,,,,,,,
USW00094053,"TORRINGTON MUNICIPAL AIRPORT, WY US",1/13/2005,14.09,0,15.00,28.00,1.00,,,,,,,,,,,,,
USW00094053,"TORRINGTON MUNICIPAL AIRPORT, WY US",1/14/2005,8.95,0,4.00,9.00,-1.00,,,,,,,,,,,,,
USW00094053,"TORRINGTON MUNICIPAL AIRPORT, WY US",1/15/2005,6.26,0,13.00,24.00,2.00,,,,,,,,,,,,,
USW00094053,"TORRINGTON MUNICIPAL AIRPORT, WY US",1/16/2005,4.25,0,17.00,34.00,0.00,,,,,,,,,,,,,
USW00094053,"TORRINGTON MUNICIPAL AIRPORT, WY US",1/17/2005,4.7,0,30.00,49.00,11.00,,,,,,,,,,,,,
USW00094053,"TORRINGTON MUNICIPAL AIRPORT, WY US",1/18/2005,13.87,0,44.00,55.00,32.00,,,,,,,,,,,,,
USW00094053,"TORRINGTON MUNICIPAL AIRPORT, WY US",1/19/2005,12.3,0,49.00,60.00,37.00,,,,,,,,,,,,,
USW00094053,"TORRINGTON MUNICIPAL AIRPORT, WY US",1/20/2005,9.4,0,53.00,68.00,37.00,,,,,,,,,,,,,
USW00094053,"TORRINGTON MUNICIPAL AIRPORT, WY US",1/21/2005,18.79,0,43.00,57.00,29.00,,,,,,,,,,,,,
USW00094053,"TORRINGTON MUNICIPAL AIRPORT, WY US",1/22/2005,10.07,0,27.00,33.00,20.00,,,,,,,,,,,,,
USW00094053,"TORRINGTON MUNICIPAL AIRPORT, WY US",1/23/2005,8.95,0,44.00,66.00,22.00,,,,,,,,,,,,,
USW00094053,"TORRINGTON MUNICIPAL AIRPORT, WY US",1/24/2005,4.47,0,45.00,63.00,27.00,,,,,,,,,,,,,
USW00094053,"TORRINGTON MUNICIPAL AIRPORT, WY US",1/25/2005,9.4,0,41.00,57.00,25.00,,,,,,,,,,,,,
USW00094053,"TORRINGTON MUNICIPAL AIRPORT, WY US",1/26/2005,7.16,0,36.00,52.00,20.00,,,,,,,,,,,,,
USW00094053,"TORRINGTON MUNICIPAL AIRPORT, WY US",1/27/2005,13.2,0,36.00,43.00,28.00,,,,,,,,,,,,,
USW00094053,"TORRINGTON MUNICIPAL AIRPORT, WY US",1/28/2005,6.71,0,38.00,51.00,25.00,,,,,,,,,,,,,
USW00094053,"TORRINGTON MUNICIPAL AIRPORT, WY US",1/29/2005,5.82,0,38.00,49.00,27.00,,,,,,,,,,,,,
USW00094053,"TORRINGTON MUNICIPAL AIRPORT, WY US",1/30/2005,6.93,0,36.00,44.00,27.00,,,,,,,,,,,,,
USW00094053,"TORRINGTON MUNICIPAL AIRPORT, WY US",1/31/2005,5.82,0,35.00,45.00,24.00,,,,,,,,,,,,,
USW00094053,"TORRINGTON MUNICIPAL AIRPORT, WY US",2/1/2005,5.59,0,30.00,46.00,13.00,,,,,,,,,,,,,
USW00094053,"TORRINGTON MUNICIPAL AIRPORT, WY US",2/2/2005,6.93,0,38.00,54.00,21.00,,,,,,,,,,,,,
USW00094053,"TORRINGTON MUNICIPAL AIRPORT, WY US",2/3/2005,8.05,0,43.00,60.00,26.00,,,,,,,,,,,,,
USW00094053,"TORRINGTON MUNICIPAL AIRPORT, WY US",2/4/2005,5.37,0,40.00,62.00,18.00,,,,,,,,,,,,,
USW00094053,"TORRINGTON MUNICIPAL AIRPORT, WY US",2/5/2005,12.08,0,44.00,58.00,29.00,,,,,,,,,,,,,
USW00094053,"TORRINGTON MUNICIPAL AIRPORT, WY US",2/6/2005,8.5,0,27.00,31.00,22.00,,,,,,,,,,,,,
USW00094053,"TORRINGTON MUNICIPAL AIRPORT, WY US",2/7/2005,14.76,0.07,24.00,27.00,20.00,,,,,,,,,,,,,
USW00094053,"TORRINGTON MUNICIPAL AIRPORT, WY US",2/8/2005,3.8,0,23.00,32.00,13.00,,,,,,,,,,,,,
USW00094053,"TORRINGTON MUNICIPAL AIRPORT, WY US",2/9/2005,7.61,0,27.00,42.00,12.00,,,,,,,,,,,,,
USW00094053,"TORRINGTON MUNICIPAL AIRPORT, WY US",2/10/2005,4.7,0,33.00,51.00,15.00,,,,,,,,,,,,,
USW00094053,"TORRINGTON MUNICIPAL AIRPORT, WY US",2/11/2005,2.91,0,37.00,59.00,14.00,,,,,,,,,,,,,
USW00094053,"TORRINGTON MUNICIPAL AIRPORT, WY US",2/12/2005,7.83,0,44.00,59.00,28.00,,,,,,,,,,,,,
USW00094053,"TORRINGTON MUNICIPAL AIRPORT, WY US",2/13/2005,16.55,0,47.00,56.00,38.00,,,,,,,,,,,,,
USW00094053,"TORRINGTON MUNICIPAL AIRPORT, WY US",2/14/2005,9.17,0,42.00,53.00,30.00,,,,,,,,,,,,,
USW00094053,"TORRINGTON MUNICIPAL AIRPORT, WY US",2/15/2005,9.62,0,25.00,35.00,15.00,,,,,,,,,,,,,
USW00094053,"TORRINGTON MUNICIPAL AIRPORT, WY US",2/16/2005,4.47,0,23.00,37.00,8.00,,,,,,,,,,,,,
USW00094053,"TORRINGTON MUNICIPAL AIRPORT, WY US",2/17/2005,6.93,0,28.00,46.00,9.00,,,,,,,,,,,,,
USW00094053,"TORRINGTON MUNICIPAL AIRPORT, WY US",2/18/2005,8.05,0,30.00,49.00,10.00,,,,,,,,,,,,,
USW00094053,"TORRINGTON MUNICIPAL AIRPORT, WY US",2/19/2005,9.17,0,42.00,59.00,25.00,,,,,,,,,,,,,
USW00094053,"TORRINGTON MUNICIPAL AIRPORT, WY US",2/20/2005,9.17,0,45.00,57.00,32.00,,,,,,,,,,,,,
USW00094053,"TORRINGTON MUNICIPAL AIRPORT, WY US",2/21/2005,13.65,0,42.00,57.00,26.00,,,,,,,,,,,,,
USW00094053,"TORRINGTON MUNICIPAL AIRPORT, WY US",2/22/2005,9.62,0,35.00,46.00,24.00,,,,,,,,,,,,,
USW00094053,"TORRINGTON MUNICIPAL AIRPORT, WY US",2/23/2005,10.29,0,36.00,49.00,23.00,,,,,,,,,,,,,
USW00094053,"TORRINGTON MUNICIPAL AIRPORT, WY US",2/24/2005,7.61,0,36.00,54.00,17.00,,,,,,,,,,,,,
USW00094053,"TORRINGTON MUNICIPAL AIRPORT, WY US",2/25/2005,6.49,0,37.00,58.00,16.00,,,,,,,,,,,,,
USW00094053,"TORRINGTON MUNICIPAL AIRPORT, WY US",2/26/2005,5.37,0,36.00,56.00,16.00,,,,,,,,,,,,,
USW00094053,"TORRINGTON MUNICIPAL AIRPORT, WY US",2/27/2005,8.5,0,33.00,47.00,19.00,,,,,,,,,,,,,
USW00094053,"TORRINGTON MUNICIPAL AIRPORT, WY US",2/28/2005,8.5,0,33.00,47.00,18.00,,,,,,,,,,,,,
USW00094053,"TORRINGTON MUNICIPAL AIRPORT, WY US",3/1/2005,6.49,0,35.00,56.00,14.00,,,,,,,,,,,,,
USW00094053,"TORRINGTON MUNICIPAL AIRPORT, WY US",3/2/2005,7.38,0,40.00,55.00,25.00,,,,,,,,,,,,,
USW00094053,"TORRINGTON MUNICIPAL AIRPORT, WY US",3/3/2005,6.71,0,40.00,61.00,18.00,,,,,,,,,,,,,
USW00094053,"TORRINGTON MUNICIPAL AIRPORT, WY US",3/4/2005,6.71,0,41.00,62.00,19.00,,,,,,,,,,,,,
USW00094053,"TORRINGTON MUNICIPAL AIRPORT, WY US",3/5/2005,5.82,0,41.00,60.00,21.00,,,,,,,,,,,,,
USW00094053,"TORRINGTON MUNICIPAL AIRPORT, WY US",3/6/2005,14.76,0,46.00,65.00,27.00,,,,,,,,,,,,,
USW00094053,"TORRINGTON MUNICIPAL AIRPORT, WY US",3/7/2005,14.99,0,45.00,52.00,37.00,,,,,,,,,,,,,
USW00094053,"TORRINGTON MUNICIPAL AIRPORT, WY US",3/8/2005,17.9,0.02,41.00,50.00,31.00,,,,,,,,,,,,,
USW00094053,"TORRINGTON MUNICIPAL AIRPORT, WY US",3/9/2005,13.87,0,50.00,70.00,30.00,,,,,,,,,,,,,
USW00094053,"TORRINGTON MUNICIPAL AIRPORT, WY US",3/10/2005,20.13,0,41.00,51.00,30.00,,,,,,,,,,,,,
USW00094053,"TORRINGTON MUNICIPAL AIRPORT, WY US",3/11/2005,15.43,0,48.00,70.00,25.00,,,,,,,,,,,,,
USW00094053,"TORRINGTON MUNICIPAL AIRPORT, WY US",3/12/2005,19.69,0.02,44.00,57.00,30.00,,,,,,,,,,,,,
USW00094053,"TORRINGTON MUNICIPAL AIRPORT, WY US",3/13/2005,13.2,0,,,,,,,,,,,,,,,,
USW00094053,"TORRINGTON MUNICIPAL AIRPORT, WY US",3/14/2005,6.93,0,29.00,38.00,19.00,,,,,,,,,,,,,
USW00094053,"TORRINGTON MUNICIPAL AIRPORT, WY US",3/15/2005,7.83,0,31.00,48.00,14.00,,,,,,,,,,,,,
USW00094053,"TORRINGTON MUNICIPAL AIRPORT, WY US",3/16/2005,6.71,0,34.00,54.00,14.00,,,,,,,,,,,,,
USW00094053,"TORRINGTON MUNICIPAL AIRPORT, WY US",3/17/2005,17.67,0,42.00,56.00,27.00,,,,,,,,,,,,,
USW00094053,"TORRINGTON MUNICIPAL AIRPORT, WY US",3/18/2005,12.53,0,30.00,41.00,18.00,,,,,,,,,,,,,
USW00094053,"TORRINGTON MUNICIPAL AIRPORT, WY US",3/19/2005,9.84,0,38.00,57.00,18.00,,,,,,,,,,,,,
USW00094053,"TORRINGTON MUNICIPAL AIRPORT, WY US",3/20/2005,9.84,0,42.00,58.00,25.00,,,,,,,,,,,,,
USW00094053,"TORRINGTON MUNICIPAL AIRPORT, WY US",3/21/2005,8.5,0,37.00,40.00,33.00,,,,,,,,,,,,,
USW00094053,"TORRINGTON MUNICIPAL AIRPORT, WY US",3/22/2005,7.61,0,42.00,54.00,30.00,,,,,,,,,,,,,
USW00094053,"TORRINGTON MUNICIPAL AIRPORT, WY US",3/23/2005,14.54,0.09,40.00,51.00,29.00,,,,,,,,,,,,,
USW00094053,"TORRINGTON MUNICIPAL AIRPORT, WY US",3/24/2005,14.54,0.02,27.00,32.00,21.00,,,,,,,,,,,,,
USW00094053,"TORRINGTON MUNICIPAL AIRPORT, WY US",3/25/2005,8.28,0,29.00,37.00,20.00,,,,,,,,,,,,,
USW00094053,"TORRINGTON MUNICIPAL AIRPORT, WY US",3/26/2005,5.59,0,39.00,50.00,27.00,,,,,,,,,,,,,
USW00094053,"TORRINGTON MUNICIPAL AIRPORT, WY US",3/27/2005,13.65,0,47.00,66.00,28.00,,,,,,,,,,,,,
USW00094053,"TORRINGTON MUNICIPAL AIRPORT, WY US",3/28/2005,8.72,0,57.00,74.00,40.00,,,,,,,,,,,,,
USW00094053,"TORRINGTON MUNICIPAL AIRPORT, WY US",3/29/2005,11.18,0,45.00,58.00,31.00,,,,,,,,,,,,,
USW00094053,"TORRINGTON MUNICIPAL AIRPORT, WY US",3/30/2005,10.96,0.04,40.00,54.00,26.00,,,,,,,,,,,,,
USW00094053,"TORRINGTON MUNICIPAL AIRPORT, WY US",3/31/2005,12.97,0,36.00,47.00,24.00,,,,,,,,,,,,,
USW00094053,"TORRINGTON MUNICIPAL AIRPORT, WY US",4/1/2005,5.37,0,40.00,64.00,16.00,,,,,,,,,,,,,
USW00094053,"TORRINGTON MUNICIPAL AIRPORT, WY US",4/2/2005,9.62,0,54.00,70.00,37.00,,,,,,,,,,,,,
USW00094053,"TORRINGTON MUNICIPAL AIRPORT, WY US",4/3/2005,10.07,0,57.00,76.00,37.00,,,,,,,,,,,,,
USW00094053,"TORRINGTON MUNICIPAL AIRPORT, WY US",4/4/2005,8.95,0,53.00,72.00,33.00,,,,,,,,,,,,,
USW00094053,"TORRINGTON MUNICIPAL AIRPORT, WY US",4/5/2005,20.36,0.28,45.00,54.00,36.00,,,,,,,,,,,,,
USW00094053,"TORRINGTON MUNICIPAL AIRPORT, WY US",4/6/2005,8.28,0,47.00,64.00,30.00,,,,,,,,,,,,,
USW00094053,"TORRINGTON MUNICIPAL AIRPORT, WY US",4/7/2005,13.2,0,53.00,76.00,30.00,,,,,,,,,,,,,
USW00094053,"TORRINGTON MUNICIPAL AIRPORT, WY US",4/8/2005,14.99,0,58.00,77.00,39.00,,,,,,,,,,,,,
USW00094053,"TORRINGTON MUNICIPAL AIRPORT, WY US",4/9/2005,13.2,0.05,49.00,62.00,35.00,,,,,,,,,,,,,
USW00094053,"TORRINGTON MUNICIPAL AIRPORT, WY US",4/10/2005,19.46,0,42.00,47.00,37.00,,,,,,,,,,,,,
USW00094053,"TORRINGTON MUNICIPAL AIRPORT, WY US",4/11/2005,16.33,0,43.00,56.00,30.00,,,,,,,,,,,,,
USW00094053,"TORRINGTON MUNICIPAL AIRPORT, WY US",4/12/2005,10.07,0,46.00,66.00,26.00,,,,,,,,,,,,,
USW00094053,"TORRINGTON MUNICIPAL AIRPORT, WY US",4/13/2005,13.65,0,49.00,71.00,26.00,,,,,,,,,,,,,
USW00094053,"TORRINGTON MUNICIPAL AIRPORT, WY US",4/14/2005,13.2,0,57.00,73.00,41.00,,,,,,,,,,,,,
USW00094053,"TORRINGTON MUNICIPAL AIRPORT, WY US",4/15/2005,9.4,0,47.00,60.00,34.00,,,,,,,,,,,,,
USW00094053,"TORRINGTON MUNICIPAL AIRPORT, WY US",4/16/2005,8.72,0,51.00,72.00,29.00,,,,,,,,,,,,,
USW00094053,"TORRINGTON MUNICIPAL AIRPORT, WY US",4/17/2005,10.74,0,64.00,84.00,43.00,,,,,,,,,,,,,
USW00094053,"TORRINGTON MUNICIPAL AIRPORT, WY US",4/18/2005,8.72,0,60.00,80.00,39.00,,,,,,,,,,,,,
USW00094053,"TORRINGTON MUNICIPAL AIRPORT, WY US",4/19/2005,15.21,0,52.00,64.00,40.00,,,,,,,,,,,,,
USW00094053,"TORRINGTON MUNICIPAL AIRPORT, WY US",4/20/2005,9.62,0.42,40.00,45.00,35.00,,,,,,,,,,,,,
USW00094053,"TORRINGTON MUNICIPAL AIRPORT, WY US",4/21/2005,19.69,0.27,39.00,45.00,32.00,,,,,,,,,,,,,
USW00094053,"TORRINGTON MUNICIPAL AIRPORT, WY US",4/22/2005,13.42,0,45.00,57.00,32.00,,,,,,,,,,,,,
USW00094053,"TORRINGTON MUNICIPAL AIRPORT, WY US",4/23/2005,12.53,0,45.00,62.00,27.00,,,,,,,,,,,,,
USW00094053,"TORRINGTON MUNICIPAL AIRPORT, WY US",4/24/2005,12.75,0,48.00,61.00,34.00,,,,,,,,,,,,,
USW00094053,"TORRINGTON MUNICIPAL AIRPORT, WY US",4/25/2005,14.09,0,45.00,57.00,33.00,,,,,,,,,,,,,
USW00094053,"TORRINGTON MUNICIPAL AIRPORT, WY US",4/26/2005,15.88,0,45.00,56.00,33.00,,,,,,,,,,,,,
USW00094053,"TORRINGTON MUNICIPAL AIRPORT, WY US",4/27/2005,7.61,0.05,33.00,39.00,27.00,,,,,,,,,,,,,
USW00094053,"TORRINGTON MUNICIPAL AIRPORT, WY US",4/28/2005,5.82,0.25,26.00,28.00,24.00,,,,,,,,,,,,,
USW00094053,"TORRINGTON MUNICIPAL AIRPORT, WY US",4/29/2005,6.93,0,32.00,41.00,22.00,,,,,,,,,,,,,
USW00094053,"TORRINGTON MUNICIPAL AIRPORT, WY US",4/30/2005,7.61,0,35.00,47.00,23.00,,,,,,,,,,,,,
USW00094053,"TORRINGTON MUNICIPAL AIRPORT, WY US",5/1/2005,7.61,0,34.00,44.00,24.00,,,,,,,,,,,,,
USW00094053,"TORRINGTON MUNICIPAL AIRPORT, WY US",5/2/2005,5.82,0,35.00,50.00,20.00,,,,,,,,,,,,,
USW00094053,"TORRINGTON MUNICIPAL AIRPORT, WY US",5/3/2005,6.71,0,44.00,60.00,28.00,,,,,,,,,,,,,
USW00094053,"TORRINGTON MUNICIPAL AIRPORT, WY US",5/4/2005,6.71,0,52.00,72.00,31.00,,,,,,,,,,,,,
USW00094053,"TORRINGTON MUNICIPAL AIRPORT, WY US",5/5/2005,5.59,0,56.00,76.00,35.00,,,,,,,,,,,,,
USW00094053,"TORRINGTON MUNICIPAL AIRPORT, WY US",5/6/2005,6.04,0.3,60.00,79.00,40.00,,,,,,,,,,,,,
USW00094053,"TORRINGTON MUNICIPAL AIRPORT, WY US",5/7/2005,10.96,0.02,55.00,63.00,46.00,,,,,,,,,,,,,
USW00094053,"TORRINGTON MUNICIPAL AIRPORT, WY US",5/8/2005,20.58,0.08,51.00,57.00,44.00,,,,,,,,,,,,,
USW00094053,"TORRINGTON MUNICIPAL AIRPORT, WY US",5/9/2005,7.61,0,55.00,72.00,37.00,,,,,,,,,,,,,
USW00094053,"TORRINGTON MUNICIPAL AIRPORT, WY US",5/10/2005,14.76,0.03,52.00,58.00,45.00,,,,,,,,,,,,,
USW00094053,"TORRINGTON MUNICIPAL AIRPORT, WY US",5/11/2005,17,0.19,40.00,47.00,32.00,,,,,,,,,,,,,
USW00094053,"TORRINGTON MUNICIPAL AIRPORT, WY US",5/12/2005,6.93,0.03,45.00,59.00,31.00,,,,,,,,,,,,,
USW00094053,"TORRINGTON MUNICIPAL AIRPORT, WY US",5/13/2005,10.29,0,50.00,62.00,37.00,,,,,,,,,,,,,
USW00094053,"TORRINGTON MUNICIPAL AIRPORT, WY US",5/14/2005,7.38,0,51.00,66.00,36.00,,,,,,,,,,,,,
USW00094053,"TORRINGTON MUNICIPAL AIRPORT, WY US",5/15/2005,7.61,0,57.00,77.00,36.00,,,,,,,,,,,,,
USW00094053,"TORRINGTON MUNICIPAL AIRPORT, WY US",5/16/2005,9.4,0,65.00,82.00,48.00,,,,,,,,,,,,,
USW00094053,"TORRINGTON MUNICIPAL AIRPORT, WY US",5/17/2005,16.33,0.01,60.00,71.00,48.00,,,,,,,,,,,,,
USW00094053,"TORRINGTON MUNICIPAL AIRPORT, WY US",5/18/2005,9.17,0,61.00,79.00,42.00,,,,,,,,,,,,,
USW00094053,"TORRINGTON MUNICIPAL AIRPORT, WY US",5/19/2005,8.05,0,66.00,89.00,43.00,,,,,,,,,,,,,
USW00094053,"TORRINGTON MUNICIPAL AIRPORT, WY US",5/20/2005,6.71,0,72.00,95.00,49.00,,,,,,,,,,,,,
USW00094053,"TORRINGTON MUNICIPAL AIRPORT, WY US",5/21/2005,8.72,0,67.00,80.00,54.00,,,,,,,,,,,,,
USW00094053,"TORRINGTON MUNICIPAL AIRPORT, WY US",5/22/2005,10.74,0,65.00,85.00,44.00,,,,,,,,,,,,,
USW00094053,"TORRINGTON MUNICIPAL AIRPORT, WY US",5/23/2005,9.17,0.21,67.00,84.00,50.00,,,,,,,,,,,,,
USW00094053,"TORRINGTON MUNICIPAL AIRPORT, WY US",5/24/2005,11.18,0.01,63.00,76.00,50.00,,,,,,,,,,,,,
USW00094053,"TORRINGTON MUNICIPAL AIRPORT, WY US",5/25/2005,14.09,0.02,55.00,65.00,45.00,,,,,,,,,,,,,
USW00094053,"TORRINGTON MUNICIPAL AIRPORT, WY US",5/26/2005,9.4,0,58.00,69.00,47.00,,,,,,,,,,,,,
USW00094053,"TORRINGTON MUNICIPAL AIRPORT, WY US",5/27/2005,12.08,0,58.00,73.00,42.00,,,,,,,,,,,,,
USW00094053,"TORRINGTON MUNICIPAL AIRPORT, WY US",5/28/2005,8.5,0,57.00,79.00,34.00,,,,,,,,,,,,,
USW00094053,"TORRINGTON MUNICIPAL AIRPORT, WY US",5/29/2005,9.17,0.15,51.00,57.00,45.00,,,,,,,,,,,,,
USW00094053,"TORRINGTON MUNICIPAL AIRPORT, WY US",5/30/2005,13.2,0.96,45.00,48.00,42.00,,,,,,,,,,,,,
USW00094053,"TORRINGTON MUNICIPAL AIRPORT, WY US",5/31/2005,4.92,0.07,55.00,70.00,40.00,,,,,,,,,,,,,
USW00094053,"TORRINGTON MUNICIPAL AIRPORT, WY US",6/1/2005,10.74,0.01,62.00,79.00,44.00,,,,,,,,,,,,,
USW00094053,"TORRINGTON MUNICIPAL AIRPORT, WY US",6/2/2005,7.38,0.1,59.00,67.00,51.00,,,,,,,,,,,,,
USW00094053,"TORRINGTON MUNICIPAL AIRPORT, WY US",6/3/2005,7.38,0.38,60.00,71.00,49.00,,,,,,,,,,,,,
USW00094053,"TORRINGTON MUNICIPAL AIRPORT, WY US",6/4/2005,8.28,1.4,55.00,61.00,49.00,,,,,,,,,,,,,
USW00094053,"TORRINGTON MUNICIPAL AIRPORT, WY US",6/5/2005,7.38,0.01,62.00,79.00,44.00,,,,,,,,,,,,,
USW00094053,"TORRINGTON MUNICIPAL AIRPORT, WY US",6/6/2005,10.29,0,69.00,89.00,49.00,,,,,,,,,,,,,
USW00094053,"TORRINGTON MUNICIPAL AIRPORT, WY US",6/7/2005,10.74,0,64.00,82.00,46.00,,,,,,,,,,,,,
USW00094053,"TORRINGTON MUNICIPAL AIRPORT, WY US",6/8/2005,13.87,0,63.00,76.00,49.00,,,,,,,,,,,,,
USW00094053,"TORRINGTON MUNICIPAL AIRPORT, WY US",6/9/2005,8.28,0,58.00,67.00,49.00,,,,,,,,,,,,,
USW00094053,"TORRINGTON MUNICIPAL AIRPORT, WY US",6/10/2005,6.71,0.28,55.00,62.00,47.00,,,,,,,,,,,,,
USW00094053,"TORRINGTON MUNICIPAL AIRPORT, WY US",6/11/2005,8.05,0,60.00,72.00,47.00,,,,,,,,,,,,,
USW00094053,"TORRINGTON MUNICIPAL AIRPORT, WY US",6/12/2005,10.29,1.56,53.00,55.00,50.00,,,,,,,,,,,,,
USW00094053,"TORRINGTON MUNICIPAL AIRPORT, WY US",6/13/2005,17.67,0.56,54.00,61.00,46.00,,,,,,,,,,,,,
USW00094053,"TORRINGTON MUNICIPAL AIRPORT, WY US",6/14/2005,6.71,0,58.00,74.00,41.00,,,,,,,,,,,,,
USW00094053,"TORRINGTON MUNICIPAL AIRPORT, WY US",6/15/2005,6.71,0.2,68.00,88.00,48.00,,,,,,,,,,,,,
USW00094053,"TORRINGTON MUNICIPAL AIRPORT, WY US",6/16/2005,7.16,0,69.00,84.00,53.00,,,,,,,,,,,,,
USW00094053,"TORRINGTON MUNICIPAL AIRPORT, WY US",6/17/2005,17.22,0,74.00,85.00,63.00,,,,,,,,,,,,,
USW00094053,"TORRINGTON MUNICIPAL AIRPORT, WY US",6/18/2005,10.51,0,74.00,90.00,58.00,,,,,,,,,,,,,
USW00094053,"TORRINGTON MUNICIPAL AIRPORT, WY US",6/19/2005,7.61,0,77.00,91.00,62.00,,,,,,,,,,,,,
USW00094053,"TORRINGTON MUNICIPAL AIRPORT, WY US",6/20/2005,6.71,0,78.00,94.00,62.00,,,,,,,,,,,,,
USW00094053,"TORRINGTON MUNICIPAL AIRPORT, WY US",6/21/2005,9.62,0,76.00,94.00,58.00,,,,,,,,,,,,,
USW00094053,"TORRINGTON MUNICIPAL AIRPORT, WY US",6/22/2005,4.7,0,78.00,96.00,60.00,,,,,,,,,,,,,
USW00094053,"TORRINGTON MUNICIPAL AIRPORT, WY US",6/23/2005,8.05,0.01,73.00,90.00,56.00,,,,,,,,,,,,,
USW00094053,"TORRINGTON MUNICIPAL AIRPORT, WY US",6/24/2005,6.04,0.02,73.00,87.00,59.00,,,,,,,,,,,,,
USW00094053,"TORRINGTON MUNICIPAL AIRPORT, WY US",6/25/2005,9.17,0.16,72.00,88.00,55.00,,,,,,,,,,,,,
USW00094053,"TORRINGTON MUNICIPAL AIRPORT, WY US",6/26/2005,9.84,0,73.00,88.00,58.00,,,,,,,,,,,,,
USW00094053,"TORRINGTON MUNICIPAL AIRPORT, WY US",6/27/2005,7.16,0,70.00,89.00,50.00,,,,,,,,,,,,,
USW00094053,"TORRINGTON MUNICIPAL AIRPORT, WY US",6/28/2005,7.83,0,72.00,94.00,50.00,,,,,,,,,,,,,
USW00094053,"TORRINGTON MUNICIPAL AIRPORT, WY US",6/29/2005,10.51,0,66.00,78.00,54.00,,,,,,,,,,,,,
USW00094053,"TORRINGTON MUNICIPAL AIRPORT, WY US",6/30/2005,4.7,0,64.00,82.00,46.00,,,,,,,,,,,,,
USW00094053,"TORRINGTON MUNICIPAL AIRPORT, WY US",7/1/2005,7.38,0,71.00,89.00,52.00,,,,,,,,,,,,,
USW00094053,"TORRINGTON MUNICIPAL AIRPORT, WY US",7/2/2005,9.84,0,74.00,95.00,52.00,,,,,,,,,,,,,
USW00094053,"TORRINGTON MUNICIPAL AIRPORT, WY US",7/3/2005,7.61,0.19,71.00,83.00,58.00,,,,,,,,,,,,,
USW00094053,"TORRINGTON MUNICIPAL AIRPORT, WY US",7/4/2005,6.71,0,67.00,76.00,57.00,,,,,,,,,,,,,
USW00094053,"TORRINGTON MUNICIPAL AIRPORT, WY US",7/5/2005,9.4,0,71.00,89.00,53.00,,,,,,,,,,,,,
USW00094053,"TORRINGTON MUNICIPAL AIRPORT, WY US",7/6/2005,10.96,0,72.00,91.00,53.00,,,,,,,,,,,,,
USW00094053,"TORRINGTON MUNICIPAL AIRPORT, WY US",7/7/2005,5.82,0,79.00,100.00,57.00,,,,,,,,,,,,,
USW00094053,"TORRINGTON MUNICIPAL AIRPORT, WY US",7/8/2005,7.61,0,79.00,100.00,57.00,,,,,,,,,,,,,
USW00094053,"TORRINGTON MUNICIPAL AIRPORT, WY US",7/9/2005,10.96,0,81.00,102.00,59.00,,,,,,,,,,,,,
USW00094053,"TORRINGTON MUNICIPAL AIRPORT, WY US",7/10/2005,4.03,0,79.00,94.00,64.00,,,,,,,,,,,,,
USW00094053,"TORRINGTON MUNICIPAL AIRPORT, WY US",7/11/2005,5.14,0,76.00,90.00,61.00,,,,,,,,,,,,,
USW00094053,"TORRINGTON MUNICIPAL AIRPORT, WY US",7/12/2005,6.04,0,77.00,92.00,62.00,,,,,,,,,,,,,
USW00094053,"TORRINGTON MUNICIPAL AIRPORT, WY US",7/13/2005,9.62,0,80.00,96.00,63.00,,,,,,,,,,,,,
USW00094053,"TORRINGTON MUNICIPAL AIRPORT, WY US",7/14/2005,10.29,0,78.00,96.00,60.00,,,,,,,,,,,,,
USW00094053,"TORRINGTON MUNICIPAL AIRPORT, WY US",7/15/2005,5.59,0,80.00,94.00,65.00,,,,,,,,,,,,,
USW00094053,"TORRINGTON MUNICIPAL AIRPORT, WY US",7/16/2005,9.62,0,81.00,103.00,59.00,,,,,,,,,,,,,
USW00094053,"TORRINGTON MUNICIPAL AIRPORT, WY US",7/17/2005,13.42,0,69.00,81.00,57.00,,,,,,,,,,,,,
USW00094053,"TORRINGTON MUNICIPAL AIRPORT, WY US",7/18/2005,9.84,0,71.00,90.00,52.00,,,,,,,,,,,,,
USW00094053,"TORRINGTON MUNICIPAL AIRPORT, WY US",7/19/2005,7.38,0,79.00,101.00,56.00,,,,,,,,,,,,,
USW00094053,"TORRINGTON MUNICIPAL AIRPORT, WY US",7/20/2005,7.16,0,81.00,104.00,58.00,,,,,,,,,,,,,
USW00094053,"TORRINGTON MUNICIPAL AIRPORT, WY US",7/21/2005,7.38,0,82.00,103.00,61.00,,,,,,,,,,,,,
USW00094053,"TORRINGTON MUNICIPAL AIRPORT, WY US",7/22/2005,11.41,0,81.00,97.00,65.00,,,,,,,,,,,,,
USW00094053,"TORRINGTON MUNICIPAL AIRPORT, WY US",7/23/2005,9.62,0,88.00,103.00,72.00,,,,,,,,,,,,,
USW00094053,"TORRINGTON MUNICIPAL AIRPORT, WY US",7/24/2005,9.84,0.02,79.00,93.00,64.00,,,,,,,,,,,,,
USW00094053,"TORRINGTON MUNICIPAL AIRPORT, WY US",7/25/2005,14.09,1.63,72.00,87.00,56.00,,,,,,,,,,,,,
USW00094053,"TORRINGTON MUNICIPAL AIRPORT, WY US",7/26/2005,9.62,0.45,59.00,69.00,48.00,,,,,,,,,,,,,
USW00094053,"TORRINGTON MUNICIPAL AIRPORT, WY US",7/27/2005,6.93,0.01,64.00,83.00,45.00,,,,,,,,,,,,,
USW00094053,"TORRINGTON MUNICIPAL AIRPORT, WY US",7/28/2005,5.82,0,73.00,91.00,54.00,,,,,,,,,,,,,
USW00094053,"TORRINGTON MUNICIPAL AIRPORT, WY US",7/29/2005,8.5,0,73.00,90.00,55.00,,,,,,,,,,,,,
USW00094053,"TORRINGTON MUNICIPAL AIRPORT, WY US",7/30/2005,10.29,0.11,78.00,96.00,59.00,,,,,,,,,,,,,
USW00094053,"TORRINGTON MUNICIPAL AIRPORT, WY US",7/31/2005,7.83,0.24,76.00,89.00,62.00,,,,,,,,,,,,,
USW00094053,"TORRINGTON MUNICIPAL AIRPORT, WY US",8/1/2005,7.16,0.04,,91.00,60.00,,,,,,,,,,,,,
USW00094053,"TORRINGTON MUNICIPAL AIRPORT, WY US",8/2/2005,8.28,0,,92.00,60.00,,,,,,,,,,,,,
USW00094053,"TORRINGTON MUNICIPAL AIRPORT, WY US",8/3/2005,10.07,0.18,,83.00,61.00,,,,,,,,,,,,,
USW00094053,"TORRINGTON MUNICIPAL AIRPORT, WY US",8/4/2005,8.05,0,,73.00,56.00,,,,,,,,,,,,,
USW00094053,"TORRINGTON MUNICIPAL AIRPORT, WY US",8/5/2005,10.07,0.01,,81.00,50.00,,,,,,,,,,,,,
USW00094053,"TORRINGTON MUNICIPAL AIRPORT, WY US",8/6/2005,5.82,0,,91.00,53.00,,,,,,,,,,,,,
USW00094053,"TORRINGTON MUNICIPAL AIRPORT, WY US",8/7/2005,4.47,0,,92.00,54.00,,,,,,,,,,,,,
USW00094053,"TORRINGTON MUNICIPAL AIRPORT, WY US",8/8/2005,5.82,0,,94.00,55.00,,,,,,,,,,,,,
USW00094053,"TORRINGTON MUNICIPAL AIRPORT, WY US",8/9/2005,8.72,0,,86.00,63.00,,,,,,,,,,,,,
USW00094053,"TORRINGTON MUNICIPAL AIRPORT, WY US",8/10/2005,7.83,0.04,,83.00,60.00,,,,,,,,,,,,,
USW00094053,"TORRINGTON MUNICIPAL AIRPORT, WY US",8/11/2005,7.16,0.06,,84.00,56.00,,,,,,,,,,,,,
USW00094053,"TORRINGTON MUNICIPAL AIRPORT, WY US",8/12/2005,12.08,0.63,,77.00,54.00,,,,,,,,,,,,,
USW00094053,"TORRINGTON MUNICIPAL AIRPORT, WY US",8/13/2005,11.18,0.1,,56.00,51.00,,,,,,,,,,,,,
USW00094053,"TORRINGTON MUNICIPAL AIRPORT, WY US",8/14/2005,10.07,0,,71.00,51.00,,,,,,,,,,,,,
USW00094053,"TORRINGTON MUNICIPAL AIRPORT, WY US",8/15/2005,9.4,0.01,,84.00,52.00,,,,,,,,,,,,,
USW00094053,"TORRINGTON MUNICIPAL AIRPORT, WY US",8/16/2005,10.51,0.01,,85.00,54.00,,,,,,,,,,,,,
USW00094053,"TORRINGTON MUNICIPAL AIRPORT, WY US",8/17/2005,10.29,0.01,,84.00,54.00,,,,,,,,,,,,,
USW00094053,"TORRINGTON MUNICIPAL AIRPORT, WY US",8/18/2005,6.04,0.04,,84.00,49.00,,,,,,,,,,,,,
USW00094053,"TORRINGTON MUNICIPAL AIRPORT, WY US",8/19/2005,5.59,0,,86.00,51.00,,,,,,,,,,,,,
USW00094053,"TORRINGTON MUNICIPAL AIRPORT, WY US",8/20/2005,5.59,0,,88.00,52.00,,,,,,,,,,,,,
USW00094053,"TORRINGTON MUNICIPAL AIRPORT, WY US",8/21/2005,6.26,0,,88.00,52.00,,,,,,,,,,,,,
USW00094053,"TORRINGTON MUNICIPAL AIRPORT, WY US",8/22/2005,7.83,0,,85.00,54.00,,,,,,,,,,,,,
USW00094053,"TORRINGTON MUNICIPAL AIRPORT, WY US",8/23/2005,13.65,0,,86.00,54.00,,,,,,,,,,,,,
USW00094053,"TORRINGTON MUNICIPAL AIRPORT, WY US",8/24/2005,6.71,0,,94.00,53.00,,,,,,,,,,,,,
USW00094053,"TORRINGTON MUNICIPAL AIRPORT, WY US",8/25/2005,9.4,0,,82.00,55.00,,,,,,,,,,,,,
USW00094053,"TORRINGTON MUNICIPAL AIRPORT, WY US",8/26/2005,3.8,0,,85.00,49.00,,,,,,,,,,,,,
USW00094053,"TORRINGTON MUNICIPAL AIRPORT, WY US",8/27/2005,5.59,0,,87.00,47.00,,,,,,,,,,,,,
USW00094053,"TORRINGTON MUNICIPAL AIRPORT, WY US",8/28/2005,5.37,0,,91.00,47.00,,,,,,,,,,,,,
USW00094053,"TORRINGTON MUNICIPAL AIRPORT, WY US",8/29/2005,6.49,0,,94.00,48.00,,,,,,,,,,,,,
USW00094053,"TORRINGTON MUNICIPAL AIRPORT, WY US",8/30/2005,10.07,0,,98.00,51.00,,,,,,,,,,,,,
USW00094053,"TORRINGTON MUNICIPAL AIRPORT, WY US",8/31/2005,6.04,0,,76.00,41.00,,,,,,,,,,,,,
USW00094053,"TORRINGTON MUNICIPAL AIRPORT, WY US",9/1/2005,8.72,0,,84.00,41.00,,,,,,,,,,,,,
USW00094053,"TORRINGTON MUNICIPAL AIRPORT, WY US",9/2/2005,8.95,0,,93.00,52.00,,,,,,,,,,,,,
USW00094053,"TORRINGTON MUNICIPAL AIRPORT, WY US",9/3/2005,8.05,0,,96.00,54.00,,,,,,,,,,,,,
USW00094053,"TORRINGTON MUNICIPAL AIRPORT, WY US",9/4/2005,5.37,0,,88.00,52.00,,,,,,,,,,,,,
USW00094053,"TORRINGTON MUNICIPAL AIRPORT, WY US",9/5/2005,9.17,0,,94.00,52.00,,,,,,,,,,,,,
USW00094053,"TORRINGTON MUNICIPAL AIRPORT, WY US",9/6/2005,9.4,0,,81.00,56.00,,,,,,,,,,,,,
USW00094053,"TORRINGTON MUNICIPAL AIRPORT, WY US",9/7/2005,9.4,0,,90.00,54.00,,,,,,,,,,,,,
USW00094053,"TORRINGTON MUNICIPAL AIRPORT, WY US",9/8/2005,7.61,0,,96.00,56.00,,,,,,,,,,,,,
USW00094053,"TORRINGTON MUNICIPAL AIRPORT, WY US",9/9/2005,6.71,0.03,,92.00,63.00,,,,,,,,,,,,,
USW00094053,"TORRINGTON MUNICIPAL AIRPORT, WY US",9/10/2005,12.3,0,,88.00,56.00,,,,,,,,,,,,,
USW00094053,"TORRINGTON MUNICIPAL AIRPORT, WY US",9/11/2005,6.93,0,,91.00,49.00,,,,,,,,,,,,,
USW00094053,"TORRINGTON MUNICIPAL AIRPORT, WY US",9/12/2005,10.74,0,,81.00,53.00,,,,,,,,,,,,,
USW00094053,"TORRINGTON MUNICIPAL AIRPORT, WY US",9/13/2005,7.38,0,,69.00,44.00,,,,,,,,,,,,,
USW00094053,"TORRINGTON MUNICIPAL AIRPORT, WY US",9/14/2005,6.04,0,,77.00,34.00,,,,,,,,,,,,,
USW00094053,"TORRINGTON MUNICIPAL AIRPORT, WY US",9/15/2005,6.04,0,,80.00,38.00,,,,,,,,,,,,,
USW00094053,"TORRINGTON MUNICIPAL AIRPORT, WY US",9/16/2005,6.49,0,,86.00,37.00,,,,,,,,,,,,,
USW00094053,"TORRINGTON MUNICIPAL AIRPORT, WY US",9/17/2005,7.83,0,,88.00,39.00,,,,,,,,,,,,,
USW00094053,"TORRINGTON MUNICIPAL AIRPORT, WY US",9/18/2005,7.38,0,,72.00,43.00,,,,,,,,,,,,,
USW00094053,"TORRINGTON MUNICIPAL AIRPORT, WY US",9/19/2005,6.93,0,,84.00,47.00,,,,,,,,,,,,,
USW00094053,"TORRINGTON MUNICIPAL AIRPORT, WY US",9/20/2005,6.26,0,,91.00,40.00,,,,,,,,,,,,,
USW00094053,"TORRINGTON MUNICIPAL AIRPORT, WY US",9/21/2005,7.16,0.2,,88.00,49.00,,,,,,,,,,,,,
USW00094053,"TORRINGTON MUNICIPAL AIRPORT, WY US",9/22/2005,8.5,0,,65.00,50.00,,,,,,,,,,,,,
USW00094053,"TORRINGTON MUNICIPAL AIRPORT, WY US",9/23/2005,9.17,0.02,,82.00,45.00,,,,,,,,,,,,,
USW00094053,"TORRINGTON MUNICIPAL AIRPORT, WY US",9/24/2005,11.18,0.01,,55.00,45.00,,,,,,,,,,,,,
USW00094053,"TORRINGTON MUNICIPAL AIRPORT, WY US",9/25/2005,5.82,0.04,,65.00,41.00,,,,,,,,,,,,,
USW00094053,"TORRINGTON MUNICIPAL AIRPORT, WY US",9/26/2005,6.26,0,,77.00,33.00,,,,,,,,,,,,,
USW00094053,"TORRINGTON MUNICIPAL AIRPORT, WY US",9/27/2005,11.86,0,,87.00,39.00,,,,,,,,,,,,,
USW00094053,"TORRINGTON MUNICIPAL AIRPORT, WY US",9/28/2005,10.51,0,,61.00,36.00,,,,,,,,,,,,,
USW00094053,"TORRINGTON MUNICIPAL AIRPORT, WY US",9/29/2005,4.25,0,,83.00,30.00,,,,,,,,,,,,,
USW00094053,"TORRINGTON MUNICIPAL AIRPORT, WY US",9/30/2005,5.14,0,,87.00,34.00,,,,,,,,,,,,,
USW00094053,"TORRINGTON MUNICIPAL AIRPORT, WY US",10/1/2005,3.36,0,,91.00,39.00,,,,,,,,,,,,,
USW00094053,"TORRINGTON MUNICIPAL AIRPORT, WY US",10/2/2005,9.4,0,,90.00,41.00,,,,,,,,,,,,,
USW00094053,"TORRINGTON MUNICIPAL AIRPORT, WY US",10/3/2005,11.41,0,,79.00,37.00,,,,,,,,,,,,,
USW00094053,"TORRINGTON MUNICIPAL AIRPORT, WY US",10/4/2005,10.07,0.55,,46.00,33.00,,,,,,,,,,,,,
USW00094053,"TORRINGTON MUNICIPAL AIRPORT, WY US",10/5/2005,17.67,0,,46.00,26.00,,,,,,,,,,,,,
USW00094053,"TORRINGTON MUNICIPAL AIRPORT, WY US",10/6/2005,6.93,0,,53.00,21.00,,,,,,,,,,,,,
USW00094053,"TORRINGTON MUNICIPAL AIRPORT, WY US",10/7/2005,9.84,0,,77.00,28.00,,,,,,,,,,,,,
USW00094053,"TORRINGTON MUNICIPAL AIRPORT, WY US",10/8/2005,10.51,0,,78.00,32.00,,,,,,,,,,,,,
USW00094053,"TORRINGTON MUNICIPAL AIRPORT, WY US",10/9/2005,11.86,0.3,,52.00,39.00,,,,,,,,,,,,,
USW00094053,"TORRINGTON MUNICIPAL AIRPORT, WY US",10/10/2005,7.61,0.71,,43.00,37.00,,,,,,,,,,,,,
USW00094053,"TORRINGTON MUNICIPAL AIRPORT, WY US",10/11/2005,4.92,0.01,,58.00,39.00,,,,,,,,,,,,,
USW00094053,"TORRINGTON MUNICIPAL AIRPORT, WY US",10/12/2005,9.17,0,,63.00,42.00,,,,,,,,,,,,,
USW00094053,"TORRINGTON MUNICIPAL AIRPORT, WY US",10/13/2005,6.49,0,,73.00,34.00,,,,,,,,,,,,,
USW00094053,"TORRINGTON MUNICIPAL AIRPORT, WY US",10/14/2005,6.49,0,,73.00,40.00,,,,,,,,,,,,,
USW00094053,"TORRINGTON MUNICIPAL AIRPORT, WY US",10/15/2005,12.3,0,,80.00,40.00,,,,,,,,,,,,,
USW00094053,"TORRINGTON MUNICIPAL AIRPORT, WY US",10/16/2005,6.71,0,,80.00,39.00,,,,,,,,,,,,,
USW00094053,"TORRINGTON MUNICIPAL AIRPORT, WY US",10/17/2005,8.05,0,,78.00,41.00,,,,,,,,,,,,,
USW00094053,"TORRINGTON MUNICIPAL AIRPORT, WY US",10/18/2005,8.28,0,,78.00,37.00,,,,,,,,,,,,,
USW00094053,"TORRINGTON MUNICIPAL AIRPORT, WY US",10/19/2005,7.83,0,,56.00,36.00,,,,,,,,,,,,,
USW00094053,"TORRINGTON MUNICIPAL AIRPORT, WY US",10/20/2005,7.61,0,,68.00,33.00,,,,,,,,,,,,,
USW00094053,"TORRINGTON MUNICIPAL AIRPORT, WY US",10/21/2005,5.14,0.09,,61.00,37.00,,,,,,,,,,,,,
USW00094053,"TORRINGTON MUNICIPAL AIRPORT, WY US",10/22/2005,10.07,0,,53.00,25.00,,,,,,,,,,,,,
USW00094053,"TORRINGTON MUNICIPAL AIRPORT, WY US",10/23/2005,6.93,0,,50.00,17.00,,,,,,,,,,,,,
USW00094053,"TORRINGTON MUNICIPAL AIRPORT, WY US",10/24/2005,5.37,0,,72.00,18.00,,,,,,,,,,,,,
USW00094053,"TORRINGTON MUNICIPAL AIRPORT, WY US",10/25/2005,5.59,0,,72.00,29.00,,,,,,,,,,,,,
USW00094053,"TORRINGTON MUNICIPAL AIRPORT, WY US",10/26/2005,6.04,0,,65.00,28.00,,,,,,,,,,,,,
USW00094053,"TORRINGTON MUNICIPAL AIRPORT, WY US",10/27/2005,11.41,0,,71.00,28.00,,,,,,,,,,,,,
USW00094053,"TORRINGTON MUNICIPAL AIRPORT, WY US",10/28/2005,6.93,0,,68.00,37.00,,,,,,,,,,,,,
USW00094053,"TORRINGTON MUNICIPAL AIRPORT, WY US",10/29/2005,6.26,0,,61.00,35.00,,,,,,,,,,,,,
USW00094053,"TORRINGTON MUNICIPAL AIRPORT, WY US",10/30/2005,9.62,0,,53.00,34.00,,,,,,,,,,,,,
USW00094053,"TORRINGTON MUNICIPAL AIRPORT, WY US",10/31/2005,11.18,0,,56.00,27.00,,,,,,,,,,,,,
USW00094053,"TORRINGTON MUNICIPAL AIRPORT, WY US",11/1/2005,16.33,0,,69.00,46.00,,,,,,,,,,,,,
USW00094053,"TORRINGTON MUNICIPAL AIRPORT, WY US",11/2/2005,6.71,0,,73.00,42.00,,,,,,,,,,,,,
USW00094053,"TORRINGTON MUNICIPAL AIRPORT, WY US",11/3/2005,14.09,0,,63.00,31.00,,,,,,,,,,,,,
USW00094053,"TORRINGTON MUNICIPAL AIRPORT, WY US",11/4/2005,16.11,0,,61.00,38.00,,,,,,,,,,,,,
USW00094053,"TORRINGTON MUNICIPAL AIRPORT, WY US",11/5/2005,9.4,0,,52.00,23.00,,,,,,,,,,,,,
USW00094053,"TORRINGTON MUNICIPAL AIRPORT, WY US",11/6/2005,10.51,0,,69.00,21.00,,,,,,,,,,,,,
USW00094053,"TORRINGTON MUNICIPAL AIRPORT, WY US",11/7/2005,5.82,0,,69.00,33.00,,,,,,,,,,,,,
USW00094053,"TORRINGTON MUNICIPAL AIRPORT, WY US",11/8/2005,11.86,0,,71.00,24.00,,,,,,,,,,,,,
USW00094053,"TORRINGTON MUNICIPAL AIRPORT, WY US",11/9/2005,6.26,0,,52.00,26.00,,,,,,,,,,,,,
USW00094053,"TORRINGTON MUNICIPAL AIRPORT, WY US",11/10/2005,5.59,0,,79.00,25.00,,,,,,,,,,,,,
USW00094053,"TORRINGTON MUNICIPAL AIRPORT, WY US",11/11/2005,5.82,0,,70.00,41.00,,,,,,,,,,,,,
USW00094053,"TORRINGTON MUNICIPAL AIRPORT, WY US",11/12/2005,17.67,0.02,,58.00,28.00,,,,,,,,,,,,,
USW00094053,"TORRINGTON MUNICIPAL AIRPORT, WY US",11/13/2005,10.29,0.01,,47.00,25.00,,,,,,,,,,,,,
USW00094053,"TORRINGTON MUNICIPAL AIRPORT, WY US",11/14/2005,17.45,0.08,,52.00,26.00,,,,,,,,,,,,,
USW00094053,"TORRINGTON MUNICIPAL AIRPORT, WY US",11/15/2005,19.46,0,,31.00,16.00,,,,,,,,,,,,,
USW00094053,"TORRINGTON MUNICIPAL AIRPORT, WY US",11/16/2005,4.25,0,,45.00,17.00,,,,,,,,,,,,,
USW00094053,"TORRINGTON MUNICIPAL AIRPORT, WY US",11/17/2005,10.51,0,,44.00,17.00,,,,,,,,,,,,,
USW00094053,"TORRINGTON MUNICIPAL AIRPORT, WY US",11/18/2005,14.76,0.01,,57.00,15.00,,,,,,,,,,,,,
USW00094053,"TORRINGTON MUNICIPAL AIRPORT, WY US",11/19/2005,16.55,0,,48.00,26.00,,,,,,,,,,,,,
USW00094053,"TORRINGTON MUNICIPAL AIRPORT, WY US",11/20/2005,9.4,0,,61.00,20.00,,,,,,,,,,,,,
USW00094053,"TORRINGTON MUNICIPAL AIRPORT, WY US",11/21/2005,8.5,0,,60.00,31.00,,,,,,,,,,,,,
USW00094053,"TORRINGTON MUNICIPAL AIRPORT, WY US",11/22/2005,7.38,0,,64.00,26.00,,,,,,,,,,,,,
USW00094053,"TORRINGTON MUNICIPAL AIRPORT, WY US",11/23/2005,10.96,0,,65.00,30.00,,,,,,,,,,,,,
USW00094053,"TORRINGTON MUNICIPAL AIRPORT, WY US",11/24/2005,4.03,0,,57.00,21.00,,,,,,,,,,,,,
USW00094053,"TORRINGTON MUNICIPAL AIRPORT, WY US",11/25/2005,8.05,0,,61.00,19.00,,,,,,,,,,,,,
USW00094053,"TORRINGTON MUNICIPAL AIRPORT, WY US",11/26/2005,8.72,0,,59.00,25.00,,,,,,,,,,,,,
USW00094053,"TORRINGTON MUNICIPAL AIRPORT, WY US",11/27/2005,25.05,0,,37.00,24.00,,,,,,,,,,,,,
USW00094053,"TORRINGTON MUNICIPAL AIRPORT, WY US",11/28/2005,30.2,0,,26.00,20.00,,,,,,,,,,,,,
USW00094053,"TORRINGTON MUNICIPAL AIRPORT, WY US",11/29/2005,8.72,0,,40.00,11.00,,,,,,,,,,,,,
USW00094053,"TORRINGTON MUNICIPAL AIRPORT, WY US",11/30/2005,12.08,0,,38.00,8.00,,,,,,,,,,,,,
USW00094053,"TORRINGTON MUNICIPAL AIRPORT, WY US",12/1/2005,4.7,0.06,,27.00,6.00,,,,,,,,,,,,,
USW00094053,"TORRINGTON MUNICIPAL AIRPORT, WY US",12/2/2005,8.95,0,,30.00,16.00,,,,,,,,,,,,,
USW00094053,"TORRINGTON MUNICIPAL AIRPORT, WY US",12/3/2005,8.05,0,,37.00,9.00,,,,,,,,,,,,,
USW00094053,"TORRINGTON MUNICIPAL AIRPORT, WY US",12/4/2005,3.58,0.01,,23.00,7.00,,,,,,,,,,,,,
USW00094053,"TORRINGTON MUNICIPAL AIRPORT, WY US",12/5/2005,10.96,0,,27.00,8.00,,,,,,,,,,,,,
USW00094053,"TORRINGTON MUNICIPAL AIRPORT, WY US",12/6/2005,10.96,0.01,,18.00,-8.00,,,,,,,,,,,,,
USW00094053,"TORRINGTON MUNICIPAL AIRPORT, WY US",12/7/2005,3.8,0,,7.00,-19.00,,,,,,,,,,,,,
USW00094053,"TORRINGTON MUNICIPAL AIRPORT, WY US",12/8/2005,5.59,0,,31.00,-18.00,,,,,,,,,,,,,
USW00094053,"TORRINGTON MUNICIPAL AIRPORT, WY US",12/9/2005,9.4,0,,41.00,9.00,,,,,,,,,,,,,
USW00094053,"TORRINGTON MUNICIPAL AIRPORT, WY US",12/10/2005,13.87,0,,45.00,21.00,,,,,,,,,,,,,
USW00094053,"TORRINGTON MUNICIPAL AIRPORT, WY US",12/11/2005,10.07,0,,50.00,22.00,,,,,,,,,,,,,
USW00094053,"TORRINGTON MUNICIPAL AIRPORT, WY US",12/12/2005,4.25,0,,52.00,18.00,,,,,,,,,,,,,
USW00094053,"TORRINGTON MUNICIPAL AIRPORT, WY US",12/13/2005,14.54,0,,47.00,15.00,,,,,,,,,,,,,
USW00094053,"TORRINGTON MUNICIPAL AIRPORT, WY US",12/14/2005,20.13,0,,34.00,21.00,,,,,,,,,,,,,
USW00094053,"TORRINGTON MUNICIPAL AIRPORT, WY US",12/15/2005,17.45,0,,40.00,19.00,,,,,,,,,,,,,
USW00094053,"TORRINGTON MUNICIPAL AIRPORT, WY US",12/16/2005,8.28,0,,42.00,7.00,,,,,,,,,,,,,
USW00094053,"TORRINGTON MUNICIPAL AIRPORT, WY US",12/17/2005,6.71,0,,,,,,,,,,,,,,,,
USW00094053,"TORRINGTON MUNICIPAL AIRPORT, WY US",12/18/2005,2.68,0,,,,,,,,,,,,,,,,
USW00094053,"TORRINGTON MUNICIPAL AIRPORT, WY US",12/19/2005,4.03,0,,,,,,,,,,,,,,,,
USW00094053,"TORRINGTON MUNICIPAL AIRPORT, WY US",12/20/2005,4.92,0,,,,,,,,,,,,,,,,
USW00094053,"TORRINGTON MUNICIPAL AIRPORT, WY US",12/21/2005,6.49,0,,58.00,23.00,,,,,,,,,,,,,
USW00094053,"TORRINGTON MUNICIPAL AIRPORT, WY US",12/22/2005,17.67,0,,60.00,36.00,,,,,,,,,,,,,
USW00094053,"TORRINGTON MUNICIPAL AIRPORT, WY US",12/23/2005,20.8,0.01,,56.00,37.00,,,,,,,,,,,,,
USW00094053,"TORRINGTON MUNICIPAL AIRPORT, WY US",12/24/2005,10.96,0,,51.00,26.00,,,,,,,,,,,,,
USW00094053,"TORRINGTON MUNICIPAL AIRPORT, WY US",12/25/2005,5.59,0,,65.00,27.00,,,,,,,,,,,,,
USW00094053,"TORRINGTON MUNICIPAL AIRPORT, WY US",12/26/2005,12.08,0,,59.00,37.00,,,,,,,,,,,,,
USW00094053,"TORRINGTON MUNICIPAL AIRPORT, WY US",12/27/2005,15.66,0.01,,53.00,39.00,,,,,,,,,,,,,
USW00094053,"TORRINGTON MUNICIPAL AIRPORT, WY US",12/28/2005,13.2,0,,57.00,36.00,,,,,,,,,,,,,
USW00094053,"TORRINGTON MUNICIPAL AIRPORT, WY US",12/29/2005,19.46,0,,51.00,27.00,,,,,,,,,,,,,
USW00094053,"TORRINGTON MUNICIPAL AIRPORT, WY US",12/30/2005,9.62,0,,45.00,18.00,,,,,,,,,,,,,
USW00094053,"TORRINGTON MUNICIPAL AIRPORT, WY US",12/31/2005,10.07,0,,59.00,21.00,,,,,,,,,,,,,
USW00094053,"TORRINGTON MUNICIPAL AIRPORT, WY US",1/1/2006,12.53,0.04,,47.00,35.00,,,,,,,,,,,,,
USW00094053,"TORRINGTON MUNICIPAL AIRPORT, WY US",1/2/2006,5.82,0,,51.00,17.00,,,,,,,,,,,,,
USW00094053,"TORRINGTON MUNICIPAL AIRPORT, WY US",1/3/2006,15.66,0,,56.00,24.00,,,,,,,,,,,,,
USW00094053,"TORRINGTON MUNICIPAL AIRPORT, WY US",1/4/2006,9.4,0,,46.00,20.00,,,,,,,,,,,,,
USW00094053,"TORRINGTON MUNICIPAL AIRPORT, WY US",1/5/2006,10.74,0,,48.00,20.00,,,,,,,,,,,,,
USW00094053,"TORRINGTON MUNICIPAL AIRPORT, WY US",1/6/2006,14.54,0,,63.00,36.00,,,,,,,,,,,,,
USW00094053,"TORRINGTON MUNICIPAL AIRPORT, WY US",1/7/2006,14.76,0,,66.00,45.00,,,,,,,,,,,,,
USW00094053,"TORRINGTON MUNICIPAL AIRPORT, WY US",1/8/2006,12.3,0.08,,45.00,28.00,,,,,,,,,,,,,
USW00094053,"TORRINGTON MUNICIPAL AIRPORT, WY US",1/9/2006,6.93,0.01,,41.00,17.00,,,,,,,,,,,,,
USW00094053,"TORRINGTON MUNICIPAL AIRPORT, WY US",1/10/2006,,0,,52.00,45.00,,,,,,,,,,,,,
USW00094053,"TORRINGTON MUNICIPAL AIRPORT, WY US",1/11/2006,17,0,,55.00,41.00,,,,,,,,,,,,,
USW00094053,"TORRINGTON MUNICIPAL AIRPORT, WY US",1/12/2006,14.32,0.01,,48.00,19.00,,,,,,,,,,,,,
USW00094053,"TORRINGTON MUNICIPAL AIRPORT, WY US",1/13/2006,9.62,0,,53.00,17.00,,,,,,,,,,,,,
USW00094053,"TORRINGTON MUNICIPAL AIRPORT, WY US",1/14/2006,3.58,0,,58.00,21.00,,,,,,,,,,,,,
USW00094053,"TORRINGTON MUNICIPAL AIRPORT, WY US",1/15/2006,12.3,0,,55.00,26.00,,,,,,,,,,,,,
USW00094053,"TORRINGTON MUNICIPAL AIRPORT, WY US",1/16/2006,17,0,,35.00,16.00,,,,,,,,,,,,,
USW00094053,"TORRINGTON MUNICIPAL AIRPORT, WY US",1/17/2006,18.12,0,,43.00,16.00,,,,,,,,,,,,,
USW00094053,"TORRINGTON MUNICIPAL AIRPORT, WY US",1/18/2006,17.22,0,,55.00,34.00,,,,,,,,,,,,,
USW00094053,"TORRINGTON MUNICIPAL AIRPORT, WY US",1/19/2006,8.28,0,,39.00,20.00,,,,,,,,,,,,,
USW00094053,"TORRINGTON MUNICIPAL AIRPORT, WY US",1/20/2006,6.93,0,,41.00,11.00,,,,,,,,,,,,,
USW00094053,"TORRINGTON MUNICIPAL AIRPORT, WY US",1/21/2006,10.96,0,,44.00,21.00,,,,,,,,,,,,,
USW00094053,"TORRINGTON MUNICIPAL AIRPORT, WY US",1/22/2006,6.49,0,,41.00,6.00,,,,,,,,,,,,,
USW00094053,"TORRINGTON MUNICIPAL AIRPORT, WY US",1/23/2006,13.87,0,,47.00,7.00,,,,,,,,,,,,,
USW00094053,"TORRINGTON MUNICIPAL AIRPORT, WY US",1/24/2006,6.93,0,,56.00,20.00,,,,,,,,,,,,,
USW00094053,"TORRINGTON MUNICIPAL AIRPORT, WY US",1/25/2006,5.14,0,,56.00,11.00,,,,,,,,,,,,,
USW00094053,"TORRINGTON MUNICIPAL AIRPORT, WY US",1/26/2006,12.53,0,,51.00,12.00,,,,,,,,,,,,,
USW00094053,"TORRINGTON MUNICIPAL AIRPORT, WY US",1/27/2006,6.93,0,,54.00,26.00,,,,,,,,,,,,,
USW00094053,"TORRINGTON MUNICIPAL AIRPORT, WY US",1/28/2006,15.88,0,,43.00,23.00,,,,,,,,,,,,,
USW00094053,"TORRINGTON MUNICIPAL AIRPORT, WY US",1/29/2006,12.75,0,,45.00,19.00,,,,,,,,,,,,,
USW00094053,"TORRINGTON MUNICIPAL AIRPORT, WY US",1/30/2006,11.18,0,,56.00,14.00,,,,,,,,,,,,,
USW00094053,"TORRINGTON MUNICIPAL AIRPORT, WY US",1/31/2006,10.74,0,,49.00,19.00,,,,,,,,,,,,,
USW00094053,"TORRINGTON MUNICIPAL AIRPORT, WY US",2/1/2006,15.66,0,,53.00,19.00,,,,,,,,,,,,,
USW00094053,"TORRINGTON MUNICIPAL AIRPORT, WY US",2/2/2006,11.41,0,,49.00,22.00,,,,,,,,,,,,,
USW00094053,"TORRINGTON MUNICIPAL AIRPORT, WY US",2/3/2006,10.07,0,,45.00,18.00,,,,,,,,,,,,,
USW00094053,"TORRINGTON MUNICIPAL AIRPORT, WY US",2/4/2006,9.17,0,,49.00,12.00,,,,,,,,,,,,,
USW00094053,"TORRINGTON MUNICIPAL AIRPORT, WY US",2/5/2006,16.55,0.03,,38.00,25.00,,,,,,,,,,,,,
USW00094053,"TORRINGTON MUNICIPAL AIRPORT, WY US",2/6/2006,9.84,0,,41.00,21.00,,,,,,,,,,,,,
USW00094053,"TORRINGTON MUNICIPAL AIRPORT, WY US",2/7/2006,8.95,0,,49.00,21.00,,,,,,,,,,,,,
USW00094053,"TORRINGTON MUNICIPAL AIRPORT, WY US",2/8/2006,10.51,0,,60.00,29.00,,,,,,,,,,,,,
USW00094053,"TORRINGTON MUNICIPAL AIRPORT, WY US",2/9/2006,14.99,0,,46.00,21.00,,,,,,,,,,,,,
USW00094053,"TORRINGTON MUNICIPAL AIRPORT, WY US",2/10/2006,22.15,0,,26.00,18.00,,,,,,,,,,,,,
USW00094053,"TORRINGTON MUNICIPAL AIRPORT, WY US",2/11/2006,16.78,0,,37.00,10.00,,,,,,,,,,,,,
USW00094053,"TORRINGTON MUNICIPAL AIRPORT, WY US",2/12/2006,12.53,0,,51.00,18.00,,,,,,,,,,,,,
USW00094053,"TORRINGTON MUNICIPAL AIRPORT, WY US",2/13/2006,10.51,0,,55.00,17.00,,,,,,,,,,,,,
USW00094053,"TORRINGTON MUNICIPAL AIRPORT, WY US",2/14/2006,12.97,0.01,,51.00,23.00,,,,,,,,,,,,,
USW00094053,"TORRINGTON MUNICIPAL AIRPORT, WY US",2/15/2006,18.12,0.11,,23.00,13.00,,,,,,,,,,,,,
USW00094053,"TORRINGTON MUNICIPAL AIRPORT, WY US",2/16/2006,10.51,0.01,,13.00,-14.00,,,,,,,,,,,,,
USW00094053,"TORRINGTON MUNICIPAL AIRPORT, WY US",2/17/2006,10.07,0,,-2.00,-22.00,,,,,,,,,,,,,
USW00094053,"TORRINGTON MUNICIPAL AIRPORT, WY US",2/18/2006,2.91,0,,-6.00,-30.00,,,,,,,,,,,,,
USW00094053,"TORRINGTON MUNICIPAL AIRPORT, WY US",2/19/2006,2.68,0,,14.00,-16.00,,,,,,,,,,,,,
USW00094053,"TORRINGTON MUNICIPAL AIRPORT, WY US",2/20/2006,11.63,0,,30.00,-7.00,,,,,,,,,,,,,
USW00094053,"TORRINGTON MUNICIPAL AIRPORT, WY US",2/21/2006,12.97,0,,29.00,10.00,,,,,,,,,,,,,
USW00094053,"TORRINGTON MUNICIPAL AIRPORT, WY US",2/22/2006,20.8,0,,37.00,19.00,,,,,,,,,,,,,
USW00094053,"TORRINGTON MUNICIPAL AIRPORT, WY US",2/23/2006,14.09,0,,45.00,25.00,,,,,,,,,,,,,
USW00094053,"TORRINGTON MUNICIPAL AIRPORT, WY US",2/24/2006,16.55,0,,52.00,28.00,,,,,,,,,,,,,
USW00094053,"TORRINGTON MUNICIPAL AIRPORT, WY US",2/25/2006,9.62,0,,48.00,21.00,,,,,,,,,,,,,
USW00094053,"TORRINGTON MUNICIPAL AIRPORT, WY US",2/26/2006,6.49,0,,61.00,17.00,,,,,,,,,,,,,
USW00094053,"TORRINGTON MUNICIPAL AIRPORT, WY US",2/27/2006,12.75,0,,68.00,31.00,,,,,,,,,,,,,
USW00094053,"TORRINGTON MUNICIPAL AIRPORT, WY US",2/28/2006,7.83,0,,73.00,38.00,,,,,,,,,,,,,
USW00094053,"TORRINGTON MUNICIPAL AIRPORT, WY US",3/1/2006,15.21,0,,56.00,28.00,,,,,,,,,,,,,
USW00094053,"TORRINGTON MUNICIPAL AIRPORT, WY US",3/2/2006,8.95,0,,59.00,17.00,,,,,,,,,,,,,
USW00094053,"TORRINGTON MUNICIPAL AIRPORT, WY US",3/3/2006,13.65,0,,62.00,25.00,,,,,,,,,,,,,
USW00094053,"TORRINGTON MUNICIPAL AIRPORT, WY US",3/4/2006,9.84,0,,67.00,26.00,,,,,,,,,,,,,
USW00094053,"TORRINGTON MUNICIPAL AIRPORT, WY US",3/5/2006,6.49,0,,59.00,20.00,,,,,,,,,,,,,
USW00094053,"TORRINGTON MUNICIPAL AIRPORT, WY US",3/6/2006,7.16,0,,66.00,22.00,,,,,,,,,,,,,
USW00094053,"TORRINGTON MUNICIPAL AIRPORT, WY US",3/7/2006,14.32,0,,62.00,29.00,,,,,,,,,,,,,
USW00094053,"TORRINGTON MUNICIPAL AIRPORT, WY US",3/8/2006,7.61,0.36,,42.00,26.00,,,,,,,,,,,,,
USW00094053,"TORRINGTON MUNICIPAL AIRPORT, WY US",3/9/2006,11.41,0,,44.00,21.00,,,,,,,,,,,,,
USW00094053,"TORRINGTON MUNICIPAL AIRPORT, WY US",3/10/2006,6.26,0.05,,29.00,21.00,,,,,,,,,,,,,
USW00094053,"TORRINGTON MUNICIPAL AIRPORT, WY US",3/11/2006,6.26,0.05,,37.00,11.00,,,,,,,,,,,,,
USW00094053,"TORRINGTON MUNICIPAL AIRPORT, WY US",3/12/2006,14.54,0.03,,29.00,19.00,,,,,,,,,,,,,
USW00094053,"TORRINGTON MUNICIPAL AIRPORT, WY US",3/13/2006,7.16,0,,35.00,17.00,,,,,,,,,,,,,
USW00094053,"TORRINGTON MUNICIPAL AIRPORT, WY US",3/14/2006,10.96,0,,49.00,20.00,,,,,,,,,,,,,
USW00094053,"TORRINGTON MUNICIPAL AIRPORT, WY US",3/15/2006,13.65,0,,55.00,24.00,,,,,,,,,,,,,
USW00094053,"TORRINGTON MUNICIPAL AIRPORT, WY US",3/16/2006,8.5,0,,49.00,21.00,,,,,,,,,,,,,
USW00094053,"TORRINGTON MUNICIPAL AIRPORT, WY US",3/17/2006,14.76,0,,49.00,24.00,,,,,,,,,,,,,
USW00094053,"TORRINGTON MUNICIPAL AIRPORT, WY US",3/18/2006,14.54,0.16,,43.00,27.00,,,,,,,,,,,,,
USW00094053,"TORRINGTON MUNICIPAL AIRPORT, WY US",3/19/2006,14.09,0.27,,31.00,21.00,,,,,,,,,,,,,
USW00094053,"TORRINGTON MUNICIPAL AIRPORT, WY US",3/20/2006,12.08,0.04,,21.00,17.00,,,,,,,,,,,,,
USW00094053,"TORRINGTON MUNICIPAL AIRPORT, WY US",3/21/2006,9.84,0,,20.00,7.00,,,,,,,,,,,,,
USW00094053,"TORRINGTON MUNICIPAL AIRPORT, WY US",3/22/2006,6.93,0,,28.00,14.00,,,,,,,,,,,,,
USW00094053,"TORRINGTON MUNICIPAL AIRPORT, WY US",3/23/2006,3.36,0,,28.00,22.00,,,,,,,,,,,,,
USW00094053,"TORRINGTON MUNICIPAL AIRPORT, WY US",3/24/2006,4.47,0,,33.00,22.00,,,,,,,,,,,,,
USW00094053,"TORRINGTON MUNICIPAL AIRPORT, WY US",3/25/2006,10.96,0,,35.00,24.00,,,,,,,,,,,,,
USW00094053,"TORRINGTON MUNICIPAL AIRPORT, WY US",3/26/2006,16.78,0.06,,46.00,32.00,,,,,,,,,,,,,
USW00094053,"TORRINGTON MUNICIPAL AIRPORT, WY US",3/27/2006,,0,,48.00,29.00,,,,,,,,,,,,,
USW00094053,"TORRINGTON MUNICIPAL AIRPORT, WY US",3/28/2006,10.51,0,,68.00,25.00,,,,,,,,,,,,,
USW00094053,"TORRINGTON MUNICIPAL AIRPORT, WY US",3/29/2006,7.16,0.23,,69.00,31.00,,,,,,,,,,,,,
USW00094053,"TORRINGTON MUNICIPAL AIRPORT, WY US",3/30/2006,17.9,0,,58.00,38.00,,,,,,,,,,,,,
USW00094053,"TORRINGTON MUNICIPAL AIRPORT, WY US",3/31/2006,8.5,0,,61.00,28.00,,,,,,,,,,,,,
USW00094053,"TORRINGTON MUNICIPAL AIRPORT, WY US",4/1/2006,5.14,0.14,,61.00,38.00,,,,,,,,,,,,,
USW00094053,"TORRINGTON MUNICIPAL AIRPORT, WY US",4/2/2006,19.24,0,,59.00,34.00,,,,,,,,,,,,,
USW00094053,"TORRINGTON MUNICIPAL AIRPORT, WY US",4/3/2006,10.07,0,,68.00,31.00,,,,,,,,,,,,,
USW00094053,"TORRINGTON MUNICIPAL AIRPORT, WY US",4/4/2006,7.61,0,,74.00,34.00,,,,,,,,,,,,,
USW00094053,"TORRINGTON MUNICIPAL AIRPORT, WY US",4/5/2006,12.75,0,,81.00,35.00,,,,,,,,,,,,,
USW00094053,"TORRINGTON MUNICIPAL AIRPORT, WY US",4/6/2006,15.21,0.04,,63.00,30.00,,,,,,,,,,,,,
USW00094053,"TORRINGTON MUNICIPAL AIRPORT, WY US",4/7/2006,15.21,0.03,,49.00,26.00,,,,,,,,,,,,,
USW00094053,"TORRINGTON MUNICIPAL AIRPORT, WY US",4/8/2006,12.08,0,,71.00,22.00,,,,,,,,,,,,,
USW00094053,"TORRINGTON MUNICIPAL AIRPORT, WY US",4/9/2006,6.93,0,,77.00,39.00,,,,,,,,,,,,,
USW00094053,"TORRINGTON MUNICIPAL AIRPORT, WY US",4/10/2006,11.41,0,,79.00,34.00,,,,,,,,,,,,,
USW00094053,"TORRINGTON MUNICIPAL AIRPORT, WY US",4/11/2006,8.5,0,,66.00,38.00,,,,,,,,,,,,,
USW00094053,"TORRINGTON MUNICIPAL AIRPORT, WY US",4/12/2006,4.7,0,,72.00,33.00,,,,,,,,,,,,,
USW00094053,"TORRINGTON MUNICIPAL AIRPORT, WY US",4/13/2006,11.63,0,,85.00,34.00,,,,,,,,,,,,,
USW00094053,"TORRINGTON MUNICIPAL AIRPORT, WY US",4/14/2006,10.29,0,,83.00,34.00,,,,,,,,,,,,,
USW00094053,"TORRINGTON MUNICIPAL AIRPORT, WY US",4/15/2006,17,0,,72.00,49.00,,,,,,,,,,,,,
USW00094053,"TORRINGTON MUNICIPAL AIRPORT, WY US",4/16/2006,8.05,0,,78.00,42.00,,,,,,,,,,,,,
USW00094053,"TORRINGTON MUNICIPAL AIRPORT, WY US",4/17/2006,16.11,0,,79.00,37.00,,,,,,,,,,,,,
USW00094053,"TORRINGTON MUNICIPAL AIRPORT, WY US",4/18/2006,23.94,0,,47.00,30.00,,,,,,,,,,,,,
USW00094053,"TORRINGTON MUNICIPAL AIRPORT, WY US",4/19/2006,26.62,0,,55.00,35.00,,,,,,,,,,,,,
USW00094053,"TORRINGTON MUNICIPAL AIRPORT, WY US",4/20/2006,10.07,0,,64.00,35.00,,,,,,,,,,,,,
USW00094053,"TORRINGTON MUNICIPAL AIRPORT, WY US",4/21/2006,5.82,0,,75.00,27.00,,,,,,,,,,,,,
USW00094053,"TORRINGTON MUNICIPAL AIRPORT, WY US",4/22/2006,7.83,0,,83.00,35.00,,,,,,,,,,,,,
USW00094053,"TORRINGTON MUNICIPAL AIRPORT, WY US",4/23/2006,15.88,0,,60.00,34.00,,,,,,,,,,,,,
USW00094053,"TORRINGTON MUNICIPAL AIRPORT, WY US",4/24/2006,10.96,0.31,,34.00,28.00,,,,,,,,,,,,,
USW00094053,"TORRINGTON MUNICIPAL AIRPORT, WY US",4/25/2006,5.82,0,,41.00,28.00,,,,,,,,,,,,,
USW00094053,"TORRINGTON MUNICIPAL AIRPORT, WY US",4/26/2006,6.71,0,,69.00,26.00,,,,,,,,,,,,,
USW00094053,"TORRINGTON MUNICIPAL AIRPORT, WY US",4/27/2006,11.63,0,,72.00,35.00,,,,,,,,,,,,,
USW00094053,"TORRINGTON MUNICIPAL AIRPORT, WY US",4/28/2006,12.75,0,,62.00,39.00,,,,,,,,,,,,,
USW00094053,"TORRINGTON MUNICIPAL AIRPORT, WY US",4/29/2006,10.51,0,,63.00,37.00,,,,,,,,,,,,,
USW00094053,"TORRINGTON MUNICIPAL AIRPORT, WY US",4/30/2006,9.4,0.02,,69.00,35.00,,,,,,,,,,,,,
USW00094053,"TORRINGTON MUNICIPAL AIRPORT, WY US",5/1/2006,7.83,0.05,,73.00,43.00,,,,,,,,,,,,,
USW00094053,"TORRINGTON MUNICIPAL AIRPORT, WY US",5/2/2006,14.09,0,,73.00,38.00,,,,,,,,,,,,,
USW00094053,"TORRINGTON MUNICIPAL AIRPORT, WY US",5/3/2006,6.49,0.1,,57.00,32.00,,,,,,,,,,,,,
USW00094053,"TORRINGTON MUNICIPAL AIRPORT, WY US",5/4/2006,11.63,0.1,,43.00,35.00,,,,,,,,,,,,,
USW00094053,"TORRINGTON MUNICIPAL AIRPORT, WY US",5/5/2006,7.16,0,,48.00,36.00,,,,,,,,,,,,,
USW00094053,"TORRINGTON MUNICIPAL AIRPORT, WY US",5/6/2006,4.7,0,,70.00,32.00,,,,,,,,,,,,,
USW00094053,"TORRINGTON MUNICIPAL AIRPORT, WY US",5/7/2006,8.28,0,,75.00,39.00,,,,,,,,,,,,,
USW00094053,"TORRINGTON MUNICIPAL AIRPORT, WY US",5/8/2006,10.51,0.01,,67.00,39.00,,,,,,,,,,,,,
USW00094053,"TORRINGTON MUNICIPAL AIRPORT, WY US",5/9/2006,10.96,0.05,,54.00,34.00,,,,,,,,,,,,,
USW00094053,"TORRINGTON MUNICIPAL AIRPORT, WY US",5/10/2006,16.11,0.01,,56.00,29.00,,,,,,,,,,,,,
USW00094053,"TORRINGTON MUNICIPAL AIRPORT, WY US",5/11/2006,8.28,0,,68.00,30.00,,,,,,,,,,,,,
USW00094053,"TORRINGTON MUNICIPAL AIRPORT, WY US",5/12/2006,6.71,0,,76.00,37.00,,,,,,,,,,,,,
USW00094053,"TORRINGTON MUNICIPAL AIRPORT, WY US",5/13/2006,10.07,0,,75.00,42.00,,,,,,,,,,,,,
USW00094053,"TORRINGTON MUNICIPAL AIRPORT, WY US",5/14/2006,7.83,0,,70.00,36.00,,,,,,,,,,,,,
USW00094053,"TORRINGTON MUNICIPAL AIRPORT, WY US",5/15/2006,4.92,0,,74.00,34.00,,,,,,,,,,,,,
USW00094053,"TORRINGTON MUNICIPAL AIRPORT, WY US",5/16/2006,6.93,0,,82.00,35.00,,,,,,,,,,,,,
USW00094053,"TORRINGTON MUNICIPAL AIRPORT, WY US",5/17/2006,6.49,0,,83.00,41.00,,,,,,,,,,,,,
USW00094053,"TORRINGTON MUNICIPAL AIRPORT, WY US",5/18/2006,9.4,0,,89.00,42.00,,,,,,,,,,,,,
USW00094053,"TORRINGTON MUNICIPAL AIRPORT, WY US",5/19/2006,8.05,0,,89.00,47.00,,,,,,,,,,,,,
USW00094053,"TORRINGTON MUNICIPAL AIRPORT, WY US",5/20/2006,7.61,0,,87.00,52.00,,,,,,,,,,,,,
USW00094053,"TORRINGTON MUNICIPAL AIRPORT, WY US",5/21/2006,7.16,0.16,,89.00,50.00,,,,,,,,,,,,,
USW00094053,"TORRINGTON MUNICIPAL AIRPORT, WY US",5/22/2006,14.32,0.01,,88.00,49.00,,,,,,,,,,,,,
USW00094053,"TORRINGTON MUNICIPAL AIRPORT, WY US",5/23/2006,12.08,0.39,,77.00,53.00,,,,,,,,,,,,,
USW00094053,"TORRINGTON MUNICIPAL AIRPORT, WY US",5/24/2006,9.84,0,,82.00,49.00,,,,,,,,,,,,,
USW00094053,"TORRINGTON MUNICIPAL AIRPORT, WY US",5/25/2006,7.38,0,,87.00,45.00,,,,,,,,,,,,,
USW00094053,"TORRINGTON MUNICIPAL AIRPORT, WY US",5/26/2006,13.2,0.07,,88.00,56.00,,,,,,,,,,,,,
USW00094053,"TORRINGTON MUNICIPAL AIRPORT, WY US",5/27/2006,8.72,0,,93.00,57.00,,,,,,,,,,,,,
USW00094053,"TORRINGTON MUNICIPAL AIRPORT, WY US",5/28/2006,12.75,0.3,,79.00,46.00,,,,,,,,,,,,,
USW00094053,"TORRINGTON MUNICIPAL AIRPORT, WY US",5/29/2006,12.75,0,,72.00,45.00,,,,,,,,,,,,,
USW00094053,"TORRINGTON MUNICIPAL AIRPORT, WY US",5/30/2006,10.51,0.05,,77.00,45.00,,,,,,,,,,,,,
USW00094053,"TORRINGTON MUNICIPAL AIRPORT, WY US",5/31/2006,6.04,0.22,,66.00,48.00,,,,,,,,,,,,,
USW00094053,"TORRINGTON MUNICIPAL AIRPORT, WY US",6/1/2006,8.28,0,,80.00,42.00,,,,,,,,,,,,,
USW00094053,"TORRINGTON MUNICIPAL AIRPORT, WY US",6/2/2006,7.83,0,,91.00,52.00,,,,,,,,,,,,,
USW00094053,"TORRINGTON MUNICIPAL AIRPORT, WY US",6/3/2006,8.95,0,,91.00,51.00,,,,,,,,,,,,,
USW00094053,"TORRINGTON MUNICIPAL AIRPORT, WY US",6/4/2006,7.83,0.01,,88.00,55.00,,,,,,,,,,,,,
USW00094053,"TORRINGTON MUNICIPAL AIRPORT, WY US",6/5/2006,9.4,0,,90.00,55.00,,,,,,,,,,,,,
USW00094053,"TORRINGTON MUNICIPAL AIRPORT, WY US",6/6/2006,9.62,0,,93.00,53.00,,,,,,,,,,,,,
USW00094053,"TORRINGTON MUNICIPAL AIRPORT, WY US",6/7/2006,13.42,0,,102.00,59.00,,,,,,,,,,,,,
USW00094053,"TORRINGTON MUNICIPAL AIRPORT, WY US",6/8/2006,7.16,0.09,,92.00,58.00,,,,,,,,,,,,,
USW00094053,"TORRINGTON MUNICIPAL AIRPORT, WY US",6/9/2006,8.5,0,,89.00,57.00,,,,,,,,,,,,,
USW00094053,"TORRINGTON MUNICIPAL AIRPORT, WY US",6/10/2006,8.5,0.68,,79.00,54.00,,,,,,,,,,,,,
USW00094053,"TORRINGTON MUNICIPAL AIRPORT, WY US",6/11/2006,12.75,0.05,,82.00,51.00,,,,,,,,,,,,,
USW00094053,"TORRINGTON MUNICIPAL AIRPORT, WY US",6/12/2006,10.74,0,,91.00,55.00,,,,,,,,,,,,,
USW00094053,"TORRINGTON MUNICIPAL AIRPORT, WY US",6/13/2006,12.97,0,,97.00,62.00,,,,,,,,,,,,,
USW00094053,"TORRINGTON MUNICIPAL AIRPORT, WY US",6/14/2006,13.42,0,,101.00,63.00,,,,,,,,,,,,,
USW00094053,"TORRINGTON MUNICIPAL AIRPORT, WY US",6/15/2006,8.05,0,,85.00,57.00,,,,,,,,,,,,,
USW00094053,"TORRINGTON MUNICIPAL AIRPORT, WY US",6/16/2006,8.95,0.02,,77.00,54.00,,,,,,,,,,,,,
USW00094053,"TORRINGTON MUNICIPAL AIRPORT, WY US",6/17/2006,7.83,0,,88.00,49.00,,,,,,,,,,,,,
USW00094053,"TORRINGTON MUNICIPAL AIRPORT, WY US",6/18/2006,8.5,0,,89.00,50.00,,,,,,,,,,,,,
USW00094053,"TORRINGTON MUNICIPAL AIRPORT, WY US",6/19/2006,14.99,0,,90.00,52.00,,,,,,,,,,,,,
USW00094053,"TORRINGTON MUNICIPAL AIRPORT, WY US",6/20/2006,10.29,0,,91.00,58.00,,,,,,,,,,,,,
USW00094053,"TORRINGTON MUNICIPAL AIRPORT, WY US",6/21/2006,10.29,0,,80.00,60.00,,,,,,,,,,,,,
USW00094053,"TORRINGTON MUNICIPAL AIRPORT, WY US",6/22/2006,10.74,0.55,,75.00,53.00,,,,,,,,,,,,,
USW00094053,"TORRINGTON MUNICIPAL AIRPORT, WY US",6/23/2006,10.51,0,,84.00,55.00,,,,,,,,,,,,,
USW00094053,"TORRINGTON MUNICIPAL AIRPORT, WY US",6/24/2006,6.04,0.09,,81.00,56.00,,,,,,,,,,,,,
USW00094053,"TORRINGTON MUNICIPAL AIRPORT, WY US",6/25/2006,7.16,0,,78.00,52.00,,,,,,,,,,,,,
USW00094053,"TORRINGTON MUNICIPAL AIRPORT, WY US",6/26/2006,6.04,0,,83.00,46.00,,,,,,,,,,,,,
USW00094053,"TORRINGTON MUNICIPAL AIRPORT, WY US",6/27/2006,6.93,0,,86.00,50.00,,,,,,,,,,,,,
USW00094053,"TORRINGTON MUNICIPAL AIRPORT, WY US",6/28/2006,6.49,0,,92.00,54.00,,,,,,,,,,,,,
USW00094053,"TORRINGTON MUNICIPAL AIRPORT, WY US",6/29/2006,5.14,0,,96.00,53.00,,,,,,,,,,,,,
USW00094053,"TORRINGTON MUNICIPAL AIRPORT, WY US",6/30/2006,7.61,0,,97.00,57.00,,,,,,,,,,,,,
USW00094053,"TORRINGTON MUNICIPAL AIRPORT, WY US",7/1/2006,8.05,0.02,,87.00,58.00,,,,,,,,,,,,,
USW00094053,"TORRINGTON MUNICIPAL AIRPORT, WY US",7/2/2006,8.05,0.08,,90.00,56.00,,,,,,,,,,,,,
USW00094053,"TORRINGTON MUNICIPAL AIRPORT, WY US",7/3/2006,8.72,0.33,,88.00,57.00,,,,,,,,,,,,,
USW00094053,"TORRINGTON MUNICIPAL AIRPORT, WY US",7/4/2006,6.93,0.01,,87.00,56.00,,,,,,,,,,,,,
USW00094053,"TORRINGTON MUNICIPAL AIRPORT, WY US",7/5/2006,12.75,0.01,,83.00,56.00,,,,,,,,,,,,,
USW00094053,"TORRINGTON MUNICIPAL AIRPORT, WY US",7/6/2006,12.53,0,,90.00,59.00,,,,,,,,,,,,,
USW00094053,"TORRINGTON MUNICIPAL AIRPORT, WY US",7/7/2006,7.16,0,,95.00,59.00,,,,,,,,,,,,,
USW00094053,"TORRINGTON MUNICIPAL AIRPORT, WY US",7/8/2006,7.83,0,,90.00,64.00,,,,,,,,,,,,,
USW00094053,"TORRINGTON MUNICIPAL AIRPORT, WY US",7/9/2006,6.71,0.11,,71.00,61.00,,,,,,,,,,,,,
USW00094053,"TORRINGTON MUNICIPAL AIRPORT, WY US",7/10/2006,6.71,0,,84.00,60.00,,,,,,,,,,,,,
USW00094053,"TORRINGTON MUNICIPAL AIRPORT, WY US",7/11/2006,6.71,0,,96.00,55.00,,,,,,,,,,,,,
USW00094053,"TORRINGTON MUNICIPAL AIRPORT, WY US",7/12/2006,7.61,0,,95.00,57.00,,,,,,,,,,,,,
USW00094053,"TORRINGTON MUNICIPAL AIRPORT, WY US",7/13/2006,7.38,0,,95.00,60.00,,,,,,,,,,,,,
USW00094053,"TORRINGTON MUNICIPAL AIRPORT, WY US",7/14/2006,7.16,0,,102.00,55.00,,,,,,,,,,,,,
USW00094053,"TORRINGTON MUNICIPAL AIRPORT, WY US",7/15/2006,8.28,0,,107.00,59.00,,,,,,,,,,,,,
USW00094053,"TORRINGTON MUNICIPAL AIRPORT, WY US",7/16/2006,11.18,0,,107.00,62.00,,,,,,,,,,,,,
USW00094053,"TORRINGTON MUNICIPAL AIRPORT, WY US",7/17/2006,11.41,0,,92.00,67.00,,,,,,,,,,,,,
USW00094053,"TORRINGTON MUNICIPAL AIRPORT, WY US",7/18/2006,10.51,0,,105.00,63.00,,,,,,,,,,,,,
USW00094053,"TORRINGTON MUNICIPAL AIRPORT, WY US",7/19/2006,8.28,0,,102.00,61.00,,,,,,,,,,,,,
USW00094053,"TORRINGTON MUNICIPAL AIRPORT, WY US",7/20/2006,,0,,86.00,64.00,,,,,,,,,,,,,
USW00094053,"TORRINGTON MUNICIPAL AIRPORT, WY US",7/21/2006,7.83,0,,90.00,56.00,,,,,,,,,,,,,
USW00094053,"TORRINGTON MUNICIPAL AIRPORT, WY US",7/22/2006,6.26,0,,89.00,55.00,,,,,,,,,,,,,
USW00094053,"TORRINGTON MUNICIPAL AIRPORT, WY US",7/23/2006,7.61,0.3,,100.00,59.00,,,,,,,,,,,,,
USW00094053,"TORRINGTON MUNICIPAL AIRPORT, WY US",7/24/2006,7.38,0.06,,100.00,63.00,,,,,,,,,,,,,
USW00094053,"TORRINGTON MUNICIPAL AIRPORT, WY US",7/25/2006,8.05,0,,96.00,67.00,,,,,,,,,,,,,
USW00094053,"TORRINGTON MUNICIPAL AIRPORT, WY US",7/26/2006,6.49,0,,96.00,58.00,,,,,,,,,,,,,
USW00094053,"TORRINGTON MUNICIPAL AIRPORT, WY US",7/27/2006,6.49,0,,98.00,57.00,,,,,,,,,,,,,
USW00094053,"TORRINGTON MUNICIPAL AIRPORT, WY US",7/28/2006,10.74,0,,104.00,61.00,,,,,,,,,,,,,
USW00094053,"TORRINGTON MUNICIPAL AIRPORT, WY US",7/29/2006,9.4,0,,102.00,61.00,,,,,,,,,,,,,
USW00094053,"TORRINGTON MUNICIPAL AIRPORT, WY US",7/30/2006,7.61,0,,101.00,65.00,,,,,,,,,,,,,
USW00094053,"TORRINGTON MUNICIPAL AIRPORT, WY US",7/31/2006,9.62,0,,81.00,65.00,,,,,,,,,,,,,
USW00094053,"TORRINGTON MUNICIPAL AIRPORT, WY US",8/1/2006,7.61,0,,83.00,58.00,,,,,,,,,,,,,
USW00094053,"TORRINGTON MUNICIPAL AIRPORT, WY US",8/2/2006,7.61,0,,85.00,57.00,,,,,,,,,,,,,
USW00094053,"TORRINGTON MUNICIPAL AIRPORT, WY US",8/3/2006,12.75,0,,94.00,52.00,,,,,,,,,,,,,
USW00094053,"TORRINGTON MUNICIPAL AIRPORT, WY US",8/4/2006,8.72,0,,97.00,58.00,,,,,,,,,,,,,
USW00094053,"TORRINGTON MUNICIPAL AIRPORT, WY US",8/5/2006,8.5,0,,95.00,62.00,,,,,,,,,,,,,
USW00094053,"TORRINGTON MUNICIPAL AIRPORT, WY US",8/6/2006,11.41,0,,89.00,61.00,,,,,,,,,,,,,
USW00094053,"TORRINGTON MUNICIPAL AIRPORT, WY US",8/7/2006,12.53,0,,87.00,64.00,,,,,,,,,,,,,
USW00094053,"TORRINGTON MUNICIPAL AIRPORT, WY US",8/8/2006,6.71,0,,98.00,62.00,,,,,,,,,,,,,
USW00094053,"TORRINGTON MUNICIPAL AIRPORT, WY US",8/9/2006,6.04,0,,100.00,60.00,,,,,,,,,,,,,
USW00094053,"TORRINGTON MUNICIPAL AIRPORT, WY US",8/10/2006,7.83,0,,98.00,64.00,,,,,,,,,,,,,
USW00094053,"TORRINGTON MUNICIPAL AIRPORT, WY US",8/11/2006,11.41,0,,98.00,60.00,,,,,,,,,,,,,
USW00094053,"TORRINGTON MUNICIPAL AIRPORT, WY US",8/12/2006,8.72,0,,83.00,62.00,,,,,,,,,,,,,
USW00094053,"TORRINGTON MUNICIPAL AIRPORT, WY US",8/13/2006,9.17,0,,85.00,56.00,,,,,,,,,,,,,
USW00094053,"TORRINGTON MUNICIPAL AIRPORT, WY US",8/14/2006,14.76,0,,89.00,58.00,,,,,,,,,,,,,
USW00094053,"TORRINGTON MUNICIPAL AIRPORT, WY US",8/15/2006,11.41,0,,95.00,57.00,,,,,,,,,,,,,
USW00094053,"TORRINGTON MUNICIPAL AIRPORT, WY US",8/16/2006,5.59,0,,91.00,59.00,,,,,,,,,,,,,
USW00094053,"TORRINGTON MUNICIPAL AIRPORT, WY US",8/17/2006,7.61,0,,98.00,56.00,,,,,,,,,,,,,
USW00094053,"TORRINGTON MUNICIPAL AIRPORT, WY US",8/18/2006,12.53,0,,78.00,56.00,,,,,,,,,,,,,
USW00094053,"TORRINGTON MUNICIPAL AIRPORT, WY US",8/19/2006,11.41,0,,85.00,53.00,,,,,,,,,,,,,
USW00094053,"TORRINGTON MUNICIPAL AIRPORT, WY US",8/20/2006,9.4,0.04,,92.00,58.00,,,,,,,,,,,,,
USW00094053,"TORRINGTON MUNICIPAL AIRPORT, WY US",8/21/2006,9.17,0.07,,88.00,51.00,,,,,,,,,,,,,
USW00094053,"TORRINGTON MUNICIPAL AIRPORT, WY US",8/22/2006,11.41,0,,98.00,55.00,,,,,,,,,,,,,
USW00094053,"TORRINGTON MUNICIPAL AIRPORT, WY US",8/23/2006,6.93,0,,101.00,56.00,,,,,,,,,,,,,
USW00094053,"TORRINGTON MUNICIPAL AIRPORT, WY US",8/24/2006,11.63,0,,92.00,64.00,,,,,,,,,,,,,
USW00094053,"TORRINGTON MUNICIPAL AIRPORT, WY US",8/25/2006,8.05,0.64,,72.00,56.00,,,,,,,,,,,,,
USW00094053,"TORRINGTON MUNICIPAL AIRPORT, WY US",8/26/2006,9.84,0.25,,73.00,56.00,,,,,,,,,,,,,
USW00094053,"TORRINGTON MUNICIPAL AIRPORT, WY US",8/27/2006,9.17,0.09,,68.00,55.00,,,,,,,,,,,,,
USW00094053,"TORRINGTON MUNICIPAL AIRPORT, WY US",8/28/2006,7.16,0,,75.00,49.00,,,,,,,,,,,,,
USW00094053,"TORRINGTON MUNICIPAL AIRPORT, WY US",8/29/2006,9.4,0.01,,83.00,45.00,,,,,,,,,,,,,
USW00094053,"TORRINGTON MUNICIPAL AIRPORT, WY US",8/30/2006,8.5,0,,92.00,54.00,,,,,,,,,,,,,
USW00094053,"TORRINGTON MUNICIPAL AIRPORT, WY US",8/31/2006,8.95,0,,74.00,56.00,,,,,,,,,,,,,
USW00094053,"TORRINGTON MUNICIPAL AIRPORT, WY US",9/1/2006,10.74,0.29,,60.00,43.00,,,,,,,,,,,,,
USW00094053,"TORRINGTON MUNICIPAL AIRPORT, WY US",9/2/2006,3.8,0,,67.00,36.00,,,,,,,,,,,,,
USW00094053,"TORRINGTON MUNICIPAL AIRPORT, WY US",9/3/2006,6.26,0,,73.00,37.00,,,,,,,,,,,,,
USW00094053,"TORRINGTON MUNICIPAL AIRPORT, WY US",9/4/2006,7.38,0,,74.00,41.00,,,,,,,,,,,,,
USW00094053,"TORRINGTON MUNICIPAL AIRPORT, WY US",9/5/2006,9.62,0,,83.00,44.00,,,,,,,,,,,,,
USW00094053,"TORRINGTON MUNICIPAL AIRPORT, WY US",9/6/2006,6.04,0,,83.00,48.00,,,,,,,,,,,,,
USW00094053,"TORRINGTON MUNICIPAL AIRPORT, WY US",9/7/2006,7.38,0,,82.00,49.00,,,,,,,,,,,,,
USW00094053,"TORRINGTON MUNICIPAL AIRPORT, WY US",9/8/2006,8.05,0,,79.00,46.00,,,,,,,,,,,,,
USW00094053,"TORRINGTON MUNICIPAL AIRPORT, WY US",9/9/2006,8.72,0.02,,63.00,54.00,,,,,,,,,,,,,
USW00094053,"TORRINGTON MUNICIPAL AIRPORT, WY US",9/10/2006,8.72,0,,72.00,47.00,,,,,,,,,,,,,
USW00094053,"TORRINGTON MUNICIPAL AIRPORT, WY US",9/11/2006,6.04,0.16,,73.00,47.00,,,,,,,,,,,,,
USW00094053,"TORRINGTON MUNICIPAL AIRPORT, WY US",9/12/2006,4.47,0.01,,79.00,43.00,,,,,,,,,,,,,
USW00094053,"TORRINGTON MUNICIPAL AIRPORT, WY US",9/13/2006,7.38,0,,91.00,43.00,,,,,,,,,,,,,
USW00094053,"TORRINGTON MUNICIPAL AIRPORT, WY US",9/14/2006,6.93,0,,91.00,52.00,,,,,,,,,,,,,
USW00094053,"TORRINGTON MUNICIPAL AIRPORT, WY US",9/15/2006,7.38,0.03,,82.00,50.00,,,,,,,,,,,,,
USW00094053,"TORRINGTON MUNICIPAL AIRPORT, WY US",9/16/2006,11.18,0,,65.00,39.00,,,,,,,,,,,,,
USW00094053,"TORRINGTON MUNICIPAL AIRPORT, WY US",9/17/2006,11.41,0,,62.00,32.00,,,,,,,,,,,,,
USW00094053,"TORRINGTON MUNICIPAL AIRPORT, WY US",9/18/2006,11.41,0,,62.00,35.00,,,,,,,,,,,,,
USW00094053,"TORRINGTON MUNICIPAL AIRPORT, WY US",9/19/2006,4.92,0,,75.00,32.00,,,,,,,,,,,,,
USW00094053,"TORRINGTON MUNICIPAL AIRPORT, WY US",9/20/2006,9.62,0,,74.00,41.00,,,,,,,,,,,,,
USW00094053,"TORRINGTON MUNICIPAL AIRPORT, WY US",9/21/2006,13.42,0,,67.00,45.00,,,,,,,,,,,,,
USW00094053,"TORRINGTON MUNICIPAL AIRPORT, WY US",9/22/2006,21.92,0.08,,54.00,39.00,,,,,,,,,,,,,
USW00094053,"TORRINGTON MUNICIPAL AIRPORT, WY US",9/23/2006,14.99,0.08,,50.00,36.00,,,,,,,,,,,,,
USW00094053,"TORRINGTON MUNICIPAL AIRPORT, WY US",9/24/2006,6.26,0,,67.00,30.00,,,,,,,,,,,,,
USW00094053,"TORRINGTON MUNICIPAL AIRPORT, WY US",9/25/2006,5.82,0,,71.00,33.00,,,,,,,,,,,,,
USW00094053,"TORRINGTON MUNICIPAL AIRPORT, WY US",9/26/2006,8.95,0,,81.00,34.00,,,,,,,,,,,,,
USW00094053,"TORRINGTON MUNICIPAL AIRPORT, WY US",9/27/2006,10.29,0,,57.00,31.00,,,,,,,,,,,,,
USW00094053,"TORRINGTON MUNICIPAL AIRPORT, WY US",9/28/2006,5.37,0,,80.00,23.00,,,,,,,,,,,,,
USW00094053,"TORRINGTON MUNICIPAL AIRPORT, WY US",9/29/2006,8.28,0,,79.00,40.00,,,,,,,,,,,,,
USW00094053,"TORRINGTON MUNICIPAL AIRPORT, WY US",9/30/2006,4.47,0,,84.00,37.00,,,,,,,,,,,,,
USW00094053,"TORRINGTON MUNICIPAL AIRPORT, WY US",10/1/2006,4.25,0,,86.00,36.00,,,,,,,,,,,,,
USW00094053,"TORRINGTON MUNICIPAL AIRPORT, WY US",10/2/2006,5.14,0,,86.00,40.00,,,,,,,,,,,,,
USW00094053,"TORRINGTON MUNICIPAL AIRPORT, WY US",10/3/2006,12.97,0,,73.00,43.00,,,,,,,,,,,,,
USW00094053,"TORRINGTON MUNICIPAL AIRPORT, WY US",10/4/2006,8.5,0,,58.00,41.00,,,,,,,,,,,,,
USW00094053,"TORRINGTON MUNICIPAL AIRPORT, WY US",10/5/2006,6.49,0,,78.00,42.00,,,,,,,,,,,,,
USW00094053,"TORRINGTON MUNICIPAL AIRPORT, WY US",10/6/2006,6.26,0,,81.00,44.00,,,,,,,,,,,,,
USW00094053,"TORRINGTON MUNICIPAL AIRPORT, WY US",10/7/2006,10.96,0,,81.00,46.00,,,,,,,,,,,,,
USW00094053,"TORRINGTON MUNICIPAL AIRPORT, WY US",10/8/2006,8.28,0,,51.00,41.00,,,,,,,,,,,,,
USW00094053,"TORRINGTON MUNICIPAL AIRPORT, WY US",10/9/2006,10.74,0.27,,41.00,35.00,,,,,,,,,,,,,
USW00094053,"TORRINGTON MUNICIPAL AIRPORT, WY US",10/10/2006,8.72,0.01,,52.00,36.00,,,,,,,,,,,,,
USW00094053,"TORRINGTON MUNICIPAL AIRPORT, WY US",10/11/2006,12.3,0,,46.00,33.00,,,,,,,,,,,,,
USW00094053,"TORRINGTON MUNICIPAL AIRPORT, WY US",10/12/2006,8.5,0,,57.00,28.00,,,,,,,,,,,,,
USW00094053,"TORRINGTON MUNICIPAL AIRPORT, WY US",10/13/2006,4.47,0,,62.00,28.00,,,,,,,,,,,,,
USW00094053,"TORRINGTON MUNICIPAL AIRPORT, WY US",10/14/2006,4.25,0,,59.00,26.00,,,,,,,,,,,,,
USW00094053,"TORRINGTON MUNICIPAL AIRPORT, WY US",10/15/2006,2.24,0,,72.00,33.00,,,,,,,,,,,,,
USW00094053,"TORRINGTON MUNICIPAL AIRPORT, WY US",10/16/2006,8.28,0,,63.00,34.00,,,,,,,,,,,,,
USW00094053,"TORRINGTON MUNICIPAL AIRPORT, WY US",10/17/2006,13.65,0.02,,43.00,27.00,,,,,,,,,,,,,
USW00094053,"TORRINGTON MUNICIPAL AIRPORT, WY US",10/18/2006,6.71,0,,45.00,21.00,,,,,,,,,,,,,
USW00094053,"TORRINGTON MUNICIPAL AIRPORT, WY US",10/19/2006,11.41,0,,57.00,26.00,,,,,,,,,,,,,
USW00094053,"TORRINGTON MUNICIPAL AIRPORT, WY US",10/20/2006,13.87,0.04,,53.00,31.00,,,,,,,,,,,,,
USW00094053,"TORRINGTON MUNICIPAL AIRPORT, WY US",10/21/2006,9.17,0,,43.00,21.00,,,,,,,,,,,,,
USW00094053,"TORRINGTON MUNICIPAL AIRPORT, WY US",10/22/2006,8.95,0,,48.00,22.00,,,,,,,,,,,,,
USW00094053,"TORRINGTON MUNICIPAL AIRPORT, WY US",10/23/2006,3.58,0,,69.00,16.00,,,,,,,,,,,,,
USW00094053,"TORRINGTON MUNICIPAL AIRPORT, WY US",10/24/2006,7.83,0,,65.00,28.00,,,,,,,,,,,,,
USW00094053,"TORRINGTON MUNICIPAL AIRPORT, WY US",10/25/2006,7.61,0,,67.00,27.00,,,,,,,,,,,,,
USW00094053,"TORRINGTON MUNICIPAL AIRPORT, WY US",10/26/2006,13.87,0,,50.00,28.00,,,,,,,,,,,,,
USW00094053,"TORRINGTON MUNICIPAL AIRPORT, WY US",10/27/2006,12.3,0,,64.00,27.00,,,,,,,,,,,,,
USW00094053,"TORRINGTON MUNICIPAL AIRPORT, WY US",10/28/2006,13.2,0,,70.00,36.00,,,,,,,,,,,,,
USW00094053,"TORRINGTON MUNICIPAL AIRPORT, WY US",10/29/2006,7.61,0,,73.00,36.00,,,,,,,,,,,,,
USW00094053,"TORRINGTON MUNICIPAL AIRPORT, WY US",10/30/2006,15.21,0,,54.00,23.00,,,,,,,,,,,,,
USW00094053,"TORRINGTON MUNICIPAL AIRPORT, WY US",10/31/2006,8.95,0,,44.00,12.00,,,,,,,,,,,,,
USW00094053,"TORRINGTON MUNICIPAL AIRPORT, WY US",11/1/2006,3.8,0,,38.00,10.00,,,,,,,,,,,,,
USW00094053,"TORRINGTON MUNICIPAL AIRPORT, WY US",11/2/2006,6.93,0,,49.00,8.00,,,,,,,,,,,,,
USW00094053,"TORRINGTON MUNICIPAL AIRPORT, WY US",11/3/2006,5.37,0,,65.00,23.00,,,,,,,,,,,,,
USW00094053,"TORRINGTON MUNICIPAL AIRPORT, WY US",11/4/2006,3.8,0,,62.00,21.00,,,,,,,,,,,,,
USW00094053,"TORRINGTON MUNICIPAL AIRPORT, WY US",11/5/2006,10.51,0,,64.00,20.00,,,,,,,,,,,,,
USW00094053,"TORRINGTON MUNICIPAL AIRPORT, WY US",11/6/2006,8.05,0,,67.00,28.00,,,,,,,,,,,,,
USW00094053,"TORRINGTON MUNICIPAL AIRPORT, WY US",11/7/2006,14.32,0,,77.00,50.00,,,,,,,,,,,,,
USW00094053,"TORRINGTON MUNICIPAL AIRPORT, WY US",11/8/2006,15.43,0,,78.00,35.00,,,,,,,,,,,,,
USW00094053,"TORRINGTON MUNICIPAL AIRPORT, WY US",11/9/2006,8.5,0,,50.00,26.00,,,,,,,,,,,,,
USW00094053,"TORRINGTON MUNICIPAL AIRPORT, WY US",11/10/2006,8.72,0,,37.00,18.00,,,,,,,,,,,,,
USW00094053,"TORRINGTON MUNICIPAL AIRPORT, WY US",11/11/2006,11.63,0,,56.00,22.00,,,,,,,,,,,,,
USW00094053,"TORRINGTON MUNICIPAL AIRPORT, WY US",11/12/2006,11.18,0,,44.00,13.00,,,,,,,,,,,,,
USW00094053,"TORRINGTON MUNICIPAL AIRPORT, WY US",11/13/2006,13.87,0,,51.00,9.00,,,,,,,,,,,,,
USW00094053,"TORRINGTON MUNICIPAL AIRPORT, WY US",11/14/2006,12.97,0.01,,48.00,25.00,,,,,,,,,,,,,
USW00094053,"TORRINGTON MUNICIPAL AIRPORT, WY US",11/15/2006,7.16,0,,48.00,19.00,,,,,,,,,,,,,
USW00094053,"TORRINGTON MUNICIPAL AIRPORT, WY US",11/16/2006,14.32,0,,59.00,21.00,,,,,,,,,,,,,
USW00094053,"TORRINGTON MUNICIPAL AIRPORT, WY US",11/17/2006,7.38,0,,55.00,30.00,,,,,,,,,,,,,
USW00094053,"TORRINGTON MUNICIPAL AIRPORT, WY US",11/18/2006,7.16,0,,55.00,21.00,,,,,,,,,,,,,
USW00094053,"TORRINGTON MUNICIPAL AIRPORT, WY US",11/19/2006,6.71,0,,51.00,17.00,,,,,,,,,,,,,
USW00094053,"TORRINGTON MUNICIPAL AIRPORT, WY US",11/20/2006,14.32,0,,68.00,36.00,,,,,,,,,,,,,
USW00094053,"TORRINGTON MUNICIPAL AIRPORT, WY US",11/21/2006,5.82,0,,56.00,31.00,,,,,,,,,,,,,
USW00094053,"TORRINGTON MUNICIPAL AIRPORT, WY US",11/22/2006,5.82,0,,69.00,25.00,,,,,,,,,,,,,
USW00094053,"TORRINGTON MUNICIPAL AIRPORT, WY US",11/23/2006,8.05,0,,55.00,32.00,,,,,,,,,,,,,
USW00094053,"TORRINGTON MUNICIPAL AIRPORT, WY US",11/24/2006,8.95,0,,49.00,12.00,,,,,,,,,,,,,
USW00094053,"TORRINGTON MUNICIPAL AIRPORT, WY US",11/25/2006,3.13,0,,55.00,14.00,,,,,,,,,,,,,
USW00094053,"TORRINGTON MUNICIPAL AIRPORT, WY US",11/26/2006,9.17,0,,31.00,12.00,,,,,,,,,,,,,
USW00094053,"TORRINGTON MUNICIPAL AIRPORT, WY US",11/27/2006,9.4,0,,37.00,11.00,,,,,,,,,,,,,
USW00094053,"TORRINGTON MUNICIPAL AIRPORT, WY US",11/28/2006,7.16,0,,24.00,10.00,,,,,,,,,,,,,
USW00094053,"TORRINGTON MUNICIPAL AIRPORT, WY US",11/29/2006,8.05,0,,24.00,0.00,,,,,,,,,,,,,
USW00094053,"TORRINGTON MUNICIPAL AIRPORT, WY US",11/30/2006,9.62,0,,38.00,-9.00,,,,,,,,,,,,,
USW00094053,"TORRINGTON MUNICIPAL AIRPORT, WY US",12/1/2006,9.84,0,,39.00,15.00,,,,,,,,,,,,,
USW00094053,"TORRINGTON MUNICIPAL AIRPORT, WY US",12/2/2006,8.95,0,,30.00,8.00,,,,,,,,,,,,,
USW00094053,"TORRINGTON MUNICIPAL AIRPORT, WY US",12/3/2006,7.16,0,,41.00,-4.00,,,,,,,,,,,,,
USW00094053,"TORRINGTON MUNICIPAL AIRPORT, WY US",12/4/2006,10.29,0,,54.00,19.00,,,,,,,,,,,,,
USW00094053,"TORRINGTON MUNICIPAL AIRPORT, WY US",12/5/2006,14.09,0,,55.00,25.00,,,,,,,,,,,,,
USW00094053,"TORRINGTON MUNICIPAL AIRPORT, WY US",12/6/2006,9.84,0,,45.00,22.00,,,,,,,,,,,,,
USW00094053,"TORRINGTON MUNICIPAL AIRPORT, WY US",12/7/2006,5.37,0,,48.00,14.00,,,,,,,,,,,,,
USW00094053,"TORRINGTON MUNICIPAL AIRPORT, WY US",12/8/2006,2.24,0,,63.00,15.00,,,,,,,,,,,,,
USW00094053,"TORRINGTON MUNICIPAL AIRPORT, WY US",12/9/2006,9.4,0,,62.00,15.00,,,,,,,,,,,,,
USW00094053,"TORRINGTON MUNICIPAL AIRPORT, WY US",12/10/2006,9.17,0,,58.00,36.00,,,,,,,,,,,,,
USW00094053,"TORRINGTON MUNICIPAL AIRPORT, WY US",12/11/2006,9.84,0,,48.00,24.00,,,,,,,,,,,,,
USW00094053,"TORRINGTON MUNICIPAL AIRPORT, WY US",12/12/2006,17.45,0,,50.00,34.00,,,,,,,,,,,,,
USW00094053,"TORRINGTON MUNICIPAL AIRPORT, WY US",12/13/2006,21.25,0,,54.00,39.00,,,,,,,,,,,,,
USW00094053,"TORRINGTON MUNICIPAL AIRPORT, WY US",12/14/2006,19.46,0,,61.00,30.00,,,,,,,,,,,,,
USW00094053,"TORRINGTON MUNICIPAL AIRPORT, WY US",12/15/2006,10.29,0,,67.00,28.00,,,,,,,,,,,,,
USW00094053,"TORRINGTON MUNICIPAL AIRPORT, WY US",12/16/2006,11.18,0,,48.00,30.00,,,,,,,,,,,,,
USW00094053,"TORRINGTON MUNICIPAL AIRPORT, WY US",12/17/2006,8.72,0.06,,30.00,17.00,,,,,,,,,,,,,
USW00094053,"TORRINGTON MUNICIPAL AIRPORT, WY US",12/18/2006,3.36,0,,22.00,-5.00,,,,,,,,,,,,,
USW00094053,"TORRINGTON MUNICIPAL AIRPORT, WY US",12/19/2006,4.7,0,,26.00,-5.00,,,,,,,,,,,,,
USW00094053,"TORRINGTON MUNICIPAL AIRPORT, WY US",12/20/2006,14.09,0.04,,30.00,12.00,,,,,,,,,,,,,
USW00094053,"TORRINGTON MUNICIPAL AIRPORT, WY US",12/21/2006,9.4,0.02,,36.00,9.00,,,,,,,,,,,,,
USW00094053,"TORRINGTON MUNICIPAL AIRPORT, WY US",12/22/2006,7.38,0,,35.00,4.00,,,,,,,,,,,,,
USW00094053,"TORRINGTON MUNICIPAL AIRPORT, WY US",12/23/2006,7.16,0,,36.00,13.00,,,,,,,,,,,,,
USW00094053,"TORRINGTON MUNICIPAL AIRPORT, WY US",12/24/2006,13.2,0,,40.00,15.00,,,,,,,,,,,,,
USW00094053,"TORRINGTON MUNICIPAL AIRPORT, WY US",12/25/2006,8.5,0,,40.00,2.00,,,,,,,,,,,,,
USW00094053,"TORRINGTON MUNICIPAL AIRPORT, WY US",12/26/2006,6.49,0,,47.00,22.00,,,,,,,,,,,,,
USW00094053,"TORRINGTON MUNICIPAL AIRPORT, WY US",12/27/2006,5.82,0,,48.00,26.00,,,,,,,,,,,,,
USW00094053,"TORRINGTON MUNICIPAL AIRPORT, WY US",12/28/2006,8.5,0.09,,37.00,21.00,,,,,,,,,,,,,
USW00094053,"TORRINGTON MUNICIPAL AIRPORT, WY US",12/29/2006,12.75,0.01,,25.00,14.00,,,,,,,,,,,,,
USW00094053,"TORRINGTON MUNICIPAL AIRPORT, WY US",12/30/2006,6.71,0,,24.00,13.00,,,,,,,,,,,,,
USW00094053,"TORRINGTON MUNICIPAL AIRPORT, WY US",12/31/2006,11.18,0,,31.00,7.00,,,,,,,,,,,,,
USW00094053,"TORRINGTON MUNICIPAL AIRPORT, WY US",1/1/2007,4.03,0,,36.00,7.00,,,,,,,,,,,,,
USW00094053,"TORRINGTON MUNICIPAL AIRPORT, WY US",1/2/2007,8.05,0,,41.00,2.00,,,,,,,,,,,,,
USW00094053,"TORRINGTON MUNICIPAL AIRPORT, WY US",1/3/2007,15.88,0,,50.00,38.00,,,,,,,,,,,,,
USW00094053,"TORRINGTON MUNICIPAL AIRPORT, WY US",1/4/2007,12.53,0,,49.00,31.00,,,,,,,,,,,,,
USW00094053,"TORRINGTON MUNICIPAL AIRPORT, WY US",1/5/2007,9.17,0,,35.00,20.00,,,,,,,,,,,,,
USW00094053,"TORRINGTON MUNICIPAL AIRPORT, WY US",1/6/2007,21.03,0,,37.00,20.00,,,,,,,,,,,,,
USW00094053,"TORRINGTON MUNICIPAL AIRPORT, WY US",1/7/2007,21.92,0,,34.00,18.00,,,,,,,,,,,,,
USW00094053,"TORRINGTON MUNICIPAL AIRPORT, WY US",1/8/2007,20.8,0,,47.00,27.00,,,,,,,,,,,,,
USW00094053,"TORRINGTON MUNICIPAL AIRPORT, WY US",1/9/2007,7.83,0,,51.00,15.00,,,,,,,,,,,,,
USW00094053,"TORRINGTON MUNICIPAL AIRPORT, WY US",1/10/2007,10.07,0,,56.00,20.00,,,,,,,,,,,,,
USW00094053,"TORRINGTON MUNICIPAL AIRPORT, WY US",1/11/2007,12.53,0,,32.00,0.00,,,,,,,,,,,,,
USW00094053,"TORRINGTON MUNICIPAL AIRPORT, WY US",1/12/2007,5.59,0.03,,5.00,-2.00,,,,,,,,,,,,,
USW00094053,"TORRINGTON MUNICIPAL AIRPORT, WY US",1/13/2007,4.03,0.06,,8.00,-10.00,,,,,,,,,,,,,
USW00094053,"TORRINGTON MUNICIPAL AIRPORT, WY US",1/14/2007,7.16,0,,10.00,-11.00,,,,,,,,,,,,,
USW00094053,"TORRINGTON MUNICIPAL AIRPORT, WY US",1/15/2007,8.28,0,,20.00,-9.00,,,,,,,,,,,,,
USW00094053,"TORRINGTON MUNICIPAL AIRPORT, WY US",1/16/2007,3.8,0,,31.00,2.00,,,,,,,,,,,,,
USW00094053,"TORRINGTON MUNICIPAL AIRPORT, WY US",1/17/2007,9.4,0,,35.00,-7.00,,,,,,,,,,,,,
USW00094053,"TORRINGTON MUNICIPAL AIRPORT, WY US",1/18/2007,10.51,0,,29.00,12.00,,,,,,,,,,,,,
USW00094053,"TORRINGTON MUNICIPAL AIRPORT, WY US",1/19/2007,5.82,0,,37.00,3.00,,,,,,,,,,,,,
USW00094053,"TORRINGTON MUNICIPAL AIRPORT, WY US",1/20/2007,3.13,0,,30.00,3.00,,,,,,,,,,,,,
USW00094053,"TORRINGTON MUNICIPAL AIRPORT, WY US",1/21/2007,11.63,0,,31.00,12.00,,,,,,,,,,,,,
USW00094053,"TORRINGTON MUNICIPAL AIRPORT, WY US",1/22/2007,4.92,0,,37.00,-1.00,,,,,,,,,,,,,
USW00094053,"TORRINGTON MUNICIPAL AIRPORT, WY US",1/23/2007,9.62,0,,47.00,24.00,,,,,,,,,,,,,
USW00094053,"TORRINGTON MUNICIPAL AIRPORT, WY US",1/24/2007,8.05,0,,51.00,29.00,,,,,,,,,,,,,
USW00094053,"TORRINGTON MUNICIPAL AIRPORT, WY US",1/25/2007,5.59,0,,52.00,23.00,,,,,,,,,,,,,
USW00094053,"TORRINGTON MUNICIPAL AIRPORT, WY US",1/26/2007,10.51,0,,47.00,23.00,,,,,,,,,,,,,
USW00094053,"TORRINGTON MUNICIPAL AIRPORT, WY US",1/27/2007,12.97,0,,28.00,8.00,,,,,,,,,,,,,
USW00094053,"TORRINGTON MUNICIPAL AIRPORT, WY US",1/28/2007,11.63,0,,49.00,6.00,,,,,,,,,,,,,
USW00094053,"TORRINGTON MUNICIPAL AIRPORT, WY US",1/29/2007,13.87,0,,33.00,12.00,,,,,,,,,,,,,
USW00094053,"TORRINGTON MUNICIPAL AIRPORT, WY US",1/30/2007,6.04,0,,33.00,0.00,,,,,,,,,,,,,
USW00094053,"TORRINGTON MUNICIPAL AIRPORT, WY US",1/31/2007,13.42,0,,27.00,5.00,,,,,,,,,,,,,
USW00094053,"TORRINGTON MUNICIPAL AIRPORT, WY US",2/1/2007,13.42,0,,22.00,-6.00,,,,,,,,,,,,,
USW00094053,"TORRINGTON MUNICIPAL AIRPORT, WY US",2/2/2007,12.08,0,,25.00,-16.00,,,,,,,,,,,,,
USW00094053,"TORRINGTON MUNICIPAL AIRPORT, WY US",2/3/2007,6.04,0.02,,22.00,1.00,,,,,,,,,,,,,
USW00094053,"TORRINGTON MUNICIPAL AIRPORT, WY US",2/4/2007,3.8,0,,47.00,-7.00,,,,,,,,,,,,,
USW00094053,"TORRINGTON MUNICIPAL AIRPORT, WY US",2/5/2007,7.61,0,,59.00,18.00,,,,,,,,,,,,,
USW00094053,"TORRINGTON MUNICIPAL AIRPORT, WY US",2/6/2007,9.17,0,,59.00,29.00,,,,,,,,,,,,,
USW00094053,"TORRINGTON MUNICIPAL AIRPORT, WY US",2/7/2007,5.37,0,,37.00,27.00,,,,,,,,,,,,,
USW00094053,"TORRINGTON MUNICIPAL AIRPORT, WY US",2/8/2007,10.51,0,,35.00,21.00,,,,,,,,,,,,,
USW00094053,"TORRINGTON MUNICIPAL AIRPORT, WY US",2/9/2007,5.82,0,,32.00,19.00,,,,,,,,,,,,,
USW00094053,"TORRINGTON MUNICIPAL AIRPORT, WY US",2/10/2007,5.14,0,,43.00,23.00,,,,,,,,,,,,,
USW00094053,"TORRINGTON MUNICIPAL AIRPORT, WY US",2/11/2007,5.82,0.01,,58.00,23.00,,,,,,,,,,,,,
USW00094053,"TORRINGTON MUNICIPAL AIRPORT, WY US",2/12/2007,14.09,0.07,,35.00,7.00,,,,,,,,,,,,,
USW00094053,"TORRINGTON MUNICIPAL AIRPORT, WY US",2/13/2007,9.17,0,,18.00,2.00,,,,,,,,,,,,,
USW00094053,"TORRINGTON MUNICIPAL AIRPORT, WY US",2/14/2007,7.61,0.01,,20.00,-2.00,,,,,,,,,,,,,
USW00094053,"TORRINGTON MUNICIPAL AIRPORT, WY US",2/15/2007,3.58,0,,41.00,-11.00,,,,,,,,,,,,,
USW00094053,"TORRINGTON MUNICIPAL AIRPORT, WY US",2/16/2007,27.51,0.02,,47.00,29.00,,,,,,,,,,,,,
USW00094053,"TORRINGTON MUNICIPAL AIRPORT, WY US",2/17/2007,9.62,0,,48.00,24.00,,,,,,,,,,,,,
USW00094053,"TORRINGTON MUNICIPAL AIRPORT, WY US",2/18/2007,11.41,0,,65.00,22.00,,,,,,,,,,,,,
USW00094053,"TORRINGTON MUNICIPAL AIRPORT, WY US",2/19/2007,6.26,0.05,,49.00,21.00,,,,,,,,,,,,,
USW00094053,"TORRINGTON MUNICIPAL AIRPORT, WY US",2/20/2007,17.22,0,,51.00,16.00,,,,,,,,,,,,,
USW00094053,"TORRINGTON MUNICIPAL AIRPORT, WY US",2/21/2007,12.75,0,,56.00,23.00,,,,,,,,,,,,,
USW00094053,"TORRINGTON MUNICIPAL AIRPORT, WY US",2/22/2007,14.32,0,,53.00,20.00,,,,,,,,,,,,,
USW00094053,"TORRINGTON MUNICIPAL AIRPORT, WY US",2/23/2007,8.28,0,,52.00,23.00,,,,,,,,,,,,,
USW00094053,"TORRINGTON MUNICIPAL AIRPORT, WY US",2/24/2007,24.16,0,,39.00,21.00,,,,,,,,,,,,,
USW00094053,"TORRINGTON MUNICIPAL AIRPORT, WY US",2/25/2007,5.37,0,,45.00,16.00,,,,,,,,,,,,,
USW00094053,"TORRINGTON MUNICIPAL AIRPORT, WY US",2/26/2007,7.83,0,,50.00,19.00,,,,,,,,,,,,,
USW00094053,"TORRINGTON MUNICIPAL AIRPORT, WY US",2/27/2007,12.3,0,,52.00,22.00,,,,,,,,,,,,,
USW00094053,"TORRINGTON MUNICIPAL AIRPORT, WY US",2/28/2007,9.62,0,,38.00,19.00,,,,,,,,,,,,,
USW00094053,"TORRINGTON MUNICIPAL AIRPORT, WY US",3/1/2007,12.53,0.01,,42.00,11.00,,,,,,,,,,,,,
USW00094053,"TORRINGTON MUNICIPAL AIRPORT, WY US",3/2/2007,24.38,0.01,,25.00,17.00,,,,,,,,,,,,,
USW00094053,"TORRINGTON MUNICIPAL AIRPORT, WY US",3/3/2007,13.42,0,,42.00,14.00,,,,,,,,,,,,,
USW00094053,"TORRINGTON MUNICIPAL AIRPORT, WY US",3/4/2007,7.61,0,,57.00,23.00,,,,,,,,,,,,,
USW00094053,"TORRINGTON MUNICIPAL AIRPORT, WY US",3/5/2007,5.37,0,,62.00,18.00,,,,,,,,,,,,,
USW00094053,"TORRINGTON MUNICIPAL AIRPORT, WY US",3/6/2007,8.28,0,,63.00,22.00,,,,,,,,,,,,,
USW00094053,"TORRINGTON MUNICIPAL AIRPORT, WY US",3/7/2007,4.25,0,,67.00,21.00,,,,,,,,,,,,,
USW00094053,"TORRINGTON MUNICIPAL AIRPORT, WY US",3/8/2007,11.63,0,,59.00,25.00,,,,,,,,,,,,,
USW00094053,"TORRINGTON MUNICIPAL AIRPORT, WY US",3/9/2007,8.28,0,,60.00,21.00,,,,,,,,,,,,,
USW00094053,"TORRINGTON MUNICIPAL AIRPORT, WY US",3/10/2007,8.28,0.07,,57.00,34.00,,,,,,,,,,,,,
USW00094053,"TORRINGTON MUNICIPAL AIRPORT, WY US",3/11/2007,4.92,0,,63.00,26.00,,,,,,,,,,,,,
USW00094053,"TORRINGTON MUNICIPAL AIRPORT, WY US",3/12/2007,8.28,0,,78.00,34.00,,,,,,,,,,,,,
USW00094053,"TORRINGTON MUNICIPAL AIRPORT, WY US",3/13/2007,9.17,0,,76.00,37.00,,,,,,,,,,,,,
USW00094053,"TORRINGTON MUNICIPAL AIRPORT, WY US",3/14/2007,14.32,0,,65.00,36.00,,,,,,,,,,,,,
USW00094053,"TORRINGTON MUNICIPAL AIRPORT, WY US",3/15/2007,7.61,0,,49.00,25.00,,,,,,,,,,,,,
USW00094053,"TORRINGTON MUNICIPAL AIRPORT, WY US",3/16/2007,3.36,0,,62.00,20.00,,,,,,,,,,,,,
USW00094053,"TORRINGTON MUNICIPAL AIRPORT, WY US",3/17/2007,5.59,0,,72.00,33.00,,,,,,,,,,,,,
USW00094053,"TORRINGTON MUNICIPAL AIRPORT, WY US",3/18/2007,10.74,0,,78.00,29.00,,,,,,,,,,,,,
USW00094053,"TORRINGTON MUNICIPAL AIRPORT, WY US",3/19/2007,13.42,0,,67.00,30.00,,,,,,,,,,,,,
USW00094053,"TORRINGTON MUNICIPAL AIRPORT, WY US",3/20/2007,10.74,0,,75.00,38.00,,,,,,,,,,,,,
USW00094053,"TORRINGTON MUNICIPAL AIRPORT, WY US",3/21/2007,6.93,0,,63.00,33.00,,,,,,,,,,,,,
USW00094053,"TORRINGTON MUNICIPAL AIRPORT, WY US",3/22/2007,8.72,0,,73.00,27.00,,,,,,,,,,,,,
USW00094053,"TORRINGTON MUNICIPAL AIRPORT, WY US",3/23/2007,7.83,0,,72.00,28.00,,,,,,,,,,,,,
USW00094053,"TORRINGTON MUNICIPAL AIRPORT, WY US",3/24/2007,9.62,0.52,,51.00,44.00,,,,,,,,,,,,,
USW00094053,"TORRINGTON MUNICIPAL AIRPORT, WY US",3/25/2007,10.29,0,,74.00,41.00,,,,,,,,,,,,,
USW00094053,"TORRINGTON MUNICIPAL AIRPORT, WY US",3/26/2007,8.72,0,,67.00,36.00,,,,,,,,,,,,,
USW00094053,"TORRINGTON MUNICIPAL AIRPORT, WY US",3/27/2007,17.67,0,,62.00,44.00,,,,,,,,,,,,,
USW00094053,"TORRINGTON MUNICIPAL AIRPORT, WY US",3/28/2007,21.03,0,,57.00,33.00,,,,,,,,,,,,,
USW00094053,"TORRINGTON MUNICIPAL AIRPORT, WY US",3/29/2007,20.8,0.22,,34.00,24.00,,,,,,,,,,,,,
USW00094053,"TORRINGTON MUNICIPAL AIRPORT, WY US",3/30/2007,5.59,0,,33.00,15.00,,,,,,,,,,,,,
USW00094053,"TORRINGTON MUNICIPAL AIRPORT, WY US",3/31/2007,9.84,0,,50.00,14.00,,,,,,,,,,,,,
USW00094053,"TORRINGTON MUNICIPAL AIRPORT, WY US",4/1/2007,5.82,0.01,,63.00,29.00,,,,,,,,,,,,,
USW00094053,"TORRINGTON MUNICIPAL AIRPORT, WY US",4/2/2007,10.29,0.08,,64.00,34.00,,,,,,,,,,,,,
USW00094053,"TORRINGTON MUNICIPAL AIRPORT, WY US",4/3/2007,11.41,0,,46.00,26.00,,,,,,,,,,,,,
USW00094053,"TORRINGTON MUNICIPAL AIRPORT, WY US",4/4/2007,14.32,0,,53.00,24.00,,,,,,,,,,,,,
USW00094053,"TORRINGTON MUNICIPAL AIRPORT, WY US",4/5/2007,9.17,0.05,,39.00,28.00,,,,,,,,,,,,,
USW00094053,"TORRINGTON MUNICIPAL AIRPORT, WY US",4/6/2007,8.28,0,,37.00,20.00,,,,,,,,,,,,,
USW00094053,"TORRINGTON MUNICIPAL AIRPORT, WY US",4/7/2007,7.83,0,,29.00,16.00,,,,,,,,,,,,,
USW00094053,"TORRINGTON MUNICIPAL AIRPORT, WY US",4/8/2007,11.86,0,,38.00,25.00,,,,,,,,,,,,,
USW00094053,"TORRINGTON MUNICIPAL AIRPORT, WY US",4/9/2007,6.71,0,,71.00,22.00,,,,,,,,,,,,,
USW00094053,"TORRINGTON MUNICIPAL AIRPORT, WY US",4/10/2007,16.11,0,,53.00,33.00,,,,,,,,,,,,,
USW00094053,"TORRINGTON MUNICIPAL AIRPORT, WY US",4/11/2007,15.66,0,,46.00,25.00,,,,,,,,,,,,,
USW00094053,"TORRINGTON MUNICIPAL AIRPORT, WY US",4/12/2007,8.72,0,,53.00,17.00,,,,,,,,,,,,,
USW00094053,"TORRINGTON MUNICIPAL AIRPORT, WY US",4/13/2007,4.25,0,,50.00,28.00,,,,,,,,,,,,,
USW00094053,"TORRINGTON MUNICIPAL AIRPORT, WY US",4/14/2007,5.82,0,,68.00,19.00,,,,,,,,,,,,,
USW00094053,"TORRINGTON MUNICIPAL AIRPORT, WY US",4/15/2007,11.18,0,,79.00,32.00,,,,,,,,,,,,,
USW00094053,"TORRINGTON MUNICIPAL AIRPORT, WY US",4/16/2007,14.54,0,,65.00,41.00,,,,,,,,,,,,,
USW00094053,"TORRINGTON MUNICIPAL AIRPORT, WY US",4/17/2007,7.61,0,,65.00,37.00,,,,,,,,,,,,,
USW00094053,"TORRINGTON MUNICIPAL AIRPORT, WY US",4/18/2007,22.59,0,,71.00,38.00,,,,,,,,,,,,,
USW00094053,"TORRINGTON MUNICIPAL AIRPORT, WY US",4/19/2007,21.25,0.08,,58.00,31.00,,,,,,,,,,,,,
USW00094053,"TORRINGTON MUNICIPAL AIRPORT, WY US",4/20/2007,7.61,0,,72.00,27.00,,,,,,,,,,,,,
USW00094053,"TORRINGTON MUNICIPAL AIRPORT, WY US",4/21/2007,9.62,0,,66.00,38.00,,,,,,,,,,,,,
USW00094053,"TORRINGTON MUNICIPAL AIRPORT, WY US",4/22/2007,10.51,0.01,,62.00,45.00,,,,,,,,,,,,,
USW00094053,"TORRINGTON MUNICIPAL AIRPORT, WY US",4/23/2007,14.32,0.39,,54.00,44.00,,,,,,,,,,,,,
USW00094053,"TORRINGTON MUNICIPAL AIRPORT, WY US",4/24/2007,15.66,0.37,,45.00,37.00,,,,,,,,,,,,,
USW00094053,"TORRINGTON MUNICIPAL AIRPORT, WY US",4/25/2007,5.37,0,,59.00,32.00,,,,,,,,,,,,,
USW00094053,"TORRINGTON MUNICIPAL AIRPORT, WY US",4/26/2007,8.95,0.09,,69.00,33.00,,,,,,,,,,,,,
USW00094053,"TORRINGTON MUNICIPAL AIRPORT, WY US",4/27/2007,7.16,0,,69.00,36.00,,,,,,,,,,,,,
USW00094053,"TORRINGTON MUNICIPAL AIRPORT, WY US",4/28/2007,6.04,0,,80.00,36.00,,,,,,,,,,,,,
USW00094053,"TORRINGTON MUNICIPAL AIRPORT, WY US",4/29/2007,6.71,0,,86.00,45.00,,,,,,,,,,,,,
USW00094053,"TORRINGTON MUNICIPAL AIRPORT, WY US",4/30/2007,10.07,0.02,,82.00,46.00,,,,,,,,,,,,,
USW00094053,"TORRINGTON MUNICIPAL AIRPORT, WY US",5/1/2007,12.3,0,,73.00,45.00,,,,,,,,,,,,,
USW00094053,"TORRINGTON MUNICIPAL AIRPORT, WY US",5/2/2007,20.8,0,,75.00,49.00,,,,,,,,,,,,,
USW00094053,"TORRINGTON MUNICIPAL AIRPORT, WY US",5/3/2007,,0.47,,74.00,45.00,,,,,,,,,,,,,
USW00094053,"TORRINGTON MUNICIPAL AIRPORT, WY US",5/4/2007,6.49,0,,56.00,40.00,,,,,,,,,,,,,
USW00094053,"TORRINGTON MUNICIPAL AIRPORT, WY US",5/5/2007,12.75,0.64,,56.00,38.00,,,,,,,,,,,,,
USW00094053,"TORRINGTON MUNICIPAL AIRPORT, WY US",5/6/2007,17,0.05,,49.00,38.00,,,,,,,,,,,,,
USW00094053,"TORRINGTON MUNICIPAL AIRPORT, WY US",5/7/2007,7.38,0,,64.00,37.00,,,,,,,,,,,,,
USW00094053,"TORRINGTON MUNICIPAL AIRPORT, WY US",5/8/2007,4.47,0,,72.00,34.00,,,,,,,,,,,,,
USW00094053,"TORRINGTON MUNICIPAL AIRPORT, WY US",5/9/2007,5.59,0,,79.00,41.00,,,,,,,,,,,,,
USW00094053,"TORRINGTON MUNICIPAL AIRPORT, WY US",5/10/2007,7.83,0,,79.00,44.00,,,,,,,,,,,,,
USW00094053,"TORRINGTON MUNICIPAL AIRPORT, WY US",5/11/2007,,0,,87.00,56.00,,,,,,,,,,,,,
USW00094053,"TORRINGTON MUNICIPAL AIRPORT, WY US",5/12/2007,10.07,0,,91.00,53.00,,,,,,,,,,,,,
USW00094053,"TORRINGTON MUNICIPAL AIRPORT, WY US",5/13/2007,7.61,0,,91.00,48.00,,,,,,,,,,,,,
USW00094053,"TORRINGTON MUNICIPAL AIRPORT, WY US",5/14/2007,10.51,0.02,,66.00,46.00,,,,,,,,,,,,,
USW00094053,"TORRINGTON MUNICIPAL AIRPORT, WY US",5/15/2007,6.49,0,,65.00,39.00,,,,,,,,,,,,,
USW00094053,"TORRINGTON MUNICIPAL AIRPORT, WY US",5/16/2007,9.17,0,,77.00,41.00,,,,,,,,,,,,,
USW00094053,"TORRINGTON MUNICIPAL AIRPORT, WY US",5/17/2007,11.41,0,,83.00,45.00,,,,,,,,,,,,,
USW00094053,"TORRINGTON MUNICIPAL AIRPORT, WY US",5/18/2007,5.37,0,,86.00,42.00,,,,,,,,,,,,,
USW00094053,"TORRINGTON MUNICIPAL AIRPORT, WY US",5/19/2007,7.83,0,,83.00,49.00,,,,,,,,,,,,,
USW00094053,"TORRINGTON MUNICIPAL AIRPORT, WY US",5/20/2007,8.5,0,,87.00,49.00,,,,,,,,,,,,,
USW00094053,"TORRINGTON MUNICIPAL AIRPORT, WY US",5/21/2007,7.83,0.04,,85.00,48.00,,,,,,,,,,,,,
USW00094053,"TORRINGTON MUNICIPAL AIRPORT, WY US",5/22/2007,8.28,0.11,,60.00,38.00,,,,,,,,,,,,,
USW00094053,"TORRINGTON MUNICIPAL AIRPORT, WY US",5/23/2007,11.63,0,,64.00,37.00,,,,,,,,,,,,,
USW00094053,"TORRINGTON MUNICIPAL AIRPORT, WY US",5/24/2007,9.17,0.01,,68.00,34.00,,,,,,,,,,,,,
USW00094053,"TORRINGTON MUNICIPAL AIRPORT, WY US",5/25/2007,14.32,0,,80.00,45.00,,,,,,,,,,,,,
USW00094053,"TORRINGTON MUNICIPAL AIRPORT, WY US",5/26/2007,7.38,0.01,,73.00,35.00,,,,,,,,,,,,,
USW00094053,"TORRINGTON MUNICIPAL AIRPORT, WY US",5/27/2007,5.82,0,,86.00,47.00,,,,,,,,,,,,,
USW00094053,"TORRINGTON MUNICIPAL AIRPORT, WY US",5/28/2007,9.4,0.28,,88.00,55.00,,,,,,,,,,,,,
USW00094053,"TORRINGTON MUNICIPAL AIRPORT, WY US",5/29/2007,9.4,0.03,,64.00,43.00,,,,,,,,,,,,,
USW00094053,"TORRINGTON MUNICIPAL AIRPORT, WY US",5/30/2007,10.74,0,,66.00,39.00,,,,,,,,,,,,,
USW00094053,"TORRINGTON MUNICIPAL AIRPORT, WY US",5/31/2007,10.96,0.06,,64.00,43.00,,,,,,,,,,,,,
USW00094053,"TORRINGTON MUNICIPAL AIRPORT, WY US",6/1/2007,,0,,67.00,48.00,,,,,,,,,,,,,
USW00094053,"TORRINGTON MUNICIPAL AIRPORT, WY US",6/2/2007,9.62,0,,75.00,44.00,,,,,,,,,,,,,
USW00094053,"TORRINGTON MUNICIPAL AIRPORT, WY US",6/3/2007,8.28,0,,80.00,45.00,,,,,,,,,,,,,
USW00094053,"TORRINGTON MUNICIPAL AIRPORT, WY US",6/4/2007,6.93,0,,82.00,41.00,,,,,,,,,,,,,
USW00094053,"TORRINGTON MUNICIPAL AIRPORT, WY US",6/5/2007,10.74,0,,88.00,45.00,,,,,,,,,,,,,
USW00094053,"TORRINGTON MUNICIPAL AIRPORT, WY US",6/6/2007,13.65,0.02,,78.00,52.00,,,,,,,,,,,,,
USW00094053,"TORRINGTON MUNICIPAL AIRPORT, WY US",6/7/2007,22.82,0.03,,53.00,35.00,,,,,,,,,,,,,
USW00094053,"TORRINGTON MUNICIPAL AIRPORT, WY US",6/8/2007,5.59,0,,76.00,27.00,,,,,,,,,,,,,
USW00094053,"TORRINGTON MUNICIPAL AIRPORT, WY US",6/9/2007,8.95,0,,87.00,43.00,,,,,,,,,,,,,
USW00094053,"TORRINGTON MUNICIPAL AIRPORT, WY US",6/10/2007,8.05,0,,92.00,45.00,,,,,,,,,,,,,
USW00094053,"TORRINGTON MUNICIPAL AIRPORT, WY US",6/11/2007,11.86,0,,96.00,57.00,,,,,,,,,,,,,
USW00094053,"TORRINGTON MUNICIPAL AIRPORT, WY US",6/12/2007,10.96,0.07,,73.00,55.00,,,,,,,,,,,,,
USW00094053,"TORRINGTON MUNICIPAL AIRPORT, WY US",6/13/2007,8.5,0,,76.00,50.00,,,,,,,,,,,,,
USW00094053,"TORRINGTON MUNICIPAL AIRPORT, WY US",6/14/2007,9.4,0,,88.00,45.00,,,,,,,,,,,,,
USW00094053,"TORRINGTON MUNICIPAL AIRPORT, WY US",6/15/2007,8.28,0,,90.00,52.00,,,,,,,,,,,,,
USW00094053,"TORRINGTON MUNICIPAL AIRPORT, WY US",6/16/2007,15.43,0,,98.00,59.00,,,,,,,,,,,,,
USW00094053,"TORRINGTON MUNICIPAL AIRPORT, WY US",6/17/2007,13.65,0,,101.00,57.00,,,,,,,,,,,,,
USW00094053,"TORRINGTON MUNICIPAL AIRPORT, WY US",6/18/2007,8.72,0,,81.00,47.00,,,,,,,,,,,,,
USW00094053,"TORRINGTON MUNICIPAL AIRPORT, WY US",6/19/2007,6.04,0,,89.00,48.00,,,,,,,,,,,,,
USW00094053,"TORRINGTON MUNICIPAL AIRPORT, WY US",6/20/2007,8.95,0,,100.00,59.00,,,,,,,,,,,,,
USW00094053,"TORRINGTON MUNICIPAL AIRPORT, WY US",6/21/2007,8.28,0,,93.00,59.00,,,,,,,,,,,,,
USW00094053,"TORRINGTON MUNICIPAL AIRPORT, WY US",6/22/2007,7.38,0,,94.00,53.00,,,,,,,,,,,,,
USW00094053,"TORRINGTON MUNICIPAL AIRPORT, WY US",6/23/2007,9.62,0,,98.00,49.00,,,,,,,,,,,,,
USW00094053,"TORRINGTON MUNICIPAL AIRPORT, WY US",6/24/2007,10.51,0,,103.00,59.00,,,,,,,,,,,,,
USW00094053,"TORRINGTON MUNICIPAL AIRPORT, WY US",6/25/2007,9.4,0,,104.00,61.00,,,,,,,,,,,,,
USW00094053,"TORRINGTON MUNICIPAL AIRPORT, WY US",6/26/2007,11.41,0,,80.00,59.00,,,,,,,,,,,,,
USW00094053,"TORRINGTON MUNICIPAL AIRPORT, WY US",6/27/2007,11.63,0,,85.00,58.00,,,,,,,,,,,,,
USW00094053,"TORRINGTON MUNICIPAL AIRPORT, WY US",6/28/2007,13.87,0,,89.00,62.00,,,,,,,,,,,,,
USW00094053,"TORRINGTON MUNICIPAL AIRPORT, WY US",6/29/2007,15.88,0,,91.00,56.00,,,,,,,,,,,,,
USW00094053,"TORRINGTON MUNICIPAL AIRPORT, WY US",6/30/2007,9.62,0,,97.00,56.00,,,,,,,,,,,,,
USW00094053,"TORRINGTON MUNICIPAL AIRPORT, WY US",7/1/2007,10.29,0,,99.00,61.00,,,,,,,,,,,,,
USW00094053,"TORRINGTON MUNICIPAL AIRPORT, WY US",7/2/2007,11.41,0,,101.00,63.00,,,,,,,,,,,,,
USW00094053,"TORRINGTON MUNICIPAL AIRPORT, WY US",7/3/2007,11.18,0,,87.00,65.00,,,,,,,,,,,,,
USW00094053,"TORRINGTON MUNICIPAL AIRPORT, WY US",7/4/2007,6.71,0,,93.00,57.00,,,,,,,,,,,,,
USW00094053,"TORRINGTON MUNICIPAL AIRPORT, WY US",7/5/2007,7.16,0,,94.00,58.00,,,,,,,,,,,,,
USW00094053,"TORRINGTON MUNICIPAL AIRPORT, WY US",7/6/2007,7.16,0,,98.00,58.00,,,,,,,,,,,,,
USW00094053,"TORRINGTON MUNICIPAL AIRPORT, WY US",7/7/2007,8.72,0,,105.00,64.00,,,,,,,,,,,,,
USW00094053,"TORRINGTON MUNICIPAL AIRPORT, WY US",7/8/2007,6.93,0.25,,94.00,63.00,,,,,,,,,,,,,
USW00094053,"TORRINGTON MUNICIPAL AIRPORT, WY US",7/9/2007,12.75,0.02,,93.00,61.00,,,,,,,,,,,,,
USW00094053,"TORRINGTON MUNICIPAL AIRPORT, WY US",7/10/2007,8.5,0.2,,81.00,62.00,,,,,,,,,,,,,
USW00094053,"TORRINGTON MUNICIPAL AIRPORT, WY US",7/11/2007,8.72,0.01,,82.00,57.00,,,,,,,,,,,,,
USW00094053,"TORRINGTON MUNICIPAL AIRPORT, WY US",7/12/2007,7.16,0,,85.00,59.00,,,,,,,,,,,,,
USW00094053,"TORRINGTON MUNICIPAL AIRPORT, WY US",7/13/2007,7.16,0.05,,95.00,59.00,,,,,,,,,,,,,
USW00094053,"TORRINGTON MUNICIPAL AIRPORT, WY US",7/14/2007,6.04,0,,95.00,59.00,,,,,,,,,,,,,
USW00094053,"TORRINGTON MUNICIPAL AIRPORT, WY US",7/15/2007,8.5,0,,99.00,59.00,,,,,,,,,,,,,
USW00094053,"TORRINGTON MUNICIPAL AIRPORT, WY US",7/16/2007,7.61,0,,101.00,57.00,,,,,,,,,,,,,
USW00094053,"TORRINGTON MUNICIPAL AIRPORT, WY US",7/17/2007,5.37,0,,103.00,65.00,,,,,,,,,,,,,
USW00094053,"TORRINGTON MUNICIPAL AIRPORT, WY US",7/18/2007,6.93,0,,99.00,65.00,,,,,,,,,,,,,
USW00094053,"TORRINGTON MUNICIPAL AIRPORT, WY US",7/19/2007,13.42,0,,86.00,65.00,,,,,,,,,,,,,
USW00094053,"TORRINGTON MUNICIPAL AIRPORT, WY US",7/20/2007,15.88,0,,97.00,68.00,,,,,,,,,,,,,
USW00094053,"TORRINGTON MUNICIPAL AIRPORT, WY US",7/21/2007,8.95,0,,101.00,65.00,,,,,,,,,,,,,
USW00094053,"TORRINGTON MUNICIPAL AIRPORT, WY US",7/22/2007,7.61,0.09,,104.00,64.00,,,,,,,,,,,,,
USW00094053,"TORRINGTON MUNICIPAL AIRPORT, WY US",7/23/2007,9.4,0,,97.00,65.00,,,,,,,,,,,,,
USW00094053,"TORRINGTON MUNICIPAL AIRPORT, WY US",7/24/2007,10.29,0,,100.00,64.00,,,,,,,,,,,,,
USW00094053,"TORRINGTON MUNICIPAL AIRPORT, WY US",7/25/2007,11.18,0.12,,101.00,65.00,,,,,,,,,,,,,
USW00094053,"TORRINGTON MUNICIPAL AIRPORT, WY US",7/26/2007,8.28,0.13,,82.00,65.00,,,,,,,,,,,,,
USW00094053,"TORRINGTON MUNICIPAL AIRPORT, WY US",7/27/2007,6.49,1.47,,77.00,65.00,,,,,,,,,,,,,
USW00094053,"TORRINGTON MUNICIPAL AIRPORT, WY US",7/28/2007,6.04,0.42,,82.00,64.00,,,,,,,,,,,,,
USW00094053,"TORRINGTON MUNICIPAL AIRPORT, WY US",7/29/2007,5.82,0,,88.00,63.00,,,,,,,,,,,,,
USW00094053,"TORRINGTON MUNICIPAL AIRPORT, WY US",7/30/2007,9.62,0,,90.00,64.00,,,,,,,,,,,,,
USW00094053,"TORRINGTON MUNICIPAL AIRPORT, WY US",7/31/2007,9.84,0,,92.00,63.00,,,,,,,,,,,,,
USW00094053,"TORRINGTON MUNICIPAL AIRPORT, WY US",8/1/2007,10.51,0,,89.00,64.00,,,,,,,,,,,,,
USW00094053,"TORRINGTON MUNICIPAL AIRPORT, WY US",8/2/2007,11.63,0.03,,85.00,62.00,,,,,,,,,,,,,
USW00094053,"TORRINGTON MUNICIPAL AIRPORT, WY US",8/3/2007,7.61,0,,91.00,68.00,,,,,,,,,,,,,
USW00094053,"TORRINGTON MUNICIPAL AIRPORT, WY US",8/4/2007,7.61,0,,96.00,65.00,,,,,,,,,,,,,
USW00094053,"TORRINGTON MUNICIPAL AIRPORT, WY US",8/5/2007,7.83,0,,98.00,60.00,,,,,,,,,,,,,
USW00094053,"TORRINGTON MUNICIPAL AIRPORT, WY US",8/6/2007,6.26,0.02,,94.00,66.00,,,,,,,,,,,,,
USW00094053,"TORRINGTON MUNICIPAL AIRPORT, WY US",8/7/2007,8.05,0,,94.00,61.00,,,,,,,,,,,,,
USW00094053,"TORRINGTON MUNICIPAL AIRPORT, WY US",8/8/2007,6.93,0,,95.00,57.00,,,,,,,,,,,,,
USW00094053,"TORRINGTON MUNICIPAL AIRPORT, WY US",8/9/2007,4.7,0,,98.00,52.00,,,,,,,,,,,,,
USW00094053,"TORRINGTON MUNICIPAL AIRPORT, WY US",8/10/2007,6.49,0,,98.00,63.00,,,,,,,,,,,,,
USW00094053,"TORRINGTON MUNICIPAL AIRPORT, WY US",8/11/2007,8.5,0,,94.00,59.00,,,,,,,,,,,,,
USW00094053,"TORRINGTON MUNICIPAL AIRPORT, WY US",8/12/2007,13.87,0,,94.00,64.00,,,,,,,,,,,,,
USW00094053,"TORRINGTON MUNICIPAL AIRPORT, WY US",8/13/2007,6.04,0,,104.00,65.00,,,,,,,,,,,,,
USW00094053,"TORRINGTON MUNICIPAL AIRPORT, WY US",8/14/2007,6.93,0.03,,89.00,64.00,,,,,,,,,,,,,
USW00094053,"TORRINGTON MUNICIPAL AIRPORT, WY US",8/15/2007,6.71,0,,92.00,65.00,,,,,,,,,,,,,
USW00094053,"TORRINGTON MUNICIPAL AIRPORT, WY US",8/16/2007,7.61,0,,90.00,59.00,,,,,,,,,,,,,
USW00094053,"TORRINGTON MUNICIPAL AIRPORT, WY US",8/17/2007,11.18,0,,96.00,63.00,,,,,,,,,,,,,
USW00094053,"TORRINGTON MUNICIPAL AIRPORT, WY US",8/18/2007,4.92,0.03,,94.00,58.00,,,,,,,,,,,,,
USW00094053,"TORRINGTON MUNICIPAL AIRPORT, WY US",8/19/2007,6.93,0,,95.00,57.00,,,,,,,,,,,,,
USW00094053,"TORRINGTON MUNICIPAL AIRPORT, WY US",8/20/2007,9.17,0,,94.00,61.00,,,,,,,,,,,,,
USW00094053,"TORRINGTON MUNICIPAL AIRPORT, WY US",8/21/2007,8.05,0,,95.00,54.00,,,,,,,,,,,,,
USW00094053,"TORRINGTON MUNICIPAL AIRPORT, WY US",8/22/2007,11.86,0.19,,82.00,57.00,,,,,,,,,,,,,
USW00094053,"TORRINGTON MUNICIPAL AIRPORT, WY US",8/23/2007,6.04,0.04,,64.00,55.00,,,,,,,,,,,,,
USW00094053,"TORRINGTON MUNICIPAL AIRPORT, WY US",8/24/2007,8.95,0.01,,78.00,53.00,,,,,,,,,,,,,
USW00094053,"TORRINGTON MUNICIPAL AIRPORT, WY US",8/25/2007,6.49,0,,87.00,53.00,,,,,,,,,,,,,
USW00094053,"TORRINGTON MUNICIPAL AIRPORT, WY US",8/26/2007,6.26,0,,99.00,53.00,,,,,,,,,,,,,
USW00094053,"TORRINGTON MUNICIPAL AIRPORT, WY US",8/27/2007,8.5,0.01,,88.00,62.00,,,,,,,,,,,,,
USW00094053,"TORRINGTON MUNICIPAL AIRPORT, WY US",8/28/2007,10.29,0,,83.00,56.00,,,,,,,,,,,,,
USW00094053,"TORRINGTON MUNICIPAL AIRPORT, WY US",8/29/2007,11.63,0,,76.00,54.00,,,,,,,,,,,,,
USW00094053,"TORRINGTON MUNICIPAL AIRPORT, WY US",8/30/2007,7.16,0,,90.00,56.00,,,,,,,,,,,,,
USW00094053,"TORRINGTON MUNICIPAL AIRPORT, WY US",8/31/2007,9.4,0,,97.00,53.00,,,,,,,,,,,,,
USW00094053,"TORRINGTON MUNICIPAL AIRPORT, WY US",9/1/2007,6.93,0,,96.00,57.00,,,,,,,,,,,,,
USW00094053,"TORRINGTON MUNICIPAL AIRPORT, WY US",9/2/2007,8.72,0,,94.00,56.00,,,,,,,,,,,,,
USW00094053,"TORRINGTON MUNICIPAL AIRPORT, WY US",9/3/2007,6.26,0,,97.00,56.00,,,,,,,,,,,,,
USW00094053,"TORRINGTON MUNICIPAL AIRPORT, WY US",9/4/2007,5.82,0,,95.00,55.00,,,,,,,,,,,,,
USW00094053,"TORRINGTON MUNICIPAL AIRPORT, WY US",9/5/2007,7.61,0.35,,84.00,56.00,,,,,,,,,,,,,
USW00094053,"TORRINGTON MUNICIPAL AIRPORT, WY US",9/6/2007,8.5,0,,81.00,57.00,,,,,,,,,,,,,
USW00094053,"TORRINGTON MUNICIPAL AIRPORT, WY US",9/7/2007,8.5,0,,81.00,51.00,,,,,,,,,,,,,
USW00094053,"TORRINGTON MUNICIPAL AIRPORT, WY US",9/8/2007,12.53,0,,68.00,47.00,,,,,,,,,,,,,
USW00094053,"TORRINGTON MUNICIPAL AIRPORT, WY US",9/9/2007,10.07,0.03,,56.00,44.00,,,,,,,,,,,,,
USW00094053,"TORRINGTON MUNICIPAL AIRPORT, WY US",9/10/2007,4.92,0,,71.00,42.00,,,,,,,,,,,,,
USW00094053,"TORRINGTON MUNICIPAL AIRPORT, WY US",9/11/2007,6.71,0,,82.00,37.00,,,,,,,,,,,,,
USW00094053,"TORRINGTON MUNICIPAL AIRPORT, WY US",9/12/2007,5.82,0,,91.00,42.00,,,,,,,,,,,,,
USW00094053,"TORRINGTON MUNICIPAL AIRPORT, WY US",9/13/2007,8.72,0,,68.00,48.00,,,,,,,,,,,,,
USW00094053,"TORRINGTON MUNICIPAL AIRPORT, WY US",9/14/2007,12.97,0.01,,70.00,47.00,,,,,,,,,,,,,
USW00094053,"TORRINGTON MUNICIPAL AIRPORT, WY US",9/15/2007,7.16,0,,91.00,48.00,,,,,,,,,,,,,
USW00094053,"TORRINGTON MUNICIPAL AIRPORT, WY US",9/16/2007,8.28,0.05,,87.00,48.00,,,,,,,,,,,,,
USW00094053,"TORRINGTON MUNICIPAL AIRPORT, WY US",9/17/2007,8.72,0,,80.00,58.00,,,,,,,,,,,,,
USW00094053,"TORRINGTON MUNICIPAL AIRPORT, WY US",9/18/2007,8.28,0,,75.00,47.00,,,,,,,,,,,,,
USW00094053,"TORRINGTON MUNICIPAL AIRPORT, WY US",9/19/2007,12.97,0,,72.00,44.00,,,,,,,,,,,,,
USW00094053,"TORRINGTON MUNICIPAL AIRPORT, WY US",9/20/2007,7.61,0,,92.00,51.00,,,,,,,,,,,,,
USW00094053,"TORRINGTON MUNICIPAL AIRPORT, WY US",9/21/2007,9.62,0,,76.00,46.00,,,,,,,,,,,,,
USW00094053,"TORRINGTON MUNICIPAL AIRPORT, WY US",9/22/2007,9.84,0,,91.00,48.00,,,,,,,,,,,,,
USW00094053,"TORRINGTON MUNICIPAL AIRPORT, WY US",9/23/2007,7.38,0,,77.00,54.00,,,,,,,,,,,,,
USW00094053,"TORRINGTON MUNICIPAL AIRPORT, WY US",9/24/2007,6.71,0.06,,57.00,41.00,,,,,,,,,,,,,
USW00094053,"TORRINGTON MUNICIPAL AIRPORT, WY US",9/25/2007,5.82,0,,68.00,35.00,,,,,,,,,,,,,
USW00094053,"TORRINGTON MUNICIPAL AIRPORT, WY US",9/26/2007,7.83,0,,73.00,42.00,,,,,,,,,,,,,
USW00094053,"TORRINGTON MUNICIPAL AIRPORT, WY US",9/27/2007,6.71,0,,75.00,36.00,,,,,,,,,,,,,
USW00094053,"TORRINGTON MUNICIPAL AIRPORT, WY US",9/28/2007,7.83,0,,84.00,45.00,,,,,,,,,,,,,
USW00094053,"TORRINGTON MUNICIPAL AIRPORT, WY US",9/29/2007,13.42,0,,86.00,49.00,,,,,,,,,,,,,
USW00094053,"TORRINGTON MUNICIPAL AIRPORT, WY US",9/30/2007,11.63,0.18,,67.00,44.00,,,,,,,,,,,,,
USW00094053,"TORRINGTON MUNICIPAL AIRPORT, WY US",10/1/2007,11.18,0,,89.00,35.00,,,,,,,,,,,,,
USW00094053,"TORRINGTON MUNICIPAL AIRPORT, WY US",10/2/2007,13.87,0,,68.00,48.00,,,,,,,,,,,,,
USW00094053,"TORRINGTON MUNICIPAL AIRPORT, WY US",10/3/2007,9.4,0,,83.00,45.00,,,,,,,,,,,,,
USW00094053,"TORRINGTON MUNICIPAL AIRPORT, WY US",10/4/2007,9.17,0,,76.00,39.00,,,,,,,,,,,,,
USW00094053,"TORRINGTON MUNICIPAL AIRPORT, WY US",10/5/2007,8.95,0,,86.00,44.00,,,,,,,,,,,,,
USW00094053,"TORRINGTON MUNICIPAL AIRPORT, WY US",10/6/2007,14.09,0,,71.00,45.00,,,,,,,,,,,,,
USW00094053,"TORRINGTON MUNICIPAL AIRPORT, WY US",10/7/2007,11.41,0,,59.00,39.00,,,,,,,,,,,,,
USW00094053,"TORRINGTON MUNICIPAL AIRPORT, WY US",10/8/2007,11.18,0,,72.00,40.00,,,,,,,,,,,,,
USW00094053,"TORRINGTON MUNICIPAL AIRPORT, WY US",10/9/2007,7.61,0,,77.00,34.00,,,,,,,,,,,,,
USW00094053,"TORRINGTON MUNICIPAL AIRPORT, WY US",10/10/2007,12.53,0,,76.00,37.00,,,,,,,,,,,,,
USW00094053,"TORRINGTON MUNICIPAL AIRPORT, WY US",10/11/2007,9.17,0,,73.00,37.00,,,,,,,,,,,,,
USW00094053,"TORRINGTON MUNICIPAL AIRPORT, WY US",10/12/2007,8.05,0.01,,64.00,35.00,,,,,,,,,,,,,
USW00094053,"TORRINGTON MUNICIPAL AIRPORT, WY US",10/13/2007,9.62,1.03,,58.00,43.00,,,,,,,,,,,,,
USW00094053,"TORRINGTON MUNICIPAL AIRPORT, WY US",10/14/2007,8.5,0.62,,44.00,41.00,,,,,,,,,,,,,
USW00094053,"TORRINGTON MUNICIPAL AIRPORT, WY US",10/15/2007,6.26,0,,56.00,32.00,,,,,,,,,,,,,
USW00094053,"TORRINGTON MUNICIPAL AIRPORT, WY US",10/16/2007,6.71,0,,66.00,29.00,,,,,,,,,,,,,
USW00094053,"TORRINGTON MUNICIPAL AIRPORT, WY US",10/17/2007,12.08,0,,63.00,39.00,,,,,,,,,,,,,
USW00094053,"TORRINGTON MUNICIPAL AIRPORT, WY US",10/18/2007,19.91,0,,54.00,34.00,,,,,,,,,,,,,
USW00094053,"TORRINGTON MUNICIPAL AIRPORT, WY US",10/19/2007,15.88,0,,72.00,36.00,,,,,,,,,,,,,
USW00094053,"TORRINGTON MUNICIPAL AIRPORT, WY US",10/20/2007,10.07,0.13,,76.00,37.00,,,,,,,,,,,,,
USW00094053,"TORRINGTON MUNICIPAL AIRPORT, WY US",10/21/2007,13.42,0.12,,47.00,30.00,,,,,,,,,,,,,
USW00094053,"TORRINGTON MUNICIPAL AIRPORT, WY US",10/22/2007,7.61,0,,56.00,26.00,,,,,,,,,,,,,
USW00094053,"TORRINGTON MUNICIPAL AIRPORT, WY US",10/23/2007,9.84,0,,70.00,39.00,,,,,,,,,,,,,
USW00094053,"TORRINGTON MUNICIPAL AIRPORT, WY US",10/24/2007,4.47,0,,76.00,31.00,,,,,,,,,,,,,
USW00094053,"TORRINGTON MUNICIPAL AIRPORT, WY US",10/25/2007,3.36,0,,81.00,31.00,,,,,,,,,,,,,
USW00094053,"TORRINGTON MUNICIPAL AIRPORT, WY US",10/26/2007,7.61,0,,49.00,37.00,,,,,,,,,,,,,
USW00094053,"TORRINGTON MUNICIPAL AIRPORT, WY US",10/27/2007,7.83,0,,51.00,32.00,,,,,,,,,,,,,
USW00094053,"TORRINGTON MUNICIPAL AIRPORT, WY US",10/28/2007,4.03,0,,72.00,25.00,,,,,,,,,,,,,
USW00094053,"TORRINGTON MUNICIPAL AIRPORT, WY US",10/29/2007,3.58,0,,78.00,27.00,,,,,,,,,,,,,
USW00094053,"TORRINGTON MUNICIPAL AIRPORT, WY US",10/30/2007,10.51,0,,72.00,38.00,,,,,,,,,,,,,
USW00094053,"TORRINGTON MUNICIPAL AIRPORT, WY US",10/31/2007,6.93,0,,52.00,28.00,,,,,,,,,,,,,
USW00094053,"TORRINGTON MUNICIPAL AIRPORT, WY US",11/1/2007,9.4,0,,67.00,25.00,,,,,,,,,,,,,
USW00094053,"TORRINGTON MUNICIPAL AIRPORT, WY US",11/2/2007,6.04,0,,49.00,24.00,,,,,,,,,,,,,
USW00094053,"TORRINGTON MUNICIPAL AIRPORT, WY US",11/3/2007,6.26,0,,65.00,22.00,,,,,,,,,,,,,
USW00094053,"TORRINGTON MUNICIPAL AIRPORT, WY US",11/4/2007,13.65,0,,73.00,32.00,,,,,,,,,,,,,
USW00094053,"TORRINGTON MUNICIPAL AIRPORT, WY US",11/5/2007,8.05,0,,45.00,23.00,,,,,,,,,,,,,
USW00094053,"TORRINGTON MUNICIPAL AIRPORT, WY US",11/6/2007,7.61,0,,53.00,18.00,,,,,,,,,,,,,
USW00094053,"TORRINGTON MUNICIPAL AIRPORT, WY US",11/7/2007,6.26,0,,71.00,22.00,,,,,,,,,,,,,
USW00094053,"TORRINGTON MUNICIPAL AIRPORT, WY US",11/8/2007,6.26,0,,71.00,27.00,,,,,,,,,,,,,
USW00094053,"TORRINGTON MUNICIPAL AIRPORT, WY US",11/9/2007,4.7,0,,68.00,26.00,,,,,,,,,,,,,
USW00094053,"TORRINGTON MUNICIPAL AIRPORT, WY US",11/10/2007,6.93,0,,69.00,36.00,,,,,,,,,,,,,
USW00094053,"TORRINGTON MUNICIPAL AIRPORT, WY US",11/11/2007,7.38,0,,57.00,41.00,,,,,,,,,,,,,
USW00094053,"TORRINGTON MUNICIPAL AIRPORT, WY US",11/12/2007,7.61,0,,60.00,35.00,,,,,,,,,,,,,
USW00094053,"TORRINGTON MUNICIPAL AIRPORT, WY US",11/13/2007,19.46,0.01,,71.00,33.00,,,,,,,,,,,,,
USW00094053,"TORRINGTON MUNICIPAL AIRPORT, WY US",11/14/2007,14.54,0,,42.00,14.00,,,,,,,,,,,,,
USW00094053,"TORRINGTON MUNICIPAL AIRPORT, WY US",11/15/2007,9.17,0,,64.00,10.00,,,,,,,,,,,,,
USW00094053,"TORRINGTON MUNICIPAL AIRPORT, WY US",11/16/2007,10.74,0,,70.00,37.00,,,,,,,,,,,,,
USW00094053,"TORRINGTON MUNICIPAL AIRPORT, WY US",11/17/2007,4.7,0,,63.00,33.00,,,,,,,,,,,,,
USW00094053,"TORRINGTON MUNICIPAL AIRPORT, WY US",11/18/2007,15.43,0,,70.00,51.00,,,,,,,,,,,,,
USW00094053,"TORRINGTON MUNICIPAL AIRPORT, WY US",11/19/2007,10.29,0,,76.00,32.00,,,,,,,,,,,,,
USW00094053,"TORRINGTON MUNICIPAL AIRPORT, WY US",11/20/2007,9.84,0.02,,38.00,25.00,,,,,,,,,,,,,
USW00094053,"TORRINGTON MUNICIPAL AIRPORT, WY US",11/21/2007,4.7,0.03,,27.00,17.00,,,,,,,,,,,,,
USW00094053,"TORRINGTON MUNICIPAL AIRPORT, WY US",11/22/2007,2.68,0,,29.00,6.00,,,,,,,,,,,,,
USW00094053,"TORRINGTON MUNICIPAL AIRPORT, WY US",11/23/2007,4.7,0,,33.00,6.00,,,,,,,,,,,,,
USW00094053,"TORRINGTON MUNICIPAL AIRPORT, WY US",11/24/2007,4.7,0,,45.00,10.00,,,,,,,,,,,,,
USW00094053,"TORRINGTON MUNICIPAL AIRPORT, WY US",11/25/2007,6.71,0,,50.00,17.00,,,,,,,,,,,,,
USW00094053,"TORRINGTON MUNICIPAL AIRPORT, WY US",11/26/2007,4.25,0,,40.00,17.00,,,,,,,,,,,,,
USW00094053,"TORRINGTON MUNICIPAL AIRPORT, WY US",11/27/2007,10.29,0,,57.00,17.00,,,,,,,,,,,,,
USW00094053,"TORRINGTON MUNICIPAL AIRPORT, WY US",11/28/2007,9.62,0,,39.00,23.00,,,,,,,,,,,,,
USW00094053,"TORRINGTON MUNICIPAL AIRPORT, WY US",11/29/2007,10.07,0,,48.00,13.00,,,,,,,,,,,,,
USW00094053,"TORRINGTON MUNICIPAL AIRPORT, WY US",11/30/2007,14.09,0,,28.00,9.00,,,,,,,,,,,,,
USW00094053,"TORRINGTON MUNICIPAL AIRPORT, WY US",12/1/2007,8.28,0.06,,26.00,11.00,,,,,,,,,,,,,
USW00094053,"TORRINGTON MUNICIPAL AIRPORT, WY US",12/2/2007,8.05,0,,38.00,0.00,,,,,,,,,,,,,
USW00094053,"TORRINGTON MUNICIPAL AIRPORT, WY US",12/3/2007,15.66,0,,56.00,25.00,,,,,,,,,,,,,
USW00094053,"TORRINGTON MUNICIPAL AIRPORT, WY US",12/4/2007,17,0,,62.00,42.00,,,,,,,,,,,,,
USW00094053,"TORRINGTON MUNICIPAL AIRPORT, WY US",12/5/2007,5.82,0,,52.00,32.00,,,,,,,,,,,,,
USW00094053,"TORRINGTON MUNICIPAL AIRPORT, WY US",12/6/2007,4.92,0,,49.00,24.00,,,,,,,,,,,,,
USW00094053,"TORRINGTON MUNICIPAL AIRPORT, WY US",12/7/2007,12.08,0.34,,30.00,20.00,,,,,,,,,,,,,
USW00094053,"TORRINGTON MUNICIPAL AIRPORT, WY US",12/8/2007,,0.04,,20.00,14.00,,,,,,,,,,,,,
USW00094053,"TORRINGTON MUNICIPAL AIRPORT, WY US",12/9/2007,,0.06,,18.00,-1.00,,,,,,,,,,,,,
USW00094053,"TORRINGTON MUNICIPAL AIRPORT, WY US",12/10/2007,6.49,0,,34.00,-4.00,,,,,,,,,,,,,
USW00094053,"TORRINGTON MUNICIPAL AIRPORT, WY US",12/11/2007,4.25,0.03,,23.00,-2.00,,,,,,,,,,,,,
USW00094053,"TORRINGTON MUNICIPAL AIRPORT, WY US",12/12/2007,7.38,0,,33.00,-10.00,,,,,,,,,,,,,
USW00094053,"TORRINGTON MUNICIPAL AIRPORT, WY US",12/13/2007,7.16,0,,27.00,12.00,,,,,,,,,,,,,
USW00094053,"TORRINGTON MUNICIPAL AIRPORT, WY US",12/14/2007,6.26,0.03,,22.00,1.00,,,,,,,,,,,,,
USW00094053,"TORRINGTON MUNICIPAL AIRPORT, WY US",12/15/2007,8.5,0,,27.00,-3.00,,,,,,,,,,,,,
USW00094053,"TORRINGTON MUNICIPAL AIRPORT, WY US",12/16/2007,9.62,0,,39.00,12.00,,,,,,,,,,,,,
USW00094053,"TORRINGTON MUNICIPAL AIRPORT, WY US",12/17/2007,7.83,0,,45.00,10.00,,,,,,,,,,,,,
USW00094053,"TORRINGTON MUNICIPAL AIRPORT, WY US",12/18/2007,5.82,0,,43.00,21.00,,,,,,,,,,,,,
USW00094053,"TORRINGTON MUNICIPAL AIRPORT, WY US",12/19/2007,10.51,0,,43.00,22.00,,,,,,,,,,,,,
USW00094053,"TORRINGTON MUNICIPAL AIRPORT, WY US",12/20/2007,8.5,0,,46.00,30.00,,,,,,,,,,,,,
USW00094053,"TORRINGTON MUNICIPAL AIRPORT, WY US",12/21/2007,19.46,0,,35.00,14.00,,,,,,,,,,,,,
USW00094053,"TORRINGTON MUNICIPAL AIRPORT, WY US",12/22/2007,8.5,0,,25.00,6.00,,,,,,,,,,,,,
USW00094053,"TORRINGTON MUNICIPAL AIRPORT, WY US",12/23/2007,12.75,0,,36.00,18.00,,,,,,,,,,,,,
USW00094053,"TORRINGTON MUNICIPAL AIRPORT, WY US",12/24/2007,6.26,0.1,,48.00,7.00,,,,,,,,,,,,,
USW00094053,"TORRINGTON MUNICIPAL AIRPORT, WY US",12/25/2007,13.42,0.02,,32.00,7.00,,,,,,,,,,,,,
USW00094053,"TORRINGTON MUNICIPAL AIRPORT, WY US",12/26/2007,4.92,0,,18.00,-2.00,,,,,,,,,,,,,
USW00094053,"TORRINGTON MUNICIPAL AIRPORT, WY US",12/27/2007,3.8,0.04,,22.00,5.00,,,,,,,,,,,,,
USW00094053,"TORRINGTON MUNICIPAL AIRPORT, WY US",12/28/2007,9.4,0,,23.00,-6.00,,,,,,,,,,,,,
USW00094053,"TORRINGTON MUNICIPAL AIRPORT, WY US",12/29/2007,11.86,0,,29.00,13.00,,,,,,,,,,,,,
USW00094053,"TORRINGTON MUNICIPAL AIRPORT, WY US",12/30/2007,7.16,0,,27.00,7.00,,,,,,,,,,,,,
USW00094053,"TORRINGTON MUNICIPAL AIRPORT, WY US",12/31/2007,10.51,0,,28.00,14.00,,,,,,,,,,,,,
USW00094053,"TORRINGTON MUNICIPAL AIRPORT, WY US",1/1/2008,7.61,0,,26.00,-4.00,,,,,,,,,,,,,
USW00094053,"TORRINGTON MUNICIPAL AIRPORT, WY US",1/2/2008,3.36,0,,18.00,-6.00,,,,,,,,,,,,,
USW00094053,"TORRINGTON MUNICIPAL AIRPORT, WY US",1/3/2008,6.04,0,,45.00,2.00,,,,,,,,,,,,,
USW00094053,"TORRINGTON MUNICIPAL AIRPORT, WY US",1/4/2008,9.84,0,,46.00,26.00,,,,,,,,,,,,,
USW00094053,"TORRINGTON MUNICIPAL AIRPORT, WY US",1/5/2008,13.42,0,,56.00,33.00,,,,,,,,,,,,,
USW00094053,"TORRINGTON MUNICIPAL AIRPORT, WY US",1/6/2008,8.5,0.01,,41.00,26.00,,,,,,,,,,,,,
USW00094053,"TORRINGTON MUNICIPAL AIRPORT, WY US",1/7/2008,9.84,0,,36.00,14.00,,,,,,,,,,,,,
USW00094053,"TORRINGTON MUNICIPAL AIRPORT, WY US",1/8/2008,9.84,0,,38.00,10.00,,,,,,,,,,,,,
USW00094053,"TORRINGTON MUNICIPAL AIRPORT, WY US",1/9/2008,7.61,0,,40.00,22.00,,,,,,,,,,,,,
USW00094053,"TORRINGTON MUNICIPAL AIRPORT, WY US",1/10/2008,15.43,0,,37.00,20.00,,,,,,,,,,,,,
USW00094053,"TORRINGTON MUNICIPAL AIRPORT, WY US",1/11/2008,11.41,0,,45.00,25.00,,,,,,,,,,,,,
USW00094053,"TORRINGTON MUNICIPAL AIRPORT, WY US",1/12/2008,7.83,0,,40.00,23.00,,,,,,,,,,,,,
USW00094053,"TORRINGTON MUNICIPAL AIRPORT, WY US",1/13/2008,8.28,0,,43.00,17.00,,,,,,,,,,,,,
USW00094053,"TORRINGTON MUNICIPAL AIRPORT, WY US",1/14/2008,7.16,0,,46.00,23.00,,,,,,,,,,,,,
USW00094053,"TORRINGTON MUNICIPAL AIRPORT, WY US",1/15/2008,18.12,0,,45.00,17.00,,,,,,,,,,,,,
USW00094053,"TORRINGTON MUNICIPAL AIRPORT, WY US",1/16/2008,17.9,0,,18.00,4.00,,,,,,,,,,,,,
USW00094053,"TORRINGTON MUNICIPAL AIRPORT, WY US",1/17/2008,14.09,0,,28.00,1.00,,,,,,,,,,,,,
USW00094053,"TORRINGTON MUNICIPAL AIRPORT, WY US",1/18/2008,9.62,0,,25.00,6.00,,,,,,,,,,,,,
USW00094053,"TORRINGTON MUNICIPAL AIRPORT, WY US",1/19/2008,5.37,0,,25.00,3.00,,,,,,,,,,,,,
USW00094053,"TORRINGTON MUNICIPAL AIRPORT, WY US",1/20/2008,8.5,0.06,,19.00,7.00,,,,,,,,,,,,,
USW00094053,"TORRINGTON MUNICIPAL AIRPORT, WY US",1/21/2008,8.05,0,,7.00,-7.00,,,,,,,,,,,,,
USW00094053,"TORRINGTON MUNICIPAL AIRPORT, WY US",1/22/2008,6.04,0,,22.00,-13.00,,,,,,,,,,,,,
USW00094053,"TORRINGTON MUNICIPAL AIRPORT, WY US",1/23/2008,8.5,0.01,,21.00,-6.00,,,,,,,,,,,,,
USW00094053,"TORRINGTON MUNICIPAL AIRPORT, WY US",1/24/2008,2.68,0,,28.00,-11.00,,,,,,,,,,,,,
USW00094053,"TORRINGTON MUNICIPAL AIRPORT, WY US",1/25/2008,15.21,0,,39.00,2.00,,,,,,,,,,,,,
USW00094053,"TORRINGTON MUNICIPAL AIRPORT, WY US",1/26/2008,17.67,0,,45.00,27.00,,,,,,,,,,,,,
USW00094053,"TORRINGTON MUNICIPAL AIRPORT, WY US",1/27/2008,6.49,0,,58.00,22.00,,,,,,,,,,,,,
USW00094053,"TORRINGTON MUNICIPAL AIRPORT, WY US",1/28/2008,15.43,0,,52.00,12.00,,,,,,,,,,,,,
USW00094053,"TORRINGTON MUNICIPAL AIRPORT, WY US",1/29/2008,14.99,0,,31.00,6.00,,,,,,,,,,,,,
USW00094053,"TORRINGTON MUNICIPAL AIRPORT, WY US",1/30/2008,7.83,0,,35.00,15.00,,,,,,,,,,,,,
USW00094053,"TORRINGTON MUNICIPAL AIRPORT, WY US",1/31/2008,13.65,0,,40.00,11.00,,,,,,,,,,,,,
USW00094053,"TORRINGTON MUNICIPAL AIRPORT, WY US",2/1/2008,14.32,0,,44.00,24.00,,,,,,,,,,,,,
USW00094053,"TORRINGTON MUNICIPAL AIRPORT, WY US",2/2/2008,12.3,0,,35.00,18.00,,,,,,,,,,,,,
USW00094053,"TORRINGTON MUNICIPAL AIRPORT, WY US",2/3/2008,8.05,0,,37.00,10.00,,,,,,,,,,,,,
USW00094053,"TORRINGTON MUNICIPAL AIRPORT, WY US",2/4/2008,10.07,0.01,,26.00,13.00,,,,,,,,,,,,,
USW00094053,"TORRINGTON MUNICIPAL AIRPORT, WY US",2/5/2008,6.26,0,,30.00,5.00,,,,,,,,,,,,,
USW00094053,"TORRINGTON MUNICIPAL AIRPORT, WY US",2/6/2008,9.62,0,,34.00,3.00,,,,,,,,,,,,,
USW00094053,"TORRINGTON MUNICIPAL AIRPORT, WY US",2/7/2008,14.76,0,,38.00,7.00,,,,,,,,,,,,,
USW00094053,"TORRINGTON MUNICIPAL AIRPORT, WY US",2/8/2008,16.11,0,,39.00,12.00,,,,,,,,,,,,,
USW00094053,"TORRINGTON MUNICIPAL AIRPORT, WY US",2/9/2008,12.53,0,,49.00,8.00,,,,,,,,,,,,,
USW00094053,"TORRINGTON MUNICIPAL AIRPORT, WY US",2/10/2008,8.5,0,,45.00,6.00,,,,,,,,,,,,,
USW00094053,"TORRINGTON MUNICIPAL AIRPORT, WY US",2/11/2008,17.22,0,,47.00,24.00,,,,,,,,,,,,,
USW00094053,"TORRINGTON MUNICIPAL AIRPORT, WY US",2/12/2008,9.17,0,,44.00,21.00,,,,,,,,,,,,,
USW00094053,"TORRINGTON MUNICIPAL AIRPORT, WY US",2/13/2008,12.08,0.02,,60.00,24.00,,,,,,,,,,,,,
USW00094053,"TORRINGTON MUNICIPAL AIRPORT, WY US",2/14/2008,9.62,0.05,,27.00,4.00,,,,,,,,,,,,,
USW00094053,"TORRINGTON MUNICIPAL AIRPORT, WY US",2/15/2008,3.36,0,,30.00,-1.00,,,,,,,,,,,,,
USW00094053,"TORRINGTON MUNICIPAL AIRPORT, WY US",2/16/2008,10.07,0.05,,44.00,21.00,,,,,,,,,,,,,
USW00094053,"TORRINGTON MUNICIPAL AIRPORT, WY US",2/17/2008,18.12,0.11,,31.00,23.00,,,,,,,,,,,,,
USW00094053,"TORRINGTON MUNICIPAL AIRPORT, WY US",2/18/2008,10.96,0,,30.00,16.00,,,,,,,,,,,,,
USW00094053,"TORRINGTON MUNICIPAL AIRPORT, WY US",2/19/2008,10.07,0,,51.00,13.00,,,,,,,,,,,,,
USW00094053,"TORRINGTON MUNICIPAL AIRPORT, WY US",2/20/2008,10.74,0,,41.00,23.00,,,,,,,,,,,,,
USW00094053,"TORRINGTON MUNICIPAL AIRPORT, WY US",2/21/2008,2.68,0,,48.00,22.00,,,,,,,,,,,,,
USW00094053,"TORRINGTON MUNICIPAL AIRPORT, WY US",2/22/2008,2.68,0,,53.00,22.00,,,,,,,,,,,,,
USW00094053,"TORRINGTON MUNICIPAL AIRPORT, WY US",2/23/2008,5.82,0,,54.00,24.00,,,,,,,,,,,,,
USW00094053,"TORRINGTON MUNICIPAL AIRPORT, WY US",2/24/2008,9.17,0,,55.00,29.00,,,,,,,,,,,,,
USW00094053,"TORRINGTON MUNICIPAL AIRPORT, WY US",2/25/2008,14.32,0,,41.00,25.00,,,,,,,,,,,,,
USW00094053,"TORRINGTON MUNICIPAL AIRPORT, WY US",2/26/2008,7.16,0,,47.00,19.00,,,,,,,,,,,,,
USW00094053,"TORRINGTON MUNICIPAL AIRPORT, WY US",2/27/2008,6.71,0,,54.00,26.00,,,,,,,,,,,,,
USW00094053,"TORRINGTON MUNICIPAL AIRPORT, WY US",2/28/2008,10.29,0.01,,56.00,36.00,,,,,,,,,,,,,
USW00094053,"TORRINGTON MUNICIPAL AIRPORT, WY US",2/29/2008,8.28,0,,61.00,31.00,,,,,,,,,,,,,
USW00094053,"TORRINGTON MUNICIPAL AIRPORT, WY US",3/1/2008,10.51,0,,71.00,38.00,,,,,,,,,,,,,
USW00094053,"TORRINGTON MUNICIPAL AIRPORT, WY US",3/2/2008,19.24,0,,45.00,23.00,,,,,,,,,,,,,
USW00094053,"TORRINGTON MUNICIPAL AIRPORT, WY US",3/3/2008,11.41,0,,46.00,18.00,,,,,,,,,,,,,
USW00094053,"TORRINGTON MUNICIPAL AIRPORT, WY US",3/4/2008,18.34,0.01,,46.00,27.00,,,,,,,,,,,,,
USW00094053,"TORRINGTON MUNICIPAL AIRPORT, WY US",3/5/2008,10.96,0,,35.00,17.00,,,,,,,,,,,,,
USW00094053,"TORRINGTON MUNICIPAL AIRPORT, WY US",3/6/2008,9.84,0,,43.00,17.00,,,,,,,,,,,,,
USW00094053,"TORRINGTON MUNICIPAL AIRPORT, WY US",3/7/2008,7.61,0,,50.00,17.00,,,,,,,,,,,,,
USW00094053,"TORRINGTON MUNICIPAL AIRPORT, WY US",3/8/2008,13.42,0,,51.00,29.00,,,,,,,,,,,,,
USW00094053,"TORRINGTON MUNICIPAL AIRPORT, WY US",3/9/2008,9.84,0,,51.00,25.00,,,,,,,,,,,,,
USW00094053,"TORRINGTON MUNICIPAL AIRPORT, WY US",3/10/2008,6.71,0,,57.00,19.00,,,,,,,,,,,,,
USW00094053,"TORRINGTON MUNICIPAL AIRPORT, WY US",3/11/2008,13.2,0,,65.00,25.00,,,,,,,,,,,,,
USW00094053,"TORRINGTON MUNICIPAL AIRPORT, WY US",3/12/2008,15.66,0,,56.00,35.00,,,,,,,,,,,,,
USW00094053,"TORRINGTON MUNICIPAL AIRPORT, WY US",3/13/2008,8.28,0.01,,52.00,32.00,,,,,,,,,,,,,
USW00094053,"TORRINGTON MUNICIPAL AIRPORT, WY US",3/14/2008,8.95,0.02,,40.00,27.00,,,,,,,,,,,,,
USW00094053,"TORRINGTON MUNICIPAL AIRPORT, WY US",3/15/2008,6.93,0,,49.00,25.00,,,,,,,,,,,,,
USW00094053,"TORRINGTON MUNICIPAL AIRPORT, WY US",3/16/2008,13.87,0.05,,40.00,30.00,,,,,,,,,,,,,
USW00094053,"TORRINGTON MUNICIPAL AIRPORT, WY US",3/17/2008,5.59,0,,48.00,30.00,,,,,,,,,,,,,
USW00094053,"TORRINGTON MUNICIPAL AIRPORT, WY US",3/18/2008,9.17,0,,51.00,26.00,,,,,,,,,,,,,
USW00094053,"TORRINGTON MUNICIPAL AIRPORT, WY US",3/19/2008,12.3,0,,56.00,28.00,,,,,,,,,,,,,
USW00094053,"TORRINGTON MUNICIPAL AIRPORT, WY US",3/20/2008,13.42,0,,63.00,29.00,,,,,,,,,,,,,
USW00094053,"TORRINGTON MUNICIPAL AIRPORT, WY US",3/21/2008,8.95,0.01,,51.00,24.00,,,,,,,,,,,,,
USW00094053,"TORRINGTON MUNICIPAL AIRPORT, WY US",3/22/2008,6.93,0.05,,34.00,20.00,,,,,,,,,,,,,
USW00094053,"TORRINGTON MUNICIPAL AIRPORT, WY US",3/23/2008,5.37,0,,51.00,16.00,,,,,,,,,,,,,
USW00094053,"TORRINGTON MUNICIPAL AIRPORT, WY US",3/24/2008,21.47,0,,65.00,32.00,,,,,,,,,,,,,
USW00094053,"TORRINGTON MUNICIPAL AIRPORT, WY US",3/25/2008,7.61,0,,56.00,30.00,,,,,,,,,,,,,
USW00094053,"TORRINGTON MUNICIPAL AIRPORT, WY US",3/26/2008,8.5,0,,62.00,26.00,,,,,,,,,,,,,
USW00094053,"TORRINGTON MUNICIPAL AIRPORT, WY US",3/27/2008,11.18,0,,51.00,29.00,,,,,,,,,,,,,
USW00094053,"TORRINGTON MUNICIPAL AIRPORT, WY US",3/28/2008,11.18,0,,53.00,20.00,,,,,,,,,,,,,
USW00094053,"TORRINGTON MUNICIPAL AIRPORT, WY US",3/29/2008,16.11,0,,67.00,34.00,,,,,,,,,,,,,
USW00094053,"TORRINGTON MUNICIPAL AIRPORT, WY US",3/30/2008,11.41,0.08,,34.00,25.00,,,,,,,,,,,,,
USW00094053,"TORRINGTON MUNICIPAL AIRPORT, WY US",3/31/2008,10.96,0,,40.00,24.00,,,,,,,,,,,,,
USW00094053,"TORRINGTON MUNICIPAL AIRPORT, WY US",4/1/2008,,0,,47.00,19.00,,,,,,,,,,,,,
USW00094053,"TORRINGTON MUNICIPAL AIRPORT, WY US",4/2/2008,,0.19,,52.00,23.00,,,,,,,,,,,,,
USW00094053,"TORRINGTON MUNICIPAL AIRPORT, WY US",4/3/2008,,0,,51.00,29.00,,,,,,,,,,,,,
USW00094053,"TORRINGTON MUNICIPAL AIRPORT, WY US",4/4/2008,,0,,59.00,25.00,,,,,,,,,,,,,
USW00094053,"TORRINGTON MUNICIPAL AIRPORT, WY US",4/5/2008,,0,,60.00,32.00,,,,,,,,,,,,,
USW00094053,"TORRINGTON MUNICIPAL AIRPORT, WY US",4/6/2008,,0,,53.00,26.00,,,,,,,,,,,,,
USW00094053,"TORRINGTON MUNICIPAL AIRPORT, WY US",4/7/2008,,0,,44.00,29.00,,,,,,,,,,,,,
USW00094053,"TORRINGTON MUNICIPAL AIRPORT, WY US",4/8/2008,,0,,55.00,25.00,,,,,,,,,,,,,
USW00094053,"TORRINGTON MUNICIPAL AIRPORT, WY US",4/9/2008,,0.05,,47.00,32.00,,,,,,,,,,,,,
USW00094053,"TORRINGTON MUNICIPAL AIRPORT, WY US",4/10/2008,,0.17,,35.00,31.00,,,,,,,,,,,,,
USW00094053,"TORRINGTON MUNICIPAL AIRPORT, WY US",4/11/2008,,0,,46.00,33.00,,,,,,,,,,,,,
USW00094053,"TORRINGTON MUNICIPAL AIRPORT, WY US",4/12/2008,,0,,50.00,29.00,,,,,,,,,,,,,
USW00094053,"TORRINGTON MUNICIPAL AIRPORT, WY US",4/13/2008,,0,,64.00,24.00,,,,,,,,,,,,,
USW00094053,"TORRINGTON MUNICIPAL AIRPORT, WY US",4/14/2008,,0,,78.00,30.00,,,,,,,,,,,,,
USW00094053,"TORRINGTON MUNICIPAL AIRPORT, WY US",4/15/2008,,0,,,,,,,,,,,,,,,,
USW00094053,"TORRINGTON MUNICIPAL AIRPORT, WY US",4/16/2008,,0,,49.00,32.00,,,,,,,,,,,,,
USW00094053,"TORRINGTON MUNICIPAL AIRPORT, WY US",4/17/2008,,0,,54.00,,,,,,,,,,,,,,
USW00094053,"TORRINGTON MUNICIPAL AIRPORT, WY US",4/18/2008,,0,,69.00,23.00,,,,,,,,,,,,,
USW00094053,"TORRINGTON MUNICIPAL AIRPORT, WY US",4/19/2008,,0,,80.00,33.00,,,,,,,,,,,,,
USW00094053,"TORRINGTON MUNICIPAL AIRPORT, WY US",4/20/2008,,0,,78.00,36.00,,,,,,,,,,,,,
USW00094053,"TORRINGTON MUNICIPAL AIRPORT, WY US",4/21/2008,,0,,52.00,25.00,,,,,,,,,,,,,
USW00094053,"TORRINGTON MUNICIPAL AIRPORT, WY US",4/22/2008,,0,,70.00,34.00,,,,,,,,,,,,,
USW00094053,"TORRINGTON MUNICIPAL AIRPORT, WY US",4/23/2008,,0,,78.00,45.00,,,,,,,,,,,,,
USW00094053,"TORRINGTON MUNICIPAL AIRPORT, WY US",4/29/2008,,0,,82.00,31.00,,,,,,,,,,,,,
USW00094053,"TORRINGTON MUNICIPAL AIRPORT, WY US",4/30/2008,,0.63,,80.00,37.00,,,,,,,,,,,,,
USW00094053,"TORRINGTON MUNICIPAL AIRPORT, WY US",5/1/2008,26.84,0.02,,43.00,35.00,,,,,,,,,,,,,
USW00094053,"TORRINGTON MUNICIPAL AIRPORT, WY US",5/2/2008,27.51,0,,39.00,26.00,,,,,,,,,,,,,
USW00094053,"TORRINGTON MUNICIPAL AIRPORT, WY US",5/3/2008,6.26,0,,60.00,23.00,,,,,,,,,,,,,
USW00094053,"TORRINGTON MUNICIPAL AIRPORT, WY US",5/4/2008,5.59,0,,68.00,32.00,,,,,,,,,,,,,
USW00094053,"TORRINGTON MUNICIPAL AIRPORT, WY US",5/5/2008,3.58,0,,76.00,36.00,,,,,,,,,,,,,
USW00094053,"TORRINGTON MUNICIPAL AIRPORT, WY US",5/6/2008,10.96,0,,78.00,50.00,,,,,,,,,,,,,
USW00094053,"TORRINGTON MUNICIPAL AIRPORT, WY US",5/7/2008,12.75,0.34,,72.00,49.00,,,,,,,,,,,,,
USW00094053,"TORRINGTON MUNICIPAL AIRPORT, WY US",5/8/2008,10.07,0.05,,60.00,40.00,,,,,,,,,,,,,
USW00094053,"TORRINGTON MUNICIPAL AIRPORT, WY US",5/9/2008,5.82,0.02,,64.00,37.00,,,,,,,,,,,,,
USW00094053,"TORRINGTON MUNICIPAL AIRPORT, WY US",5/10/2008,15.66,0.06,,48.00,31.00,,,,,,,,,,,,,
USW00094053,"TORRINGTON MUNICIPAL AIRPORT, WY US",5/11/2008,6.04,0,,76.00,28.00,,,,,,,,,,,,,
USW00094053,"TORRINGTON MUNICIPAL AIRPORT, WY US",5/12/2008,13.87,0.04,,62.00,44.00,,,,,,,,,,,,,
USW00094053,"TORRINGTON MUNICIPAL AIRPORT, WY US",5/13/2008,10.96,0,,57.00,38.00,,,,,,,,,,,,,
USW00094053,"TORRINGTON MUNICIPAL AIRPORT, WY US",5/14/2008,8.72,0,,65.00,31.00,,,,,,,,,,,,,
USW00094053,"TORRINGTON MUNICIPAL AIRPORT, WY US",5/15/2008,12.75,0,,65.00,43.00,,,,,,,,,,,,,
USW00094053,"TORRINGTON MUNICIPAL AIRPORT, WY US",5/16/2008,14.09,0,,79.00,52.00,,,,,,,,,,,,,
USW00094053,"TORRINGTON MUNICIPAL AIRPORT, WY US",5/17/2008,12.08,0,,81.00,48.00,,,,,,,,,,,,,
USW00094053,"TORRINGTON MUNICIPAL AIRPORT, WY US",5/18/2008,9.62,0,,89.00,43.00,,,,,,,,,,,,,
USW00094053,"TORRINGTON MUNICIPAL AIRPORT, WY US",5/19/2008,11.18,0,,80.00,52.00,,,,,,,,,,,,,
USW00094053,"TORRINGTON MUNICIPAL AIRPORT, WY US",5/20/2008,6.04,0,,84.00,44.00,,,,,,,,,,,,,
USW00094053,"TORRINGTON MUNICIPAL AIRPORT, WY US",5/21/2008,19.69,0.01,,79.00,52.00,,,,,,,,,,,,,
USW00094053,"TORRINGTON MUNICIPAL AIRPORT, WY US",5/22/2008,21.92,0.58,,59.00,45.00,,,,,,,,,,,,,
USW00094053,"TORRINGTON MUNICIPAL AIRPORT, WY US",5/23/2008,17,1.17,,64.00,47.00,,,,,,,,,,,,,
USW00094053,"TORRINGTON MUNICIPAL AIRPORT, WY US",5/24/2008,12.3,0.13,,69.00,42.00,,,,,,,,,,,,,
USW00094053,"TORRINGTON MUNICIPAL AIRPORT, WY US",5/25/2008,11.41,0,,74.00,46.00,,,,,,,,,,,,,
USW00094053,"TORRINGTON MUNICIPAL AIRPORT, WY US",5/26/2008,9.84,0.21,,52.00,41.00,,,,,,,,,,,,,
USW00094053,"TORRINGTON MUNICIPAL AIRPORT, WY US",5/27/2008,10.07,0.02,,53.00,40.00,,,,,,,,,,,,,
USW00094053,"TORRINGTON MUNICIPAL AIRPORT, WY US",5/28/2008,16.33,0,,68.00,45.00,,,,,,,,,,,,,
USW00094053,"TORRINGTON MUNICIPAL AIRPORT, WY US",5/29/2008,8.72,0.01,,78.00,47.00,,,,,,,,,,,,,
USW00094053,"TORRINGTON MUNICIPAL AIRPORT, WY US",5/30/2008,9.4,0,,76.00,45.00,,,,,,,,,,,,,
USW00094053,"TORRINGTON MUNICIPAL AIRPORT, WY US",5/31/2008,4.92,0,,78.00,49.00,,,,,,,,,,,,,
USW00094053,"TORRINGTON MUNICIPAL AIRPORT, WY US",6/1/2008,9.4,0,,81.00,50.00,,,,,,,,,,,,,
USW00094053,"TORRINGTON MUNICIPAL AIRPORT, WY US",6/2/2008,8.72,0,,76.00,53.00,,,,,,,,,,,,,
USW00094053,"TORRINGTON MUNICIPAL AIRPORT, WY US",6/3/2008,9.4,0.05,,81.00,54.00,,,,,,,,,,,,,
USW00094053,"TORRINGTON MUNICIPAL AIRPORT, WY US",6/4/2008,7.16,0.96,,69.00,44.00,,,,,,,,,,,,,
USW00094053,"TORRINGTON MUNICIPAL AIRPORT, WY US",6/5/2008,14.32,0.01,,61.00,49.00,,,,,,,,,,,,,
USW00094053,"TORRINGTON MUNICIPAL AIRPORT, WY US",6/6/2008,12.53,0,,78.00,44.00,,,,,,,,,,,,,
USW00094053,"TORRINGTON MUNICIPAL AIRPORT, WY US",6/7/2008,8.5,0.06,,69.00,45.00,,,,,,,,,,,,,
USW00094053,"TORRINGTON MUNICIPAL AIRPORT, WY US",6/8/2008,13.42,0,,71.00,48.00,,,,,,,,,,,,,
USW00094053,"TORRINGTON MUNICIPAL AIRPORT, WY US",6/9/2008,6.04,0,,72.00,41.00,,,,,,,,,,,,,
USW00094053,"TORRINGTON MUNICIPAL AIRPORT, WY US",6/10/2008,16.11,0,,90.00,47.00,,,,,,,,,,,,,
USW00094053,"TORRINGTON MUNICIPAL AIRPORT, WY US",6/11/2008,16.78,0,,62.00,48.00,,,,,,,,,,,,,
USW00094053,"TORRINGTON MUNICIPAL AIRPORT, WY US",6/12/2008,15.43,0,,70.00,44.00,,,,,,,,,,,,,
USW00094053,"TORRINGTON MUNICIPAL AIRPORT, WY US",6/13/2008,8.28,0,,79.00,41.00,,,,,,,,,,,,,
USW00094053,"TORRINGTON MUNICIPAL AIRPORT, WY US",6/14/2008,8.28,0,,89.00,42.00,,,,,,,,,,,,,
USW00094053,"TORRINGTON MUNICIPAL AIRPORT, WY US",6/15/2008,9.62,0,,82.00,51.00,,,,,,,,,,,,,
USW00094053,"TORRINGTON MUNICIPAL AIRPORT, WY US",6/16/2008,14.54,0.09,,77.00,53.00,,,,,,,,,,,,,
USW00094053,"TORRINGTON MUNICIPAL AIRPORT, WY US",6/17/2008,6.93,0.01,,89.00,53.00,,,,,,,,,,,,,
USW00094053,"TORRINGTON MUNICIPAL AIRPORT, WY US",6/18/2008,9.62,0,,82.00,56.00,,,,,,,,,,,,,
USW00094053,"TORRINGTON MUNICIPAL AIRPORT, WY US",6/19/2008,7.61,0.1,,78.00,53.00,,,,,,,,,,,,,
USW00094053,"TORRINGTON MUNICIPAL AIRPORT, WY US",6/20/2008,5.82,0.01,,81.00,53.00,,,,,,,,,,,,,
USW00094053,"TORRINGTON MUNICIPAL AIRPORT, WY US",6/21/2008,4.47,0,,86.00,50.00,,,,,,,,,,,,,
USW00094053,"TORRINGTON MUNICIPAL AIRPORT, WY US",6/22/2008,9.17,0.05,,90.00,53.00,,,,,,,,,,,,,
USW00094053,"TORRINGTON MUNICIPAL AIRPORT, WY US",6/23/2008,8.05,0,,86.00,55.00,,,,,,,,,,,,,
USW00094053,"TORRINGTON MUNICIPAL AIRPORT, WY US",6/24/2008,6.26,0,,94.00,54.00,,,,,,,,,,,,,
USW00094053,"TORRINGTON MUNICIPAL AIRPORT, WY US",6/25/2008,8.05,0,,88.00,57.00,,,,,,,,,,,,,
USW00094053,"TORRINGTON MUNICIPAL AIRPORT, WY US",6/26/2008,6.71,0,,94.00,54.00,,,,,,,,,,,,,
USW00094053,"TORRINGTON MUNICIPAL AIRPORT, WY US",6/27/2008,10.07,0,,83.00,55.00,,,,,,,,,,,,,
USW00094053,"TORRINGTON MUNICIPAL AIRPORT, WY US",6/28/2008,12.08,0,,79.00,53.00,,,,,,,,,,,,,
USW00094053,"TORRINGTON MUNICIPAL AIRPORT, WY US",6/29/2008,5.37,0,,84.00,43.00,,,,,,,,,,,,,
USW00094053,"TORRINGTON MUNICIPAL AIRPORT, WY US",6/30/2008,7.61,0,,95.00,52.00,,,,,,,,,,,,,
USW00094053,"TORRINGTON MUNICIPAL AIRPORT, WY US",7/1/2008,8.95,0,,95.00,59.00,,,,,,,,,,,,,
USW00094053,"TORRINGTON MUNICIPAL AIRPORT, WY US",7/2/2008,11.63,0.16,,79.00,59.00,,,,,,,,,,,,,
USW00094053,"TORRINGTON MUNICIPAL AIRPORT, WY US",7/3/2008,10.74,0,,80.00,57.00,,,,,,,,,,,,,
USW00094053,"TORRINGTON MUNICIPAL AIRPORT, WY US",7/4/2008,8.05,0.05,,97.00,57.00,,,,,,,,,,,,,
USW00094053,"TORRINGTON MUNICIPAL AIRPORT, WY US",7/5/2008,8.28,0.22,,99.00,63.00,,,,,,,,,,,,,
USW00094053,"TORRINGTON MUNICIPAL AIRPORT, WY US",7/6/2008,7.61,0,,83.00,61.00,,,,,,,,,,,,,
USW00094053,"TORRINGTON MUNICIPAL AIRPORT, WY US",7/7/2008,8.72,0,,87.00,59.00,,,,,,,,,,,,,
USW00094053,"TORRINGTON MUNICIPAL AIRPORT, WY US",7/8/2008,8.95,0,,89.00,57.00,,,,,,,,,,,,,
USW00094053,"TORRINGTON MUNICIPAL AIRPORT, WY US",7/9/2008,10.51,0.02,,93.00,57.00,,,,,,,,,,,,,
USW00094053,"TORRINGTON MUNICIPAL AIRPORT, WY US",7/10/2008,4.92,0,,96.00,55.00,,,,,,,,,,,,,
USW00094053,"TORRINGTON MUNICIPAL AIRPORT, WY US",7/11/2008,12.08,0,,86.00,54.00,,,,,,,,,,,,,
USW00094053,"TORRINGTON MUNICIPAL AIRPORT, WY US",7/12/2008,6.49,0,,83.00,47.00,,,,,,,,,,,,,
USW00094053,"TORRINGTON MUNICIPAL AIRPORT, WY US",7/13/2008,5.59,0,,93.00,47.00,,,,,,,,,,,,,
USW00094053,"TORRINGTON MUNICIPAL AIRPORT, WY US",7/14/2008,6.49,0,,94.00,52.00,,,,,,,,,,,,,
USW00094053,"TORRINGTON MUNICIPAL AIRPORT, WY US",7/15/2008,7.61,0,,95.00,54.00,,,,,,,,,,,,,
USW00094053,"TORRINGTON MUNICIPAL AIRPORT, WY US",7/16/2008,6.93,0,,99.00,56.00,,,,,,,,,,,,,
USW00094053,"TORRINGTON MUNICIPAL AIRPORT, WY US",7/17/2008,7.83,0,,87.00,63.00,,,,,,,,,,,,,
USW00094053,"TORRINGTON MUNICIPAL AIRPORT, WY US",7/18/2008,12.3,0,,93.00,59.00,,,,,,,,,,,,,
USW00094053,"TORRINGTON MUNICIPAL AIRPORT, WY US",7/19/2008,7.61,0,,94.00,59.00,,,,,,,,,,,,,
USW00094053,"TORRINGTON MUNICIPAL AIRPORT, WY US",7/20/2008,7.83,0,,97.00,64.00,,,,,,,,,,,,,
USW00094053,"TORRINGTON MUNICIPAL AIRPORT, WY US",7/21/2008,8.05,0,,96.00,63.00,,,,,,,,,,,,,
USW00094053,"TORRINGTON MUNICIPAL AIRPORT, WY US",7/22/2008,12.75,0,,94.00,61.00,,,,,,,,,,,,,
USW00094053,"TORRINGTON MUNICIPAL AIRPORT, WY US",7/23/2008,7.83,0.67,,96.00,63.00,,,,,,,,,,,,,
USW00094053,"TORRINGTON MUNICIPAL AIRPORT, WY US",7/24/2008,6.26,0.17,,92.00,60.00,,,,,,,,,,,,,
USW00094053,"TORRINGTON MUNICIPAL AIRPORT, WY US",7/25/2008,8.05,0.06,,87.00,58.00,,,,,,,,,,,,,
USW00094053,"TORRINGTON MUNICIPAL AIRPORT, WY US",7/26/2008,10.51,0,,94.00,58.00,,,,,,,,,,,,,
USW00094053,"TORRINGTON MUNICIPAL AIRPORT, WY US",7/27/2008,6.71,0,,100.00,63.00,,,,,,,,,,,,,
USW00094053,"TORRINGTON MUNICIPAL AIRPORT, WY US",7/28/2008,6.71,0,,97.00,63.00,,,,,,,,,,,,,
USW00094053,"TORRINGTON MUNICIPAL AIRPORT, WY US",7/29/2008,6.71,0,,95.00,57.00,,,,,,,,,,,,,
USW00094053,"TORRINGTON MUNICIPAL AIRPORT, WY US",7/30/2008,7.16,0,,99.00,57.00,,,,,,,,,,,,,
USW00094053,"TORRINGTON MUNICIPAL AIRPORT, WY US",7/31/2008,11.18,0,,91.00,65.00,,,,,,,,,,,,,
USW00094053,"TORRINGTON MUNICIPAL AIRPORT, WY US",8/1/2008,10.96,0,,96.00,63.00,,,,,,,,,,,,,
USW00094053,"TORRINGTON MUNICIPAL AIRPORT, WY US",8/2/2008,5.37,0,,102.00,0.00,,,,,,,,,,,,,
USW00094053,"TORRINGTON MUNICIPAL AIRPORT, WY US",8/3/2008,8.5,0,,91.00,59.00,,,,,,,,,,,,,
USW00094053,"TORRINGTON MUNICIPAL AIRPORT, WY US",8/4/2008,10.51,0.99,,88.00,58.00,,,,,,,,,,,,,
USW00094053,"TORRINGTON MUNICIPAL AIRPORT, WY US",8/5/2008,10.29,0.02,,85.00,62.00,,,,,,,,,,,,,
USW00094053,"TORRINGTON MUNICIPAL AIRPORT, WY US",8/6/2008,9.17,0,,86.00,62.00,,,,,,,,,,,,,
USW00094053,"TORRINGTON MUNICIPAL AIRPORT, WY US",8/7/2008,10.51,0,,86.00,62.00,,,,,,,,,,,,,
USW00094053,"TORRINGTON MUNICIPAL AIRPORT, WY US",8/8/2008,8.28,0.46,,87.00,59.00,,,,,,,,,,,,,
USW00094053,"TORRINGTON MUNICIPAL AIRPORT, WY US",8/9/2008,3.58,0.01,,87.00,61.00,,,,,,,,,,,,,
USW00094053,"TORRINGTON MUNICIPAL AIRPORT, WY US",8/10/2008,5.82,0.12,,87.00,60.00,,,,,,,,,,,,,
USW00094053,"TORRINGTON MUNICIPAL AIRPORT, WY US",8/11/2008,6.26,0.02,,84.00,56.00,,,,,,,,,,,,,
USW00094053,"TORRINGTON MUNICIPAL AIRPORT, WY US",8/12/2008,7.16,0.01,,90.00,56.00,,,,,,,,,,,,,
USW00094053,"TORRINGTON MUNICIPAL AIRPORT, WY US",8/13/2008,7.61,0.21,,86.00,55.00,,,,,,,,,,,,,
USW00094053,"TORRINGTON MUNICIPAL AIRPORT, WY US",8/14/2008,6.49,0.31,,77.00,53.00,,,,,,,,,,,,,
USW00094053,"TORRINGTON MUNICIPAL AIRPORT, WY US",8/15/2008,6.71,1.12,,56.00,52.00,,,,,,,,,,,,,
USW00094053,"TORRINGTON MUNICIPAL AIRPORT, WY US",8/16/2008,10.74,0.03,,73.00,52.00,,,,,,,,,,,,,
USW00094053,"TORRINGTON MUNICIPAL AIRPORT, WY US",8/17/2008,7.16,0.01,,76.00,49.00,,,,,,,,,,,,,
USW00094053,"TORRINGTON MUNICIPAL AIRPORT, WY US",8/18/2008,5.37,0.01,,81.00,50.00,,,,,,,,,,,,,
USW00094053,"TORRINGTON MUNICIPAL AIRPORT, WY US",8/19/2008,11.41,0,,87.00,54.00,,,,,,,,,,,,,
USW00094053,"TORRINGTON MUNICIPAL AIRPORT, WY US",8/20/2008,11.63,0,,89.00,57.00,,,,,,,,,,,,,
USW00094053,"TORRINGTON MUNICIPAL AIRPORT, WY US",8/21/2008,6.93,0,,94.00,54.00,,,,,,,,,,,,,
USW00094053,"TORRINGTON MUNICIPAL AIRPORT, WY US",8/22/2008,10.07,0,,79.00,53.00,,,,,,,,,,,,,
USW00094053,"TORRINGTON MUNICIPAL AIRPORT, WY US",8/23/2008,12.53,0,,83.00,46.00,,,,,,,,,,,,,
USW00094053,"TORRINGTON MUNICIPAL AIRPORT, WY US",8/24/2008,7.83,0,,82.00,57.00,,,,,,,,,,,,,
USW00094053,"TORRINGTON MUNICIPAL AIRPORT, WY US",8/25/2008,9.84,0.01,,92.00,58.00,,,,,,,,,,,,,
USW00094053,"TORRINGTON MUNICIPAL AIRPORT, WY US",8/26/2008,10.51,0,,97.00,55.00,,,,,,,,,,,,,
USW00094053,"TORRINGTON MUNICIPAL AIRPORT, WY US",8/27/2008,9.62,0,,89.00,52.00,,,,,,,,,,,,,
USW00094053,"TORRINGTON MUNICIPAL AIRPORT, WY US",8/28/2008,6.26,0,,78.00,47.00,,,,,,,,,,,,,
USW00094053,"TORRINGTON MUNICIPAL AIRPORT, WY US",8/29/2008,6.04,0,,87.00,48.00,,,,,,,,,,,,,
USW00094053,"TORRINGTON MUNICIPAL AIRPORT, WY US",8/30/2008,13.2,0,,94.00,58.00,,,,,,,,,,,,,
USW00094053,"TORRINGTON MUNICIPAL AIRPORT, WY US",8/31/2008,8.5,0.1,,92.00,55.00,,,,,,,,,,,,,
USW00094053,"TORRINGTON MUNICIPAL AIRPORT, WY US",9/1/2008,6.49,0.5,,82.00,49.00,,,,,,,,,,,,,
USW00094053,"TORRINGTON MUNICIPAL AIRPORT, WY US",9/2/2008,7.61,0,,67.00,42.00,,,,,,,,,,,,,
USW00094053,"TORRINGTON MUNICIPAL AIRPORT, WY US",9/3/2008,14.99,0,,72.00,42.00,,,,,,,,,,,,,
USW00094053,"TORRINGTON MUNICIPAL AIRPORT, WY US",9/4/2008,8.05,0,,72.00,43.00,,,,,,,,,,,,,
USW00094053,"TORRINGTON MUNICIPAL AIRPORT, WY US",9/5/2008,6.26,0.37,,64.00,47.00,,,,,,,,,,,,,
USW00094053,"TORRINGTON MUNICIPAL AIRPORT, WY US",9/6/2008,3.58,0.22,,66.00,42.00,,,,,,,,,,,,,
USW00094053,"TORRINGTON MUNICIPAL AIRPORT, WY US",9/7/2008,10.07,0.1,,55.00,41.00,,,,,,,,,,,,,
USW00094053,"TORRINGTON MUNICIPAL AIRPORT, WY US",9/8/2008,5.82,0.01,,61.00,40.00,,,,,,,,,,,,,
USW00094053,"TORRINGTON MUNICIPAL AIRPORT, WY US",9/9/2008,8.95,0,,80.00,47.00,,,,,,,,,,,,,
USW00094053,"TORRINGTON MUNICIPAL AIRPORT, WY US",9/10/2008,8.28,0.01,,79.00,52.00,,,,,,,,,,,,,
USW00094053,"TORRINGTON MUNICIPAL AIRPORT, WY US",9/11/2008,6.93,0,,66.00,45.00,,,,,,,,,,,,,
USW00094053,"TORRINGTON MUNICIPAL AIRPORT, WY US",9/12/2008,5.14,0.27,,59.00,45.00,,,,,,,,,,,,,
USW00094053,"TORRINGTON MUNICIPAL AIRPORT, WY US",9/13/2008,11.86,0,,74.00,44.00,,,,,,,,,,,,,
USW00094053,"TORRINGTON MUNICIPAL AIRPORT, WY US",9/14/2008,5.82,0,,64.00,37.00,,,,,,,,,,,,,
USW00094053,"TORRINGTON MUNICIPAL AIRPORT, WY US",9/15/2008,4.03,0,,76.00,37.00,,,,,,,,,,,,,
USW00094053,"TORRINGTON MUNICIPAL AIRPORT, WY US",9/16/2008,3.58,0,,84.00,40.00,,,,,,,,,,,,,
USW00094053,"TORRINGTON MUNICIPAL AIRPORT, WY US",9/17/2008,5.82,0,,85.00,42.00,,,,,,,,,,,,,
USW00094053,"TORRINGTON MUNICIPAL AIRPORT, WY US",9/18/2008,6.26,0,,85.00,44.00,,,,,,,,,,,,,
USW00094053,"TORRINGTON MUNICIPAL AIRPORT, WY US",9/19/2008,4.25,0,,80.00,47.00,,,,,,,,,,,,,
USW00094053,"TORRINGTON MUNICIPAL AIRPORT, WY US",9/20/2008,7.83,0.01,,83.00,44.00,,,,,,,,,,,,,
USW00094053,"TORRINGTON MUNICIPAL AIRPORT, WY US",9/21/2008,7.16,0.02,,82.00,53.00,,,,,,,,,,,,,
USW00094053,"TORRINGTON MUNICIPAL AIRPORT, WY US",9/22/2008,5.59,0.01,,74.00,46.00,,,,,,,,,,,,,
USW00094053,"TORRINGTON MUNICIPAL AIRPORT, WY US",9/23/2008,11.41,0,,75.00,39.00,,,,,,,,,,,,,
USW00094053,"TORRINGTON MUNICIPAL AIRPORT, WY US",9/24/2008,5.37,0,,83.00,38.00,,,,,,,,,,,,,
USW00094053,"TORRINGTON MUNICIPAL AIRPORT, WY US",9/25/2008,4.7,0,,91.00,44.00,,,,,,,,,,,,,
USW00094053,"TORRINGTON MUNICIPAL AIRPORT, WY US",9/26/2008,6.04,0,,87.00,43.00,,,,,,,,,,,,,
USW00094053,"TORRINGTON MUNICIPAL AIRPORT, WY US",9/27/2008,9.17,0,,80.00,51.00,,,,,,,,,,,,,
USW00094053,"TORRINGTON MUNICIPAL AIRPORT, WY US",9/28/2008,10.29,0,,83.00,43.00,,,,,,,,,,,,,
USW00094053,"TORRINGTON MUNICIPAL AIRPORT, WY US",9/29/2008,5.82,0,,73.00,35.00,,,,,,,,,,,,,
USW00094053,"TORRINGTON MUNICIPAL AIRPORT, WY US",9/30/2008,3.8,0,,80.00,36.00,,,,,,,,,,,,,
USW00094053,"TORRINGTON MUNICIPAL AIRPORT, WY US",10/1/2008,5.37,0,,78.00,37.00,,,,,,,,,,,,,
USW00094053,"TORRINGTON MUNICIPAL AIRPORT, WY US",10/2/2008,4.7,0,,85.00,39.00,,,,,,,,,,,,,
USW00094053,"TORRINGTON MUNICIPAL AIRPORT, WY US",10/3/2008,7.16,0,,79.00,38.00,,,,,,,,,,,,,
USW00094053,"TORRINGTON MUNICIPAL AIRPORT, WY US",10/4/2008,10.51,0,,71.00,48.00,,,,,,,,,,,,,
USW00094053,"TORRINGTON MUNICIPAL AIRPORT, WY US",10/5/2008,7.83,0,,70.00,50.00,,,,,,,,,,,,,
USW00094053,"TORRINGTON MUNICIPAL AIRPORT, WY US",10/6/2008,9.4,0,,67.00,36.00,,,,,,,,,,,,,
USW00094053,"TORRINGTON MUNICIPAL AIRPORT, WY US",10/7/2008,5.37,0,,75.00,26.00,,,,,,,,,,,,,
USW00094053,"TORRINGTON MUNICIPAL AIRPORT, WY US",10/8/2008,8.95,0,,70.00,45.00,,,,,,,,,,,,,
USW00094053,"TORRINGTON MUNICIPAL AIRPORT, WY US",10/9/2008,15.21,0,,58.00,40.00,,,,,,,,,,,,,
USW00094053,"TORRINGTON MUNICIPAL AIRPORT, WY US",10/10/2008,10.96,0,,44.00,35.00,,,,,,,,,,,,,
USW00094053,"TORRINGTON MUNICIPAL AIRPORT, WY US",10/11/2008,10.96,0.17,,37.00,33.00,,,,,,,,,,,,,
USW00094053,"TORRINGTON MUNICIPAL AIRPORT, WY US",10/12/2008,11.63,0.23,,45.00,30.00,,,,,,,,,,,,,
USW00094053,"TORRINGTON MUNICIPAL AIRPORT, WY US",10/13/2008,6.04,0,,53.00,21.00,,,,,,,,,,,,,
USW00094053,"TORRINGTON MUNICIPAL AIRPORT, WY US",10/14/2008,7.83,0,,64.00,21.00,,,,,,,,,,,,,
USW00094053,"TORRINGTON MUNICIPAL AIRPORT, WY US",10/15/2008,7.61,0,,58.00,27.00,,,,,,,,,,,,,
USW00094053,"TORRINGTON MUNICIPAL AIRPORT, WY US",10/16/2008,6.49,0,,68.00,32.00,,,,,,,,,,,,,
USW00094053,"TORRINGTON MUNICIPAL AIRPORT, WY US",10/17/2008,4.25,0,,72.00,30.00,,,,,,,,,,,,,
USW00094053,"TORRINGTON MUNICIPAL AIRPORT, WY US",10/18/2008,6.04,0,,79.00,34.00,,,,,,,,,,,,,
USW00094053,"TORRINGTON MUNICIPAL AIRPORT, WY US",10/19/2008,9.4,0,,70.00,34.00,,,,,,,,,,,,,
USW00094053,"TORRINGTON MUNICIPAL AIRPORT, WY US",10/20/2008,12.97,0,,57.00,38.00,,,,,,,,,,,,,
USW00094053,"TORRINGTON MUNICIPAL AIRPORT, WY US",10/21/2008,11.41,0.02,,58.00,36.00,,,,,,,,,,,,,
USW00094053,"TORRINGTON MUNICIPAL AIRPORT, WY US",10/22/2008,18.57,0,,47.00,30.00,,,,,,,,,,,,,
USW00094053,"TORRINGTON MUNICIPAL AIRPORT, WY US",10/23/2008,7.61,0,,55.00,22.00,,,,,,,,,,,,,
USW00094053,"TORRINGTON MUNICIPAL AIRPORT, WY US",10/24/2008,9.62,0,,58.00,25.00,,,,,,,,,,,,,
USW00094053,"TORRINGTON MUNICIPAL AIRPORT, WY US",10/25/2008,11.86,0,,73.00,28.00,,,,,,,,,,,,,
USW00094053,"TORRINGTON MUNICIPAL AIRPORT, WY US",10/26/2008,14.32,0,,41.00,20.00,,,,,,,,,,,,,
USW00094053,"TORRINGTON MUNICIPAL AIRPORT, WY US",10/27/2008,3.8,0,,62.00,14.00,,,,,,,,,,,,,
USW00094053,"TORRINGTON MUNICIPAL AIRPORT, WY US",10/28/2008,4.92,0,,75.00,23.00,,,,,,,,,,,,,
USW00094053,"TORRINGTON MUNICIPAL AIRPORT, WY US",10/29/2008,4.7,0,,78.00,27.00,,,,,,,,,,,,,
USW00094053,"TORRINGTON MUNICIPAL AIRPORT, WY US",10/30/2008,7.38,0,,74.00,34.00,,,,,,,,,,,,,
USW00094053,"TORRINGTON MUNICIPAL AIRPORT, WY US",10/31/2008,3.13,0,,76.00,27.00,,,,,,,,,,,,,
USW00094053,"TORRINGTON MUNICIPAL AIRPORT, WY US",11/1/2008,5.59,0,,76.00,33.00,,,,,,,,,,,,,
USW00094053,"TORRINGTON MUNICIPAL AIRPORT, WY US",11/2/2008,6.71,0,,80.00,35.00,,,,,,,,,,,,,
USW00094053,"TORRINGTON MUNICIPAL AIRPORT, WY US",11/3/2008,12.97,0,,64.00,39.00,,,,,,,,,,,,,
USW00094053,"TORRINGTON MUNICIPAL AIRPORT, WY US",11/4/2008,5.82,0,,53.00,36.00,,,,,,,,,,,,,
USW00094053,"TORRINGTON MUNICIPAL AIRPORT, WY US",11/5/2008,20.58,0,,45.00,33.00,,,,,,,,,,,,,
USW00094053,"TORRINGTON MUNICIPAL AIRPORT, WY US",11/6/2008,25.5,0.03,,36.00,31.00,,,,,,,,,,,,,
USW00094053,"TORRINGTON MUNICIPAL AIRPORT, WY US",11/7/2008,13.65,0,,48.00,27.00,,,,,,,,,,,,,
USW00094053,"TORRINGTON MUNICIPAL AIRPORT, WY US",11/8/2008,8.5,0,,49.00,34.00,,,,,,,,,,,,,
USW00094053,"TORRINGTON MUNICIPAL AIRPORT, WY US",11/9/2008,7.61,0,,56.00,26.00,,,,,,,,,,,,,
USW00094053,"TORRINGTON MUNICIPAL AIRPORT, WY US",11/10/2008,8.5,0,,43.00,28.00,,,,,,,,,,,,,
USW00094053,"TORRINGTON MUNICIPAL AIRPORT, WY US",11/11/2008,4.92,0.08,,53.00,33.00,,,,,,,,,,,,,
USW00094053,"TORRINGTON MUNICIPAL AIRPORT, WY US",11/12/2008,15.43,0,,53.00,36.00,,,,,,,,,,,,,
USW00094053,"TORRINGTON MUNICIPAL AIRPORT, WY US",11/13/2008,15.66,0.18,,58.00,35.00,,,,,,,,,,,,,
USW00094053,"TORRINGTON MUNICIPAL AIRPORT, WY US",11/14/2008,21.92,0,,38.00,23.00,,,,,,,,,,,,,
USW00094053,"TORRINGTON MUNICIPAL AIRPORT, WY US",11/15/2008,6.49,0,,54.00,18.00,,,,,,,,,,,,,
USW00094053,"TORRINGTON MUNICIPAL AIRPORT, WY US",11/16/2008,6.49,0,,63.00,27.00,,,,,,,,,,,,,
USW00094053,"TORRINGTON MUNICIPAL AIRPORT, WY US",11/17/2008,3.8,0,,60.00,22.00,,,,,,,,,,,,,
USW00094053,"TORRINGTON MUNICIPAL AIRPORT, WY US",11/18/2008,10.29,0,,76.00,26.00,,,,,,,,,,,,,
USW00094053,"TORRINGTON MUNICIPAL AIRPORT, WY US",11/19/2008,9.4,0,,58.00,30.00,,,,,,,,,,,,,
USW00094053,"TORRINGTON MUNICIPAL AIRPORT, WY US",11/20/2008,8.5,0,,33.00,23.00,,,,,,,,,,,,,
USW00094053,"TORRINGTON MUNICIPAL AIRPORT, WY US",11/21/2008,12.75,0,,53.00,23.00,,,,,,,,,,,,,
USW00094053,"TORRINGTON MUNICIPAL AIRPORT, WY US",11/22/2008,3.8,0,,60.00,17.00,,,,,,,,,,,,,
USW00094053,"TORRINGTON MUNICIPAL AIRPORT, WY US",11/23/2008,8.95,0,,43.00,20.00,,,,,,,,,,,,,
USW00094053,"TORRINGTON MUNICIPAL AIRPORT, WY US",11/24/2008,5.37,0,,62.00,13.00,,,,,,,,,,,,,
USW00094053,"TORRINGTON MUNICIPAL AIRPORT, WY US",11/25/2008,4.92,0,,59.00,20.00,,,,,,,,,,,,,
USW00094053,"TORRINGTON MUNICIPAL AIRPORT, WY US",11/26/2008,4.47,0,,64.00,16.00,,,,,,,,,,,,,
USW00094053,"TORRINGTON MUNICIPAL AIRPORT, WY US",11/27/2008,5.59,0,,40.00,21.00,,,,,,,,,,,,,
USW00094053,"TORRINGTON MUNICIPAL AIRPORT, WY US",11/28/2008,9.4,0,,47.00,18.00,,,,,,,,,,,,,
USW00094053,"TORRINGTON MUNICIPAL AIRPORT, WY US",11/29/2008,14.99,0,,42.00,21.00,,,,,,,,,,,,,
USW00094053,"TORRINGTON MUNICIPAL AIRPORT, WY US",11/30/2008,21.92,0,,39.00,29.00,,,,,,,,,,,,,
USW00094053,"TORRINGTON MUNICIPAL AIRPORT, WY US",12/1/2008,10.07,0,,56.00,22.00,,,,,,,,,,,,,
USW00094053,"TORRINGTON MUNICIPAL AIRPORT, WY US",12/2/2008,19.91,0.02,,63.00,25.00,,,,,,,,,,,,,
USW00094053,"TORRINGTON MUNICIPAL AIRPORT, WY US",12/3/2008,9.84,0,,25.00,18.00,,,,,,,,,,,,,
USW00094053,"TORRINGTON MUNICIPAL AIRPORT, WY US",12/4/2008,5.82,0,,20.00,-3.00,,,,,,,,,,,,,
USW00094053,"TORRINGTON MUNICIPAL AIRPORT, WY US",12/5/2008,11.41,0,,42.00,-4.00,,,,,,,,,,,,,
USW00094053,"TORRINGTON MUNICIPAL AIRPORT, WY US",12/6/2008,4.25,0,,51.00,28.00,,,,,,,,,,,,,
USW00094053,"TORRINGTON MUNICIPAL AIRPORT, WY US",12/7/2008,12.08,0,,60.00,30.00,,,,,,,,,,,,,
USW00094053,"TORRINGTON MUNICIPAL AIRPORT, WY US",12/8/2008,15.66,0,,49.00,20.00,,,,,,,,,,,,,
USW00094053,"TORRINGTON MUNICIPAL AIRPORT, WY US",12/9/2008,8.72,0,,34.00,12.00,,,,,,,,,,,,,
USW00094053,"TORRINGTON MUNICIPAL AIRPORT, WY US",12/10/2008,7.38,0,,51.00,13.00,,,,,,,,,,,,,
USW00094053,"TORRINGTON MUNICIPAL AIRPORT, WY US",12/11/2008,9.84,0,,45.00,22.00,,,,,,,,,,,,,
USW00094053,"TORRINGTON MUNICIPAL AIRPORT, WY US",12/12/2008,4.47,0,,44.00,15.00,,,,,,,,,,,,,
USW00094053,"TORRINGTON MUNICIPAL AIRPORT, WY US",12/13/2008,14.76,0,,59.00,0.00,,,,,,,,,,,,,
USW00094053,"TORRINGTON MUNICIPAL AIRPORT, WY US",12/14/2008,17.45,0,,0.00,-13.00,,,,,,,,,,,,,
USW00094053,"TORRINGTON MUNICIPAL AIRPORT, WY US",12/15/2008,6.71,0,,7.00,-19.00,,,,,,,,,,,,,
USW00094053,"TORRINGTON MUNICIPAL AIRPORT, WY US",12/16/2008,4.7,0,,22.00,-5.00,,,,,,,,,,,,,
USW00094053,"TORRINGTON MUNICIPAL AIRPORT, WY US",12/17/2008,9.17,0,,37.00,-3.00,,,,,,,,,,,,,
USW00094053,"TORRINGTON MUNICIPAL AIRPORT, WY US",12/18/2008,7.61,0,,36.00,8.00,,,,,,,,,,,,,
USW00094053,"TORRINGTON MUNICIPAL AIRPORT, WY US",12/19/2008,9.62,0,,46.00,4.00,,,,,,,,,,,,,
USW00094053,"TORRINGTON MUNICIPAL AIRPORT, WY US",12/20/2008,5.82,0,,14.00,-7.00,,,,,,,,,,,,,
USW00094053,"TORRINGTON MUNICIPAL AIRPORT, WY US",12/21/2008,8.28,0,,17.00,-9.00,,,,,,,,,,,,,
USW00094053,"TORRINGTON MUNICIPAL AIRPORT, WY US",12/22/2008,11.18,0,,23.00,10.00,,,,,,,,,,,,,
USW00094053,"TORRINGTON MUNICIPAL AIRPORT, WY US",12/23/2008,7.61,0,,19.00,2.00,,,,,,,,,,,,,
USW00094053,"TORRINGTON MUNICIPAL AIRPORT, WY US",12/24/2008,10.29,0,,37.00,-4.00,,,,,,,,,,,,,
USW00094053,"TORRINGTON MUNICIPAL AIRPORT, WY US",12/25/2008,7.61,0,,46.00,6.00,,,,,,,,,,,,,
USW00094053,"TORRINGTON MUNICIPAL AIRPORT, WY US",12/26/2008,13.87,0,,40.00,14.00,,,,,,,,,,,,,
USW00094053,"TORRINGTON MUNICIPAL AIRPORT, WY US",12/27/2008,17.45,0,,31.00,4.00,,,,,,,,,,,,,
USW00094053,"TORRINGTON MUNICIPAL AIRPORT, WY US",12/28/2008,21.25,0,,49.00,29.00,,,,,,,,,,,,,
USW00094053,"TORRINGTON MUNICIPAL AIRPORT, WY US",12/29/2008,13.42,0,,58.00,35.00,,,,,,,,,,,,,
USW00094053,"TORRINGTON MUNICIPAL AIRPORT, WY US",12/30/2008,16.55,0,,53.00,14.00,,,,,,,,,,,,,
USW00094053,"TORRINGTON MUNICIPAL AIRPORT, WY US",12/31/2008,15.21,0,,56.00,10.00,,,,,,,,,,,,,
USW00094053,"TORRINGTON MUNICIPAL AIRPORT, WY US",1/1/2009,14.32,0,,50.00,28.00,,,,,,,,,,,,,
USW00094053,"TORRINGTON MUNICIPAL AIRPORT, WY US",1/2/2009,17.67,0,,63.00,41.00,,,,,,,,,,,,,
USW00094053,"TORRINGTON MUNICIPAL AIRPORT, WY US",1/3/2009,11.41,0,,45.00,10.00,,,,,,,,,,,,,
USW00094053,"TORRINGTON MUNICIPAL AIRPORT, WY US",1/4/2009,4.03,0,,28.00,-4.00,,,,,,,,,,,,,
USW00094053,"TORRINGTON MUNICIPAL AIRPORT, WY US",1/5/2009,13.42,0,,45.00,-3.00,,,,,,,,,,,,,
USW00094053,"TORRINGTON MUNICIPAL AIRPORT, WY US",1/6/2009,12.53,0,,41.00,20.00,,,,,,,,,,,,,
USW00094053,"TORRINGTON MUNICIPAL AIRPORT, WY US",1/7/2009,8.5,0,,52.00,15.00,,,,,,,,,,,,,
USW00094053,"TORRINGTON MUNICIPAL AIRPORT, WY US",1/8/2009,21.47,0,,62.00,42.00,,,,,,,,,,,,,
USW00094053,"TORRINGTON MUNICIPAL AIRPORT, WY US",1/9/2009,15.66,0,,49.00,12.00,,,,,,,,,,,,,
USW00094053,"TORRINGTON MUNICIPAL AIRPORT, WY US",1/10/2009,11.41,0,,43.00,9.00,,,,,,,,,,,,,
USW00094053,"TORRINGTON MUNICIPAL AIRPORT, WY US",1/11/2009,10.96,0,,47.00,20.00,,,,,,,,,,,,,
USW00094053,"TORRINGTON MUNICIPAL AIRPORT, WY US",1/12/2009,16.11,0,,32.00,16.00,,,,,,,,,,,,,
USW00094053,"TORRINGTON MUNICIPAL AIRPORT, WY US",1/13/2009,12.75,0,,48.00,19.00,,,,,,,,,,,,,
USW00094053,"TORRINGTON MUNICIPAL AIRPORT, WY US",1/14/2009,9.17,0.01,,38.00,16.00,,,,,,,,,,,,,
USW00094053,"TORRINGTON MUNICIPAL AIRPORT, WY US",1/15/2009,2.91,0.02,,33.00,13.00,,,,,,,,,,,,,
USW00094053,"TORRINGTON MUNICIPAL AIRPORT, WY US",1/16/2009,10.07,0,,58.00,18.00,,,,,,,,,,,,,
USW00094053,"TORRINGTON MUNICIPAL AIRPORT, WY US",1/17/2009,19.24,0,,53.00,35.00,,,,,,,,,,,,,
USW00094053,"TORRINGTON MUNICIPAL AIRPORT, WY US",1/18/2009,18.12,0,,59.00,27.00,,,,,,,,,,,,,
USW00094053,"TORRINGTON MUNICIPAL AIRPORT, WY US",1/19/2009,20.36,0,,57.00,33.00,,,,,,,,,,,,,
USW00094053,"TORRINGTON MUNICIPAL AIRPORT, WY US",1/20/2009,10.96,0,,67.00,26.00,,,,,,,,,,,,,
USW00094053,"TORRINGTON MUNICIPAL AIRPORT, WY US",1/21/2009,8.72,0,,68.00,27.00,,,,,,,,,,,,,
USW00094053,"TORRINGTON MUNICIPAL AIRPORT, WY US",1/22/2009,11.41,0,,64.00,32.00,,,,,,,,,,,,,
USW00094053,"TORRINGTON MUNICIPAL AIRPORT, WY US",1/23/2009,10.07,0.06,,38.00,10.00,,,,,,,,,,,,,
USW00094053,"TORRINGTON MUNICIPAL AIRPORT, WY US",1/24/2009,12.97,0.04,,18.00,7.00,,,,,,,,,,,,,
USW00094053,"TORRINGTON MUNICIPAL AIRPORT, WY US",1/25/2009,9.84,0.13,,9.00,4.00,,,,,,,,,,,,,
USW00094053,"TORRINGTON MUNICIPAL AIRPORT, WY US",1/26/2009,7.16,0.04,,5.00,-16.00,,,,,,,,,,,,,
USW00094053,"TORRINGTON MUNICIPAL AIRPORT, WY US",1/27/2009,8.05,0,,23.00,-20.00,,,,,,,,,,,,,
USW00094053,"TORRINGTON MUNICIPAL AIRPORT, WY US",1/28/2009,16.55,0,,35.00,17.00,,,,,,,,,,,,,
USW00094053,"TORRINGTON MUNICIPAL AIRPORT, WY US",1/29/2009,9.4,0,,33.00,15.00,,,,,,,,,,,,,
USW00094053,"TORRINGTON MUNICIPAL AIRPORT, WY US",1/30/2009,13.87,0,,45.00,30.00,,,,,,,,,,,,,
USW00094053,"TORRINGTON MUNICIPAL AIRPORT, WY US",1/31/2009,16.11,0,,50.00,29.00,,,,,,,,,,,,,
USW00094053,"TORRINGTON MUNICIPAL AIRPORT, WY US",2/1/2009,6.04,0,,32.00,18.00,,,,,,,,,,,,,
USW00094053,"TORRINGTON MUNICIPAL AIRPORT, WY US",2/2/2009,5.82,0,,44.00,19.00,,,,,,,,,,,,,
USW00094053,"TORRINGTON MUNICIPAL AIRPORT, WY US",2/3/2009,8.72,0,,51.00,29.00,,,,,,,,,,,,,
USW00094053,"TORRINGTON MUNICIPAL AIRPORT, WY US",2/4/2009,6.26,0,,61.00,23.00,,,,,,,,,,,,,
USW00094053,"TORRINGTON MUNICIPAL AIRPORT, WY US",2/5/2009,7.83,0,,67.00,23.00,,,,,,,,,,,,,
USW00094053,"TORRINGTON MUNICIPAL AIRPORT, WY US",2/6/2009,14.54,0,,59.00,26.00,,,,,,,,,,,,,
USW00094053,"TORRINGTON MUNICIPAL AIRPORT, WY US",2/7/2009,5.82,0,,50.00,25.00,,,,,,,,,,,,,
USW00094053,"TORRINGTON MUNICIPAL AIRPORT, WY US",2/8/2009,13.2,0,,44.00,24.00,,,,,,,,,,,,,
USW00094053,"TORRINGTON MUNICIPAL AIRPORT, WY US",2/9/2009,16.78,0,,44.00,33.00,,,,,,,,,,,,,
USW00094053,"TORRINGTON MUNICIPAL AIRPORT, WY US",2/10/2009,9.17,0,,43.00,27.00,,,,,,,,,,,,,
USW00094053,"TORRINGTON MUNICIPAL AIRPORT, WY US",2/11/2009,9.62,0,,41.00,19.00,,,,,,,,,,,,,
USW00094053,"TORRINGTON MUNICIPAL AIRPORT, WY US",2/12/2009,5.82,0,,45.00,13.00,,,,,,,,,,,,,
USW00094053,"TORRINGTON MUNICIPAL AIRPORT, WY US",2/13/2009,8.28,0.03,,30.00,17.00,,,,,,,,,,,,,
USW00094053,"TORRINGTON MUNICIPAL AIRPORT, WY US",2/14/2009,11.86,0.01,,27.00,18.00,,,,,,,,,,,,,
USW00094053,"TORRINGTON MUNICIPAL AIRPORT, WY US",2/15/2009,7.61,0,,42.00,10.00,,,,,,,,,,,,,
USW00094053,"TORRINGTON MUNICIPAL AIRPORT, WY US",2/16/2009,4.92,0,,57.00,16.00,,,,,,,,,,,,,
USW00094053,"TORRINGTON MUNICIPAL AIRPORT, WY US",2/17/2009,9.62,0,,48.00,24.00,,,,,,,,,,,,,
USW00094053,"TORRINGTON MUNICIPAL AIRPORT, WY US",2/18/2009,9.17,0,,37.00,23.00,,,,,,,,,,,,,
USW00094053,"TORRINGTON MUNICIPAL AIRPORT, WY US",2/19/2009,10.29,0,,46.00,22.00,,,,,,,,,,,,,
USW00094053,"TORRINGTON MUNICIPAL AIRPORT, WY US",2/20/2009,19.46,0,,44.00,15.00,,,,,,,,,,,,,
USW00094053,"TORRINGTON MUNICIPAL AIRPORT, WY US",2/21/2009,7.61,0,,47.00,10.00,,,,,,,,,,,,,
USW00094053,"TORRINGTON MUNICIPAL AIRPORT, WY US",2/22/2009,4.92,0,,51.00,16.00,,,,,,,,,,,,,
USW00094053,"TORRINGTON MUNICIPAL AIRPORT, WY US",2/23/2009,6.71,0,,60.00,22.00,,,,,,,,,,,,,
USW00094053,"TORRINGTON MUNICIPAL AIRPORT, WY US",2/24/2009,14.54,0,,66.00,30.00,,,,,,,,,,,,,
USW00094053,"TORRINGTON MUNICIPAL AIRPORT, WY US",2/25/2009,10.74,0,,62.00,27.00,,,,,,,,,,,,,
USW00094053,"TORRINGTON MUNICIPAL AIRPORT, WY US",2/26/2009,10.51,0,,46.00,19.00,,,,,,,,,,,,,
USW00094053,"TORRINGTON MUNICIPAL AIRPORT, WY US",2/27/2009,16.33,0.02,,36.00,18.00,,,,,,,,,,,,,
USW00094053,"TORRINGTON MUNICIPAL AIRPORT, WY US",2/28/2009,7.83,0,,46.00,16.00,,,,,,,,,,,,,
USW00094053,"TORRINGTON MUNICIPAL AIRPORT, WY US",3/1/2009,6.26,0,,62.00,17.00,,,,,,,,,,,,,
USW00094053,"TORRINGTON MUNICIPAL AIRPORT, WY US",3/2/2009,3.13,0,,66.00,27.00,,,,,,,,,,,,,
USW00094053,"TORRINGTON MUNICIPAL AIRPORT, WY US",3/3/2009,12.75,0,,72.00,31.00,,,,,,,,,,,,,
USW00094053,"TORRINGTON MUNICIPAL AIRPORT, WY US",3/4/2009,11.41,0,,76.00,31.00,,,,,,,,,,,,,
USW00094053,"TORRINGTON MUNICIPAL AIRPORT, WY US",3/5/2009,17,0,,52.00,26.00,,,,,,,,,,,,,
USW00094053,"TORRINGTON MUNICIPAL AIRPORT, WY US",3/6/2009,10.29,0,,53.00,24.00,,,,,,,,,,,,,
USW00094053,"TORRINGTON MUNICIPAL AIRPORT, WY US",3/7/2009,7.83,0,,47.00,17.00,,,,,,,,,,,,,
USW00094053,"TORRINGTON MUNICIPAL AIRPORT, WY US",3/8/2009,10.51,0,,59.00,29.00,,,,,,,,,,,,,
USW00094053,"TORRINGTON MUNICIPAL AIRPORT, WY US",3/9/2009,13.2,0,,35.00,7.00,,,,,,,,,,,,,
USW00094053,"TORRINGTON MUNICIPAL AIRPORT, WY US",3/10/2009,7.16,0.02,,23.00,-3.00,,,,,,,,,,,,,
USW00094053,"TORRINGTON MUNICIPAL AIRPORT, WY US",3/11/2009,11.18,0,,39.00,1.00,,,,,,,,,,,,,
USW00094053,"TORRINGTON MUNICIPAL AIRPORT, WY US",3/12/2009,8.5,0,,42.00,11.00,,,,,,,,,,,,,
USW00094053,"TORRINGTON MUNICIPAL AIRPORT, WY US",3/13/2009,4.92,0,,51.00,11.00,,,,,,,,,,,,,
USW00094053,"TORRINGTON MUNICIPAL AIRPORT, WY US",3/14/2009,3.8,0,,66.00,13.00,,,,,,,,,,,,,
USW00094053,"TORRINGTON MUNICIPAL AIRPORT, WY US",3/15/2009,8.95,0,,65.00,20.00,,,,,,,,,,,,,
USW00094053,"TORRINGTON MUNICIPAL AIRPORT, WY US",3/16/2009,12.97,0,,71.00,42.00,,,,,,,,,,,,,
USW00094053,"TORRINGTON MUNICIPAL AIRPORT, WY US",3/17/2009,5.82,0,,63.00,34.00,,,,,,,,,,,,,
USW00094053,"TORRINGTON MUNICIPAL AIRPORT, WY US",3/18/2009,7.83,0,,56.00,26.00,,,,,,,,,,,,,
USW00094053,"TORRINGTON MUNICIPAL AIRPORT, WY US",3/19/2009,7.61,0,,66.00,30.00,,,,,,,,,,,,,
USW00094053,"TORRINGTON MUNICIPAL AIRPORT, WY US",3/20/2009,5.59,0,,70.00,36.00,,,,,,,,,,,,,
USW00094053,"TORRINGTON MUNICIPAL AIRPORT, WY US",3/21/2009,16.11,0,,79.00,33.00,,,,,,,,,,,,,
USW00094053,"TORRINGTON MUNICIPAL AIRPORT, WY US",3/22/2009,12.97,0,,77.00,45.00,,,,,,,,,,,,,
USW00094053,"TORRINGTON MUNICIPAL AIRPORT, WY US",3/23/2009,26.84,0.45,,50.00,23.00,,,,,,,,,,,,,
USW00094053,"TORRINGTON MUNICIPAL AIRPORT, WY US",3/24/2009,23.49,0,,38.00,25.00,,,,,,,,,,,,,
USW00094053,"TORRINGTON MUNICIPAL AIRPORT, WY US",3/25/2009,4.92,0,,47.00,22.00,,,,,,,,,,,,,
USW00094053,"TORRINGTON MUNICIPAL AIRPORT, WY US",3/26/2009,14.09,0.01,,29.00,18.00,,,,,,,,,,,,,
USW00094053,"TORRINGTON MUNICIPAL AIRPORT, WY US",3/27/2009,6.93,0,,36.00,9.00,,,,,,,,,,,,,
USW00094053,"TORRINGTON MUNICIPAL AIRPORT, WY US",3/28/2009,7.38,0,,51.00,22.00,,,,,,,,,,,,,
USW00094053,"TORRINGTON MUNICIPAL AIRPORT, WY US",3/29/2009,14.99,0.01,,69.00,34.00,,,,,,,,,,,,,
USW00094053,"TORRINGTON MUNICIPAL AIRPORT, WY US",3/30/2009,26.17,0,,36.00,23.00,,,,,,,,,,,,,
USW00094053,"TORRINGTON MUNICIPAL AIRPORT, WY US",3/31/2009,15.21,0,,42.00,19.00,,,,,,,,,,,,,
USW00094053,"TORRINGTON MUNICIPAL AIRPORT, WY US",4/1/2009,6.49,0.06,,36.00,23.00,,,,,,,,,,,,,
USW00094053,"TORRINGTON MUNICIPAL AIRPORT, WY US",4/2/2009,9.84,0,,51.00,17.00,,,,,,,,,,,,,
USW00094053,"TORRINGTON MUNICIPAL AIRPORT, WY US",4/3/2009,12.3,0.02,,55.00,29.00,,,,,,,,,,,,,
USW00094053,"TORRINGTON MUNICIPAL AIRPORT, WY US",4/4/2009,29.3,0.45,,31.00,22.00,,,,,,,,,,,,,
USW00094053,"TORRINGTON MUNICIPAL AIRPORT, WY US",4/5/2009,13.42,0,,32.00,18.00,,,,,,,,,,,,,
USW00094053,"TORRINGTON MUNICIPAL AIRPORT, WY US",4/6/2009,5.14,0,,39.00,12.00,,,,,,,,,,,,,
USW00094053,"TORRINGTON MUNICIPAL AIRPORT, WY US",4/7/2009,6.71,0,,61.00,21.00,,,,,,,,,,,,,
USW00094053,"TORRINGTON MUNICIPAL AIRPORT, WY US",4/8/2009,10.51,0.02,,69.00,26.00,,,,,,,,,,,,,
USW00094053,"TORRINGTON MUNICIPAL AIRPORT, WY US",4/9/2009,14.32,0,,49.00,33.00,,,,,,,,,,,,,
USW00094053,"TORRINGTON MUNICIPAL AIRPORT, WY US",4/10/2009,14.76,0,,61.00,33.00,,,,,,,,,,,,,
USW00094053,"TORRINGTON MUNICIPAL AIRPORT, WY US",4/11/2009,18.57,0,,53.00,33.00,,,,,,,,,,,,,
USW00094053,"TORRINGTON MUNICIPAL AIRPORT, WY US",4/12/2009,7.61,0.03,,51.00,33.00,,,,,,,,,,,,,
USW00094053,"TORRINGTON MUNICIPAL AIRPORT, WY US",4/13/2009,4.92,0,,67.00,28.00,,,,,,,,,,,,,
USW00094053,"TORRINGTON MUNICIPAL AIRPORT, WY US",4/14/2009,11.86,0,,73.00,32.00,,,,,,,,,,,,,
USW00094053,"TORRINGTON MUNICIPAL AIRPORT, WY US",4/15/2009,14.09,0.75,,68.00,44.00,,,,,,,,,,,,,
USW00094053,"TORRINGTON MUNICIPAL AIRPORT, WY US",4/16/2009,19.46,0.29,,45.00,36.00,,,,,,,,,,,,,
USW00094053,"TORRINGTON MUNICIPAL AIRPORT, WY US",4/17/2009,18.57,0.59,,45.00,37.00,,,,,,,,,,,,,
USW00094053,"TORRINGTON MUNICIPAL AIRPORT, WY US",4/18/2009,10.74,0.23,,46.00,37.00,,,,,,,,,,,,,
USW00094053,"TORRINGTON MUNICIPAL AIRPORT, WY US",4/19/2009,10.07,0,,67.00,32.00,,,,,,,,,,,,,
USW00094053,"TORRINGTON MUNICIPAL AIRPORT, WY US",4/20/2009,10.07,0,,71.00,41.00,,,,,,,,,,,,,
USW00094053,"TORRINGTON MUNICIPAL AIRPORT, WY US",4/21/2009,10.29,0,,75.00,39.00,,,,,,,,,,,,,
USW00094053,"TORRINGTON MUNICIPAL AIRPORT, WY US",4/22/2009,4.7,0,,80.00,38.00,,,,,,,,,,,,,
USW00094053,"TORRINGTON MUNICIPAL AIRPORT, WY US",4/23/2009,10.51,0,,85.00,43.00,,,,,,,,,,,,,
USW00094053,"TORRINGTON MUNICIPAL AIRPORT, WY US",4/24/2009,10.51,0,,52.00,36.00,,,,,,,,,,,,,
USW00094053,"TORRINGTON MUNICIPAL AIRPORT, WY US",4/25/2009,10.96,0.12,,44.00,30.00,,,,,,,,,,,,,
USW00094053,"TORRINGTON MUNICIPAL AIRPORT, WY US",4/26/2009,15.43,0.32,,50.00,33.00,,,,,,,,,,,,,
USW00094053,"TORRINGTON MUNICIPAL AIRPORT, WY US",4/27/2009,9.17,0,,50.00,33.00,,,,,,,,,,,,,
USW00094053,"TORRINGTON MUNICIPAL AIRPORT, WY US",4/28/2009,16.78,0,,58.00,33.00,,,,,,,,,,,,,
USW00094053,"TORRINGTON MUNICIPAL AIRPORT, WY US",4/29/2009,10.07,0,,71.00,41.00,,,,,,,,,,,,,
USW00094053,"TORRINGTON MUNICIPAL AIRPORT, WY US",4/30/2009,8.95,0.07,,55.00,33.00,,,,,,,,,,,,,
USW00094053,"TORRINGTON MUNICIPAL AIRPORT, WY US",5/1/2009,5.82,0.18,,45.00,34.00,,,,,,,,,,,,,
USW00094053,"TORRINGTON MUNICIPAL AIRPORT, WY US",5/2/2009,7.83,0.03,,48.00,39.00,,,,,,,,,,,,,
USW00094053,"TORRINGTON MUNICIPAL AIRPORT, WY US",5/3/2009,9.17,0.03,,59.00,42.00,,,,,,,,,,,,,
USW00094053,"TORRINGTON MUNICIPAL AIRPORT, WY US",5/4/2009,10.96,0,,68.00,40.00,,,,,,,,,,,,,
USW00094053,"TORRINGTON MUNICIPAL AIRPORT, WY US",5/5/2009,9.4,0,,73.00,36.00,,,,,,,,,,,,,
USW00094053,"TORRINGTON MUNICIPAL AIRPORT, WY US",5/6/2009,6.04,0,,72.00,47.00,,,,,,,,,,,,,
USW00094053,"TORRINGTON MUNICIPAL AIRPORT, WY US",5/7/2009,12.97,0,,75.00,46.00,,,,,,,,,,,,,
USW00094053,"TORRINGTON MUNICIPAL AIRPORT, WY US",5/8/2009,17,0,,60.00,39.00,,,,,,,,,,,,,
USW00094053,"TORRINGTON MUNICIPAL AIRPORT, WY US",5/9/2009,5.59,0,,62.00,37.00,,,,,,,,,,,,,
USW00094053,"TORRINGTON MUNICIPAL AIRPORT, WY US",5/10/2009,8.05,0.1,,56.00,40.00,,,,,,,,,,,,,
USW00094053,"TORRINGTON MUNICIPAL AIRPORT, WY US",5/11/2009,9.62,0,,73.00,36.00,,,,,,,,,,,,,
USW00094053,"TORRINGTON MUNICIPAL AIRPORT, WY US",5/12/2009,10.96,0,,86.00,52.00,,,,,,,,,,,,,
USW00094053,"TORRINGTON MUNICIPAL AIRPORT, WY US",5/13/2009,14.99,0,,63.00,38.00,,,,,,,,,,,,,
USW00094053,"TORRINGTON MUNICIPAL AIRPORT, WY US",5/14/2009,12.3,0,,76.00,37.00,,,,,,,,,,,,,
USW00094053,"TORRINGTON MUNICIPAL AIRPORT, WY US",5/15/2009,14.99,0,,64.00,45.00,,,,,,,,,,,,,
USW00094053,"TORRINGTON MUNICIPAL AIRPORT, WY US",5/16/2009,11.18,0,,68.00,43.00,,,,,,,,,,,,,
USW00094053,"TORRINGTON MUNICIPAL AIRPORT, WY US",5/17/2009,4.7,0,,83.00,39.00,,,,,,,,,,,,,
USW00094053,"TORRINGTON MUNICIPAL AIRPORT, WY US",5/18/2009,5.82,0,,90.00,44.00,,,,,,,,,,,,,
USW00094053,"TORRINGTON MUNICIPAL AIRPORT, WY US",5/19/2009,7.16,0,,96.00,50.00,,,,,,,,,,,,,
USW00094053,"TORRINGTON MUNICIPAL AIRPORT, WY US",5/20/2009,10.07,0,,88.00,52.00,,,,,,,,,,,,,
USW00094053,"TORRINGTON MUNICIPAL AIRPORT, WY US",5/21/2009,13.42,0,,65.00,48.00,,,,,,,,,,,,,
USW00094053,"TORRINGTON MUNICIPAL AIRPORT, WY US",5/22/2009,11.86,0,,79.00,44.00,,,,,,,,,,,,,
USW00094053,"TORRINGTON MUNICIPAL AIRPORT, WY US",5/23/2009,10.96,0,,67.00,54.00,,,,,,,,,,,,,
USW00094053,"TORRINGTON MUNICIPAL AIRPORT, WY US",5/24/2009,13.42,0.19,,77.00,55.00,,,,,,,,,,,,,
USW00094053,"TORRINGTON MUNICIPAL AIRPORT, WY US",5/25/2009,9.17,0,,66.00,54.00,,,,,,,,,,,,,
USW00094053,"TORRINGTON MUNICIPAL AIRPORT, WY US",5/26/2009,8.5,0.01,,62.00,45.00,,,,,,,,,,,,,
USW00094053,"TORRINGTON MUNICIPAL AIRPORT, WY US",5/27/2009,4.25,0,,79.00,37.00,,,,,,,,,,,,,
USW00094053,"TORRINGTON MUNICIPAL AIRPORT, WY US",5/28/2009,6.04,0.09,,81.00,44.00,,,,,,,,,,,,,
USW00094053,"TORRINGTON MUNICIPAL AIRPORT, WY US",5/29/2009,4.7,0,,87.00,46.00,,,,,,,,,,,,,
USW00094053,"TORRINGTON MUNICIPAL AIRPORT, WY US",5/30/2009,7.83,0,,84.00,48.00,,,,,,,,,,,,,
USW00094053,"TORRINGTON MUNICIPAL AIRPORT, WY US",5/31/2009,8.95,0.08,,88.00,48.00,,,,,,,,,,,,,
USW00094053,"TORRINGTON MUNICIPAL AIRPORT, WY US",6/1/2009,10.29,0.82,,79.00,49.00,,,,,,,,,,,,,
USW00094053,"TORRINGTON MUNICIPAL AIRPORT, WY US",6/2/2009,9.62,0.16,,55.00,48.00,,,,,,,,,,,,,
USW00094053,"TORRINGTON MUNICIPAL AIRPORT, WY US",6/3/2009,10.96,0.1,,69.00,49.00,,,,,,,,,,,,,
USW00094053,"TORRINGTON MUNICIPAL AIRPORT, WY US",6/4/2009,4.25,0.03,,70.00,48.00,,,,,,,,,,,,,
USW00094053,"TORRINGTON MUNICIPAL AIRPORT, WY US",6/5/2009,8.95,0.33,,75.00,53.00,,,,,,,,,,,,,
USW00094053,"TORRINGTON MUNICIPAL AIRPORT, WY US",6/6/2009,12.97,0,,78.00,50.00,,,,,,,,,,,,,
USW00094053,"TORRINGTON MUNICIPAL AIRPORT, WY US",6/7/2009,10.07,0.01,,61.00,43.00,,,,,,,,,,,,,
USW00094053,"TORRINGTON MUNICIPAL AIRPORT, WY US",6/8/2009,7.61,0.24,,67.00,39.00,,,,,,,,,,,,,
USW00094053,"TORRINGTON MUNICIPAL AIRPORT, WY US",6/9/2009,10.51,0.52,,74.00,50.00,,,,,,,,,,,,,
USW00094053,"TORRINGTON MUNICIPAL AIRPORT, WY US",6/10/2009,10.29,0.29,,64.00,49.00,,,,,,,,,,,,,
USW00094053,"TORRINGTON MUNICIPAL AIRPORT, WY US",6/11/2009,9.17,0.09,,62.00,48.00,,,,,,,,,,,,,
USW00094053,"TORRINGTON MUNICIPAL AIRPORT, WY US",6/12/2009,5.59,0.02,,68.00,49.00,,,,,,,,,,,,,
USW00094053,"TORRINGTON MUNICIPAL AIRPORT, WY US",6/13/2009,9.62,0.27,,78.00,48.00,,,,,,,,,,,,,
USW00094053,"TORRINGTON MUNICIPAL AIRPORT, WY US",6/14/2009,9.17,0.07,,73.00,52.00,,,,,,,,,,,,,
USW00094053,"TORRINGTON MUNICIPAL AIRPORT, WY US",6/15/2009,8.5,0.04,,79.00,50.00,,,,,,,,,,,,,
USW00094053,"TORRINGTON MUNICIPAL AIRPORT, WY US",6/16/2009,6.04,0,,79.00,48.00,,,,,,,,,,,,,
USW00094053,"TORRINGTON MUNICIPAL AIRPORT, WY US",6/17/2009,4.92,0.01,,83.00,55.00,,,,,,,,,,,,,
USW00094053,"TORRINGTON MUNICIPAL AIRPORT, WY US",6/18/2009,9.62,0.06,,82.00,54.00,,,,,,,,,,,,,
USW00094053,"TORRINGTON MUNICIPAL AIRPORT, WY US",6/19/2009,6.26,0,,79.00,52.00,,,,,,,,,,,,,
USW00094053,"TORRINGTON MUNICIPAL AIRPORT, WY US",6/20/2009,14.09,0,,80.00,54.00,,,,,,,,,,,,,
USW00094053,"TORRINGTON MUNICIPAL AIRPORT, WY US",6/21/2009,8.95,0.13,,85.00,55.00,,,,,,,,,,,,,
USW00094053,"TORRINGTON MUNICIPAL AIRPORT, WY US",6/22/2009,6.49,0.05,,86.00,50.00,,,,,,,,,,,,,
USW00094053,"TORRINGTON MUNICIPAL AIRPORT, WY US",6/23/2009,8.5,0.97,,84.00,55.00,,,,,,,,,,,,,
USW00094053,"TORRINGTON MUNICIPAL AIRPORT, WY US",6/24/2009,7.38,0.01,,91.00,55.00,,,,,,,,,,,,,
USW00094053,"TORRINGTON MUNICIPAL AIRPORT, WY US",6/25/2009,9.62,0.09,,93.00,61.00,,,,,,,,,,,,,
USW00094053,"TORRINGTON MUNICIPAL AIRPORT, WY US",6/26/2009,8.05,0.17,,86.00,59.00,,,,,,,,,,,,,
USW00094053,"TORRINGTON MUNICIPAL AIRPORT, WY US",6/27/2009,6.71,0,,81.00,55.00,,,,,,,,,,,,,
USW00094053,"TORRINGTON MUNICIPAL AIRPORT, WY US",6/28/2009,4.7,0,,85.00,49.00,,,,,,,,,,,,,
USW00094053,"TORRINGTON MUNICIPAL AIRPORT, WY US",6/29/2009,4.92,0,,90.00,54.00,,,,,,,,,,,,,
USW00094053,"TORRINGTON MUNICIPAL AIRPORT, WY US",6/30/2009,9.17,0,,90.00,55.00,,,,,,,,,,,,,
USW00094053,"TORRINGTON MUNICIPAL AIRPORT, WY US",7/1/2009,4.92,0.65,,88.00,54.00,,,,,,,,,,,,,
USW00094053,"TORRINGTON MUNICIPAL AIRPORT, WY US",7/2/2009,7.61,0,,83.00,58.00,,,,,,,,,,,,,
USW00094053,"TORRINGTON MUNICIPAL AIRPORT, WY US",7/3/2009,6.04,0.15,,81.00,60.00,,,,,,,,,,,,,
USW00094053,"TORRINGTON MUNICIPAL AIRPORT, WY US",7/4/2009,7.16,0,,80.00,56.00,,,,,,,,,,,,,
USW00094053,"TORRINGTON MUNICIPAL AIRPORT, WY US",7/5/2009,7.61,1.25,,80.00,54.00,,,,,,,,,,,,,
USW00094053,"TORRINGTON MUNICIPAL AIRPORT, WY US",7/6/2009,5.59,0.04,,86.00,54.00,,,,,,,,,,,,,
USW00094053,"TORRINGTON MUNICIPAL AIRPORT, WY US",7/7/2009,9.4,0.01,,83.00,53.00,,,,,,,,,,,,,
USW00094053,"TORRINGTON MUNICIPAL AIRPORT, WY US",7/8/2009,8.5,0,,94.00,53.00,,,,,,,,,,,,,
USW00094053,"TORRINGTON MUNICIPAL AIRPORT, WY US",7/9/2009,8.95,0,,80.00,57.00,,,,,,,,,,,,,
USW00094053,"TORRINGTON MUNICIPAL AIRPORT, WY US",7/10/2009,8.28,0.15,,86.00,60.00,,,,,,,,,,,,,
USW00094053,"TORRINGTON MUNICIPAL AIRPORT, WY US",7/11/2009,9.84,0.56,,90.00,63.00,,,,,,,,,,,,,
USW00094053,"TORRINGTON MUNICIPAL AIRPORT, WY US",7/12/2009,7.16,0.09,,84.00,60.00,,,,,,,,,,,,,
USW00094053,"TORRINGTON MUNICIPAL AIRPORT, WY US",7/13/2009,7.61,0,,92.00,62.00,,,,,,,,,,,,,
USW00094053,"TORRINGTON MUNICIPAL AIRPORT, WY US",7/14/2009,11.63,0,,85.00,58.00,,,,,,,,,,,,,
USW00094053,"TORRINGTON MUNICIPAL AIRPORT, WY US",7/15/2009,5.37,0,,83.00,49.00,,,,,,,,,,,,,
USW00094053,"TORRINGTON MUNICIPAL AIRPORT, WY US",7/16/2009,7.83,0,,83.00,57.00,,,,,,,,,,,,,
USW00094053,"TORRINGTON MUNICIPAL AIRPORT, WY US",7/17/2009,6.49,0,,85.00,57.00,,,,,,,,,,,,,
USW00094053,"TORRINGTON MUNICIPAL AIRPORT, WY US",7/18/2009,6.26,0,,85.00,56.00,,,,,,,,,,,,,
USW00094053,"TORRINGTON MUNICIPAL AIRPORT, WY US",7/19/2009,8.05,0,,95.00,57.00,,,,,,,,,,,,,
USW00094053,"TORRINGTON MUNICIPAL AIRPORT, WY US",7/20/2009,11.41,0,,88.00,57.00,,,,,,,,,,,,,
USW00094053,"TORRINGTON MUNICIPAL AIRPORT, WY US",7/21/2009,5.59,0,,82.00,51.00,,,,,,,,,,,,,
USW00094053,"TORRINGTON MUNICIPAL AIRPORT, WY US",7/22/2009,6.93,0,,89.00,57.00,,,,,,,,,,,,,
USW00094053,"TORRINGTON MUNICIPAL AIRPORT, WY US",7/23/2009,6.04,0,,96.00,57.00,,,,,,,,,,,,,
USW00094053,"TORRINGTON MUNICIPAL AIRPORT, WY US",7/24/2009,8.28,0.4,,97.00,56.00,,,,,,,,,,,,,
USW00094053,"TORRINGTON MUNICIPAL AIRPORT, WY US",7/25/2009,4.92,0,,85.00,62.00,,,,,,,,,,,,,
USW00094053,"TORRINGTON MUNICIPAL AIRPORT, WY US",7/26/2009,4.25,0,,89.00,56.00,,,,,,,,,,,,,
USW00094053,"TORRINGTON MUNICIPAL AIRPORT, WY US",7/27/2009,8.28,0.56,,84.00,59.00,,,,,,,,,,,,,
USW00094053,"TORRINGTON MUNICIPAL AIRPORT, WY US",7/28/2009,5.37,0.01,,73.00,57.00,,,,,,,,,,,,,
USW00094053,"TORRINGTON MUNICIPAL AIRPORT, WY US",7/29/2009,9.17,0.04,,63.00,52.00,,,,,,,,,,,,,
USW00094053,"TORRINGTON MUNICIPAL AIRPORT, WY US",7/30/2009,4.25,0,,73.00,42.00,,,,,,,,,,,,,
USW00094053,"TORRINGTON MUNICIPAL AIRPORT, WY US",7/31/2009,8.95,0,,84.00,48.00,,,,,,,,,,,,,
USW00094053,"TORRINGTON MUNICIPAL AIRPORT, WY US",8/1/2009,4.03,0,,85.00,47.00,,,,,,,,,,,,,
USW00094053,"TORRINGTON MUNICIPAL AIRPORT, WY US",8/2/2009,4.92,0,,93.00,50.00,,,,,,,,,,,,,
USW00094053,"TORRINGTON MUNICIPAL AIRPORT, WY US",8/3/2009,7.16,0.01,,92.00,56.00,,,,,,,,,,,,,
USW00094053,"TORRINGTON MUNICIPAL AIRPORT, WY US",8/4/2009,9.62,0,,88.00,54.00,,,,,,,,,,,,,
USW00094053,"TORRINGTON MUNICIPAL AIRPORT, WY US",8/5/2009,9.62,0,,84.00,57.00,,,,,,,,,,,,,
USW00094053,"TORRINGTON MUNICIPAL AIRPORT, WY US",8/6/2009,8.5,0.03,,87.00,63.00,,,,,,,,,,,,,
USW00094053,"TORRINGTON MUNICIPAL AIRPORT, WY US",8/7/2009,6.93,0.52,,93.00,57.00,,,,,,,,,,,,,
USW00094053,"TORRINGTON MUNICIPAL AIRPORT, WY US",8/8/2009,10.29,0.05,,79.00,58.00,,,,,,,,,,,,,
USW00094053,"TORRINGTON MUNICIPAL AIRPORT, WY US",8/9/2009,6.26,0,,80.00,52.00,,,,,,,,,,,,,
USW00094053,"TORRINGTON MUNICIPAL AIRPORT, WY US",8/10/2009,4.7,0,,83.00,49.00,,,,,,,,,,,,,
USW00094053,"TORRINGTON MUNICIPAL AIRPORT, WY US",8/11/2009,5.14,0,,91.00,53.00,,,,,,,,,,,,,
USW00094053,"TORRINGTON MUNICIPAL AIRPORT, WY US",8/12/2009,4.47,0,,95.00,53.00,,,,,,,,,,,,,
USW00094053,"TORRINGTON MUNICIPAL AIRPORT, WY US",8/13/2009,7.16,0,,96.00,53.00,,,,,,,,,,,,,
USW00094053,"TORRINGTON MUNICIPAL AIRPORT, WY US",8/14/2009,5.82,0.01,,81.00,62.00,,,,,,,,,,,,,
USW00094053,"TORRINGTON MUNICIPAL AIRPORT, WY US",8/15/2009,7.61,0.4,,83.00,51.00,,,,,,,,,,,,,
USW00094053,"TORRINGTON MUNICIPAL AIRPORT, WY US",8/16/2009,5.82,0.05,,75.00,46.00,,,,,,,,,,,,,
USW00094053,"TORRINGTON MUNICIPAL AIRPORT, WY US",8/17/2009,5.59,0,,76.00,45.00,,,,,,,,,,,,,
USW00094053,"TORRINGTON MUNICIPAL AIRPORT, WY US",8/18/2009,8.28,0,,84.00,47.00,,,,,,,,,,,,,
USW00094053,"TORRINGTON MUNICIPAL AIRPORT, WY US",8/19/2009,13.2,0,,77.00,50.00,,,,,,,,,,,,,
USW00094053,"TORRINGTON MUNICIPAL AIRPORT, WY US",8/20/2009,12.08,0.01,,79.00,49.00,,,,,,,,,,,,,
USW00094053,"TORRINGTON MUNICIPAL AIRPORT, WY US",8/21/2009,6.04,0,,82.00,44.00,,,,,,,,,,,,,
USW00094053,"TORRINGTON MUNICIPAL AIRPORT, WY US",8/22/2009,8.05,0,,98.00,51.00,,,,,,,,,,,,,
USW00094053,"TORRINGTON MUNICIPAL AIRPORT, WY US",8/23/2009,10.29,0.03,,91.00,61.00,,,,,,,,,,,,,
USW00094053,"TORRINGTON MUNICIPAL AIRPORT, WY US",8/24/2009,6.93,0.13,,89.00,59.00,,,,,,,,,,,,,
USW00094053,"TORRINGTON MUNICIPAL AIRPORT, WY US",8/25/2009,5.59,0.11,,79.00,57.00,,,,,,,,,,,,,
USW00094053,"TORRINGTON MUNICIPAL AIRPORT, WY US",8/26/2009,5.14,0.01,,83.00,54.00,,,,,,,,,,,,,
USW00094053,"TORRINGTON MUNICIPAL AIRPORT, WY US",8/27/2009,6.93,0,,90.00,52.00,,,,,,,,,,,,,
USW00094053,"TORRINGTON MUNICIPAL AIRPORT, WY US",8/28/2009,6.93,0,,84.00,53.00,,,,,,,,,,,,,
USW00094053,"TORRINGTON MUNICIPAL AIRPORT, WY US",8/29/2009,5.82,0,,80.00,47.00,,,,,,,,,,,,,
USW00094053,"TORRINGTON MUNICIPAL AIRPORT, WY US",8/30/2009,12.08,0,,78.00,54.00,,,,,,,,,,,,,
USW00094053,"TORRINGTON MUNICIPAL AIRPORT, WY US",8/31/2009,12.97,0,,80.00,51.00,,,,,,,,,,,,,
USW00094053,"TORRINGTON MUNICIPAL AIRPORT, WY US",9/1/2009,5.37,0,,91.00,51.00,,,,,,,,,,,,,
USW00094053,"TORRINGTON MUNICIPAL AIRPORT, WY US",9/2/2009,8.5,0,,87.00,52.00,,,,,,,,,,,,,
USW00094053,"TORRINGTON MUNICIPAL AIRPORT, WY US",9/3/2009,8.05,0,,86.00,50.00,,,,,,,,,,,,,
USW00094053,"TORRINGTON MUNICIPAL AIRPORT, WY US",9/4/2009,10.51,0,,82.00,51.00,,,,,,,,,,,,,
USW00094053,"TORRINGTON MUNICIPAL AIRPORT, WY US",9/5/2009,10.74,0,,85.00,52.00,,,,,,,,,,,,,
USW00094053,"TORRINGTON MUNICIPAL AIRPORT, WY US",9/6/2009,7.16,0,,87.00,54.00,,,,,,,,,,,,,
USW00094053,"TORRINGTON MUNICIPAL AIRPORT, WY US",9/7/2009,5.14,0.01,,91.00,52.00,,,,,,,,,,,,,
USW00094053,"TORRINGTON MUNICIPAL AIRPORT, WY US",9/8/2009,8.05,0,,85.00,51.00,,,,,,,,,,,,,
USW00094053,"TORRINGTON MUNICIPAL AIRPORT, WY US",9/9/2009,10.74,0,,77.00,54.00,,,,,,,,,,,,,
USW00094053,"TORRINGTON MUNICIPAL AIRPORT, WY US",9/10/2009,5.37,0,,89.00,51.00,,,,,,,,,,,,,
USW00094053,"TORRINGTON MUNICIPAL AIRPORT, WY US",9/11/2009,8.5,0,,75.00,49.00,,,,,,,,,,,,,
USW00094053,"TORRINGTON MUNICIPAL AIRPORT, WY US",9/12/2009,5.82,0.22,,67.00,45.00,,,,,,,,,,,,,
USW00094053,"TORRINGTON MUNICIPAL AIRPORT, WY US",9/13/2009,14.99,0.01,,78.00,50.00,,,,,,,,,,,,,
USW00094053,"TORRINGTON MUNICIPAL AIRPORT, WY US",9/14/2009,8.5,0,,87.00,52.00,,,,,,,,,,,,,
USW00094053,"TORRINGTON MUNICIPAL AIRPORT, WY US",9/15/2009,5.59,0,,87.00,52.00,,,,,,,,,,,,,
USW00094053,"TORRINGTON MUNICIPAL AIRPORT, WY US",9/16/2009,5.59,0,,82.00,51.00,,,,,,,,,,,,,
USW00094053,"TORRINGTON MUNICIPAL AIRPORT, WY US",9/17/2009,8.05,0,,82.00,46.00,,,,,,,,,,,,,
USW00094053,"TORRINGTON MUNICIPAL AIRPORT, WY US",9/18/2009,8.72,0,,83.00,47.00,,,,,,,,,,,,,
USW00094053,"TORRINGTON MUNICIPAL AIRPORT, WY US",9/19/2009,9.84,0,,84.00,45.00,,,,,,,,,,,,,
USW00094053,"TORRINGTON MUNICIPAL AIRPORT, WY US",9/20/2009,12.3,0.05,,84.00,44.00,,,,,,,,,,,,,
USW00094053,"TORRINGTON MUNICIPAL AIRPORT, WY US",9/21/2009,14.54,0.16,,54.00,39.00,,,,,,,,,,,,,
USW00094053,"TORRINGTON MUNICIPAL AIRPORT, WY US",9/22/2009,9.62,0,,58.00,40.00,,,,,,,,,,,,,
USW00094053,"TORRINGTON MUNICIPAL AIRPORT, WY US",9/23/2009,10.07,0.01,,63.00,44.00,,,,,,,,,,,,,
USW00094053,"TORRINGTON MUNICIPAL AIRPORT, WY US",9/24/2009,5.14,0,,68.00,38.00,,,,,,,,,,,,,
USW00094053,"TORRINGTON MUNICIPAL AIRPORT, WY US",9/25/2009,2.91,0,,70.00,39.00,,,,,,,,,,,,,
USW00094053,"TORRINGTON MUNICIPAL AIRPORT, WY US",9/26/2009,5.59,0,,88.00,38.00,,,,,,,,,,,,,
USW00094053,"TORRINGTON MUNICIPAL AIRPORT, WY US",9/27/2009,12.3,0,,73.00,39.00,,,,,,,,,,,,,
USW00094053,"TORRINGTON MUNICIPAL AIRPORT, WY US",9/28/2009,7.38,0,,70.00,31.00,,,,,,,,,,,,,
USW00094053,"TORRINGTON MUNICIPAL AIRPORT, WY US",9/29/2009,12.3,0,,83.00,40.00,,,,,,,,,,,,,
USW00094053,"TORRINGTON MUNICIPAL AIRPORT, WY US",9/30/2009,12.3,0.03,,77.00,40.00,,,,,,,,,,,,,
USW00094053,"TORRINGTON MUNICIPAL AIRPORT, WY US",10/1/2009,20.58,0,,55.00,37.00,,,,,,,,,,,,,
USW00094053,"TORRINGTON MUNICIPAL AIRPORT, WY US",10/2/2009,12.53,0,,58.00,31.00,,,,,,,,,,,,,
USW00094053,"TORRINGTON MUNICIPAL AIRPORT, WY US",10/3/2009,6.71,0,,61.00,21.00,,,,,,,,,,,,,
USW00094053,"TORRINGTON MUNICIPAL AIRPORT, WY US",10/4/2009,15.21,0.17,,42.00,36.00,,,,,,,,,,,,,
USW00094053,"TORRINGTON MUNICIPAL AIRPORT, WY US",10/5/2009,11.63,0.06,,59.00,36.00,,,,,,,,,,,,,
USW00094053,"TORRINGTON MUNICIPAL AIRPORT, WY US",10/6/2009,11.86,0,,60.00,31.00,,,,,,,,,,,,,
USW00094053,"TORRINGTON MUNICIPAL AIRPORT, WY US",10/7/2009,8.95,0,,64.00,31.00,,,,,,,,,,,,,
USW00094053,"TORRINGTON MUNICIPAL AIRPORT, WY US",10/8/2009,6.49,0.1,,39.00,31.00,,,,,,,,,,,,,
USW00094053,"TORRINGTON MUNICIPAL AIRPORT, WY US",10/9/2009,9.17,0.06,,44.00,18.00,,,,,,,,,,,,,
USW00094053,"TORRINGTON MUNICIPAL AIRPORT, WY US",10/10/2009,4.7,0.18,,25.00,16.00,,,,,,,,,,,,,
USW00094053,"TORRINGTON MUNICIPAL AIRPORT, WY US",10/11/2009,11.41,0.13,,28.00,18.00,,,,,,,,,,,,,
USW00094053,"TORRINGTON MUNICIPAL AIRPORT, WY US",10/12/2009,8.95,0.04,,30.00,21.00,,,,,,,,,,,,,
USW00094053,"TORRINGTON MUNICIPAL AIRPORT, WY US",10/13/2009,13.65,0,,39.00,30.00,,,,,,,,,,,,,
USW00094053,"TORRINGTON MUNICIPAL AIRPORT, WY US",10/14/2009,9.62,0,,68.00,34.00,,,,,,,,,,,,,
USW00094053,"TORRINGTON MUNICIPAL AIRPORT, WY US",10/15/2009,7.38,0.01,,62.00,36.00,,,,,,,,,,,,,
USW00094053,"TORRINGTON MUNICIPAL AIRPORT, WY US",10/16/2009,6.93,0,,62.00,32.00,,,,,,,,,,,,,
USW00094053,"TORRINGTON MUNICIPAL AIRPORT, WY US",10/17/2009,4.92,0,,73.00,25.00,,,,,,,,,,,,,
USW00094053,"TORRINGTON MUNICIPAL AIRPORT, WY US",10/18/2009,7.16,0,,82.00,32.00,,,,,,,,,,,,,
USW00094053,"TORRINGTON MUNICIPAL AIRPORT, WY US",10/19/2009,8.28,0,,61.00,43.00,,,,,,,,,,,,,
USW00094053,"TORRINGTON MUNICIPAL AIRPORT, WY US",10/20/2009,9.62,0.13,,46.00,36.00,,,,,,,,,,,,,
USW00094053,"TORRINGTON MUNICIPAL AIRPORT, WY US",10/21/2009,8.72,0,,43.00,32.00,,,,,,,,,,,,,
USW00094053,"TORRINGTON MUNICIPAL AIRPORT, WY US",10/22/2009,4.47,0,,53.00,32.00,,,,,,,,,,,,,
USW00094053,"TORRINGTON MUNICIPAL AIRPORT, WY US",10/23/2009,7.83,0,,59.00,38.00,,,,,,,,,,,,,
USW00094053,"TORRINGTON MUNICIPAL AIRPORT, WY US",10/24/2009,9.84,0.26,,58.00,37.00,,,,,,,,,,,,,
USW00094053,"TORRINGTON MUNICIPAL AIRPORT, WY US",10/25/2009,10.51,0.11,,41.00,24.00,,,,,,,,,,,,,
USW00094053,"TORRINGTON MUNICIPAL AIRPORT, WY US",10/26/2009,8.28,0,,58.00,19.00,,,,,,,,,,,,,
USW00094053,"TORRINGTON MUNICIPAL AIRPORT, WY US",10/27/2009,9.17,0.14,,53.00,33.00,,,,,,,,,,,,,
USW00094053,"TORRINGTON MUNICIPAL AIRPORT, WY US",10/28/2009,13.42,0.24,,33.00,29.00,,,,,,,,,,,,,
USW00094053,"TORRINGTON MUNICIPAL AIRPORT, WY US",10/29/2009,19.01,0.01,,30.00,22.00,,,,,,,,,,,,,
USW00094053,"TORRINGTON MUNICIPAL AIRPORT, WY US",10/30/2009,8.5,0,,43.00,15.00,,,,,,,,,,,,,
USW00094053,"TORRINGTON MUNICIPAL AIRPORT, WY US",10/31/2009,14.32,0,,61.00,39.00,,,,,,,,,,,,,
USW00094053,"TORRINGTON MUNICIPAL AIRPORT, WY US",11/1/2009,8.95,0,,63.00,38.00,,,,,,,,,,,,,
USW00094053,"TORRINGTON MUNICIPAL AIRPORT, WY US",11/2/2009,6.93,0,,46.00,35.00,,,,,,,,,,,,,
USW00094053,"TORRINGTON MUNICIPAL AIRPORT, WY US",11/3/2009,8.05,0,,61.00,29.00,,,,,,,,,,,,,
USW00094053,"TORRINGTON MUNICIPAL AIRPORT, WY US",11/4/2009,6.93,0,,64.00,22.00,,,,,,,,,,,,,
USW00094053,"TORRINGTON MUNICIPAL AIRPORT, WY US",11/5/2009,2.91,0,,74.00,25.00,,,,,,,,,,,,,
USW00094053,"TORRINGTON MUNICIPAL AIRPORT, WY US",11/6/2009,10.74,0,,74.00,38.00,,,,,,,,,,,,,
USW00094053,"TORRINGTON MUNICIPAL AIRPORT, WY US",11/7/2009,9.62,0,,65.00,34.00,,,,,,,,,,,,,
USW00094053,"TORRINGTON MUNICIPAL AIRPORT, WY US",11/8/2009,8.28,0,,61.00,30.00,,,,,,,,,,,,,
USW00094053,"TORRINGTON MUNICIPAL AIRPORT, WY US",11/9/2009,8.95,0,,62.00,25.00,,,,,,,,,,,,,
USW00094053,"TORRINGTON MUNICIPAL AIRPORT, WY US",11/10/2009,6.93,0,,56.00,30.00,,,,,,,,,,,,,
USW00094053,"TORRINGTON MUNICIPAL AIRPORT, WY US",11/11/2009,5.14,0,,55.00,30.00,,,,,,,,,,,,,
USW00094053,"TORRINGTON MUNICIPAL AIRPORT, WY US",11/12/2009,6.71,0,,64.00,36.00,,,,,,,,,,,,,
USW00094053,"TORRINGTON MUNICIPAL AIRPORT, WY US",11/13/2009,4.25,0.18,,47.00,21.00,,,,,,,,,,,,,
USW00094053,"TORRINGTON MUNICIPAL AIRPORT, WY US",11/14/2009,4.7,0,,44.00,15.00,,,,,,,,,,,,,
USW00094053,"TORRINGTON MUNICIPAL AIRPORT, WY US",11/15/2009,4.03,0.04,,42.00,24.00,,,,,,,,,,,,,
USW00094053,"TORRINGTON MUNICIPAL AIRPORT, WY US",11/16/2009,4.03,0,,50.00,16.00,,,,,,,,,,,,,
USW00094053,"TORRINGTON MUNICIPAL AIRPORT, WY US",11/17/2009,4.47,0,,58.00,19.00,,,,,,,,,,,,,
USW00094053,"TORRINGTON MUNICIPAL AIRPORT, WY US",11/18/2009,5.37,0,,62.00,19.00,,,,,,,,,,,,,
USW00094053,"TORRINGTON MUNICIPAL AIRPORT, WY US",11/19/2009,8.28,0,,53.00,25.00,,,,,,,,,,,,,
USW00094053,"TORRINGTON MUNICIPAL AIRPORT, WY US",11/20/2009,4.03,0,,60.00,18.00,,,,,,,,,,,,,
USW00094053,"TORRINGTON MUNICIPAL AIRPORT, WY US",11/21/2009,7.38,0,,58.00,22.00,,,,,,,,,,,,,
USW00094053,"TORRINGTON MUNICIPAL AIRPORT, WY US",11/22/2009,8.05,0,,50.00,24.00,,,,,,,,,,,,,
USW00094053,"TORRINGTON MUNICIPAL AIRPORT, WY US",11/23/2009,11.18,0,,43.00,22.00,,,,,,,,,,,,,
USW00094053,"TORRINGTON MUNICIPAL AIRPORT, WY US",11/24/2009,8.72,0,,50.00,20.00,,,,,,,,,,,,,
USW00094053,"TORRINGTON MUNICIPAL AIRPORT, WY US",11/25/2009,6.49,0,,43.00,25.00,,,,,,,,,,,,,
USW00094053,"TORRINGTON MUNICIPAL AIRPORT, WY US",11/26/2009,5.14,0,,64.00,22.00,,,,,,,,,,,,,
USW00094053,"TORRINGTON MUNICIPAL AIRPORT, WY US",11/27/2009,10.29,0,,67.00,29.00,,,,,,,,,,,,,
USW00094053,"TORRINGTON MUNICIPAL AIRPORT, WY US",11/28/2009,8.28,0,,45.00,25.00,,,,,,,,,,,,,
USW00094053,"TORRINGTON MUNICIPAL AIRPORT, WY US",11/29/2009,6.49,0,,46.00,18.00,,,,,,,,,,,,,
USW00094053,"TORRINGTON MUNICIPAL AIRPORT, WY US",11/30/2009,4.47,0,,58.00,18.00,,,,,,,,,,,,,
USW00094053,"TORRINGTON MUNICIPAL AIRPORT, WY US",12/1/2009,13.65,0.02,,49.00,21.00,,,,,,,,,,,,,
USW00094053,"TORRINGTON MUNICIPAL AIRPORT, WY US",12/2/2009,9.84,0,,26.00,8.00,,,,,,,,,,,,,
USW00094053,"TORRINGTON MUNICIPAL AIRPORT, WY US",12/3/2009,10.74,0,,19.00,1.00,,,,,,,,,,,,,
USW00094053,"TORRINGTON MUNICIPAL AIRPORT, WY US",12/4/2009,9.4,0,,33.00,-7.00,,,,,,,,,,,,,
USW00094053,"TORRINGTON MUNICIPAL AIRPORT, WY US",12/5/2009,10.51,0,,34.00,9.00,,,,,,,,,,,,,
USW00094053,"TORRINGTON MUNICIPAL AIRPORT, WY US",12/6/2009,7.61,0.1,,14.00,-1.00,,,,,,,,,,,,,
USW00094053,"TORRINGTON MUNICIPAL AIRPORT, WY US",12/7/2009,9.17,0.01,,6.00,-7.00,,,,,,,,,,,,,
USW00094053,"TORRINGTON MUNICIPAL AIRPORT, WY US",12/8/2009,11.18,0.05,,5.00,-4.00,,,,,,,,,,,,,
USW00094053,"TORRINGTON MUNICIPAL AIRPORT, WY US",12/9/2009,3.58,0,,2.00,-21.00,,,,,,,,,,,,,
USW00094053,"TORRINGTON MUNICIPAL AIRPORT, WY US",12/10/2009,10.29,0,,25.00,-21.00,,,,,,,,,,,,,
USW00094053,"TORRINGTON MUNICIPAL AIRPORT, WY US",12/11/2009,5.59,0,,28.00,0.00,,,,,,,,,,,,,
USW00094053,"TORRINGTON MUNICIPAL AIRPORT, WY US",12/12/2009,10.07,0,,42.00,10.00,,,,,,,,,,,,,
USW00094053,"TORRINGTON MUNICIPAL AIRPORT, WY US",12/13/2009,10.51,0,,39.00,5.00,,,,,,,,,,,,,
USW00094053,"TORRINGTON MUNICIPAL AIRPORT, WY US",12/14/2009,3.58,0,,14.00,-6.00,,,,,,,,,,,,,
USW00094053,"TORRINGTON MUNICIPAL AIRPORT, WY US",12/15/2009,4.7,0,,42.00,-9.00,,,,,,,,,,,,,
USW00094053,"TORRINGTON MUNICIPAL AIRPORT, WY US",12/16/2009,7.38,0,,49.00,29.00,,,,,,,,,,,,,
USW00094053,"TORRINGTON MUNICIPAL AIRPORT, WY US",12/17/2009,5.59,0.01,,45.00,30.00,,,,,,,,,,,,,
USW00094053,"TORRINGTON MUNICIPAL AIRPORT, WY US",12/18/2009,10.07,0.01,,40.00,21.00,,,,,,,,,,,,,
USW00094053,"TORRINGTON MUNICIPAL AIRPORT, WY US",12/19/2009,6.49,0,,46.00,15.00,,,,,,,,,,,,,
USW00094053,"TORRINGTON MUNICIPAL AIRPORT, WY US",12/20/2009,4.25,0,,52.00,25.00,,,,,,,,,,,,,
USW00094053,"TORRINGTON MUNICIPAL AIRPORT, WY US",12/21/2009,10.96,0,,53.00,26.00,,,,,,,,,,,,,
USW00094053,"TORRINGTON MUNICIPAL AIRPORT, WY US",12/22/2009,9.62,0,,37.00,24.00,,,,,,,,,,,,,
USW00094053,"TORRINGTON MUNICIPAL AIRPORT, WY US",12/23/2009,10.96,0.03,,28.00,11.00,,,,,,,,,,,,,
USW00094053,"TORRINGTON MUNICIPAL AIRPORT, WY US",12/24/2009,11.86,0,,24.00,-1.00,,,,,,,,,,,,,
USW00094053,"TORRINGTON MUNICIPAL AIRPORT, WY US",12/25/2009,27.07,0,,17.00,4.00,,,,,,,,,,,,,
USW00094053,"TORRINGTON MUNICIPAL AIRPORT, WY US",12/26/2009,27.74,0,,24.00,17.00,,,,,,,,,,,,,
USW00094053,"TORRINGTON MUNICIPAL AIRPORT, WY US",12/27/2009,8.72,0,,31.00,9.00,,,,,,,,,,,,,
USW00094053,"TORRINGTON MUNICIPAL AIRPORT, WY US",12/28/2009,5.37,0,,35.00,6.00,,,,,,,,,,,,,
USW00094053,"TORRINGTON MUNICIPAL AIRPORT, WY US",12/29/2009,3.36,0,,33.00,8.00,,,,,,,,,,,,,
USW00094053,"TORRINGTON MUNICIPAL AIRPORT, WY US",12/30/2009,5.82,0,,36.00,17.00,,,,,,,,,,,,,
USW00094053,"TORRINGTON MUNICIPAL AIRPORT, WY US",12/31/2009,7.61,0,,37.00,12.00,,,,,,,,,,,,,
USW00094053,"TORRINGTON MUNICIPAL AIRPORT, WY US",1/1/2010,11.41,0,,33.00,13.00,,,,,,,,,,,,,
USW00094053,"TORRINGTON MUNICIPAL AIRPORT, WY US",1/2/2010,6.71,0,,46.00,10.00,,,,,,,,,,,,,
USW00094053,"TORRINGTON MUNICIPAL AIRPORT, WY US",1/3/2010,7.38,0,,41.00,20.00,,,,,,,,,,,,,
USW00094053,"TORRINGTON MUNICIPAL AIRPORT, WY US",1/4/2010,6.71,0,,40.00,14.00,,,,,,,,,,,,,
USW00094053,"TORRINGTON MUNICIPAL AIRPORT, WY US",1/5/2010,4.92,0,,41.00,19.00,,,,,,,,,,,,,
USW00094053,"TORRINGTON MUNICIPAL AIRPORT, WY US",1/6/2010,18.12,0.01,,37.00,-1.00,,,,,,,,,,,,,
USW00094053,"TORRINGTON MUNICIPAL AIRPORT, WY US",1/7/2010,7.16,0,,15.00,-9.00,,,,,,,,,,,,,
USW00094053,"TORRINGTON MUNICIPAL AIRPORT, WY US",1/8/2010,2.01,0,,26.00,-12.00,,,,,,,,,,,,,
USW00094053,"TORRINGTON MUNICIPAL AIRPORT, WY US",1/9/2010,2.46,0,,41.00,1.00,,,,,,,,,,,,,
USW00094053,"TORRINGTON MUNICIPAL AIRPORT, WY US",1/10/2010,8.95,0,,51.00,19.00,,,,,,,,,,,,,
USW00094053,"TORRINGTON MUNICIPAL AIRPORT, WY US",1/11/2010,5.59,0,,47.00,18.00,,,,,,,,,,,,,
USW00094053,"TORRINGTON MUNICIPAL AIRPORT, WY US",1/12/2010,6.71,0,,60.00,15.00,,,,,,,,,,,,,
USW00094053,"TORRINGTON MUNICIPAL AIRPORT, WY US",1/13/2010,8.5,0,,55.00,23.00,,,,,,,,,,,,,
USW00094053,"TORRINGTON MUNICIPAL AIRPORT, WY US",1/14/2010,4.03,0,,42.00,19.00,,,,,,,,,,,,,
USW00094053,"TORRINGTON MUNICIPAL AIRPORT, WY US",1/15/2010,6.26,0,,50.00,22.00,,,,,,,,,,,,,
USW00094053,"TORRINGTON MUNICIPAL AIRPORT, WY US",1/16/2010,3.58,0,,58.00,21.00,,,,,,,,,,,,,
USW00094053,"TORRINGTON MUNICIPAL AIRPORT, WY US",1/17/2010,5.37,0,,49.00,27.00,,,,,,,,,,,,,
USW00094053,"TORRINGTON MUNICIPAL AIRPORT, WY US",1/18/2010,4.25,0,,53.00,19.00,,,,,,,,,,,,,
USW00094053,"TORRINGTON MUNICIPAL AIRPORT, WY US",1/19/2010,5.14,0,,44.00,21.00,,,,,,,,,,,,,
USW00094053,"TORRINGTON MUNICIPAL AIRPORT, WY US",1/20/2010,2.46,0,,45.00,17.00,,,,,,,,,,,,,
USW00094053,"TORRINGTON MUNICIPAL AIRPORT, WY US",1/21/2010,8.28,0,,43.00,16.00,,,,,,,,,,,,,
USW00094053,"TORRINGTON MUNICIPAL AIRPORT, WY US",1/22/2010,6.93,0,,35.00,29.00,,,,,,,,,,,,,
USW00094053,"TORRINGTON MUNICIPAL AIRPORT, WY US",1/23/2010,7.83,0,,44.00,20.00,,,,,,,,,,,,,
USW00094053,"TORRINGTON MUNICIPAL AIRPORT, WY US",1/24/2010,18.34,0,,31.00,19.00,,,,,,,,,,,,,
USW00094053,"TORRINGTON MUNICIPAL AIRPORT, WY US",1/25/2010,17,0,,34.00,17.00,,,,,,,,,,,,,
USW00094053,"TORRINGTON MUNICIPAL AIRPORT, WY US",1/26/2010,2.91,0,,43.00,9.00,,,,,,,,,,,,,
USW00094053,"TORRINGTON MUNICIPAL AIRPORT, WY US",1/27/2010,4.92,0,,37.00,15.00,,,,,,,,,,,,,
USW00094053,"TORRINGTON MUNICIPAL AIRPORT, WY US",1/28/2010,5.37,0,,31.00,15.00,,,,,,,,,,,,,
USW00094053,"TORRINGTON MUNICIPAL AIRPORT, WY US",1/29/2010,6.26,0,,45.00,8.00,,,,,,,,,,,,,
USW00094053,"TORRINGTON MUNICIPAL AIRPORT, WY US",1/30/2010,4.7,0,,46.00,19.00,,,,,,,,,,,,,
USW00094053,"TORRINGTON MUNICIPAL AIRPORT, WY US",1/31/2010,9.84,0,,33.00,19.00,,,,,,,,,,,,,
USW00094053,"TORRINGTON MUNICIPAL AIRPORT, WY US",2/1/2010,7.38,0,,43.00,13.00,,,,,,,,,,,,,
USW00094053,"TORRINGTON MUNICIPAL AIRPORT, WY US",2/2/2010,4.03,0,,49.00,12.00,,,,,,,,,,,,,
USW00094053,"TORRINGTON MUNICIPAL AIRPORT, WY US",2/3/2010,6.04,0,,50.00,18.00,,,,,,,,,,,,,
USW00094053,"TORRINGTON MUNICIPAL AIRPORT, WY US",2/4/2010,9.62,0.11,,44.00,30.00,,,,,,,,,,,,,
USW00094053,"TORRINGTON MUNICIPAL AIRPORT, WY US",2/5/2010,7.61,0,,41.00,24.00,,,,,,,,,,,,,
USW00094053,"TORRINGTON MUNICIPAL AIRPORT, WY US",2/6/2010,3.36,0.12,,34.00,19.00,,,,,,,,,,,,,
USW00094053,"TORRINGTON MUNICIPAL AIRPORT, WY US",2/7/2010,6.04,0,,34.00,24.00,,,,,,,,,,,,,
USW00094053,"TORRINGTON MUNICIPAL AIRPORT, WY US",2/8/2010,12.75,0.01,,24.00,3.00,,,,,,,,,,,,,
USW00094053,"TORRINGTON MUNICIPAL AIRPORT, WY US",2/9/2010,8.05,0,,30.00,-3.00,,,,,,,,,,,,,
USW00094053,"TORRINGTON MUNICIPAL AIRPORT, WY US",2/10/2010,4.25,0,,41.00,5.00,,,,,,,,,,,,,
USW00094053,"TORRINGTON MUNICIPAL AIRPORT, WY US",2/11/2010,7.16,0,,43.00,14.00,,,,,,,,,,,,,
USW00094053,"TORRINGTON MUNICIPAL AIRPORT, WY US",2/12/2010,6.26,0,,49.00,18.00,,,,,,,,,,,,,
USW00094053,"TORRINGTON MUNICIPAL AIRPORT, WY US",2/13/2010,14.54,0,,46.00,17.00,,,,,,,,,,,,,
USW00094053,"TORRINGTON MUNICIPAL AIRPORT, WY US",2/14/2010,12.97,0,,29.00,9.00,,,,,,,,,,,,,
USW00094053,"TORRINGTON MUNICIPAL AIRPORT, WY US",2/15/2010,4.47,0,,36.00,4.00,,,,,,,,,,,,,
USW00094053,"TORRINGTON MUNICIPAL AIRPORT, WY US",2/16/2010,2.91,0,,44.00,3.00,,,,,,,,,,,,,
USW00094053,"TORRINGTON MUNICIPAL AIRPORT, WY US",2/17/2010,6.26,0,,48.00,15.00,,,,,,,,,,,,,
USW00094053,"TORRINGTON MUNICIPAL AIRPORT, WY US",2/18/2010,7.61,0.22,,35.00,21.00,,,,,,,,,,,,,
USW00094053,"TORRINGTON MUNICIPAL AIRPORT, WY US",2/19/2010,1.57,0.01,,29.00,14.00,,,,,,,,,,,,,
USW00094053,"TORRINGTON MUNICIPAL AIRPORT, WY US",2/20/2010,10.51,0.06,,26.00,20.00,,,,,,,,,,,,,
USW00094053,"TORRINGTON MUNICIPAL AIRPORT, WY US",2/21/2010,4.47,0.01,,22.00,13.00,,,,,,,,,,,,,
USW00094053,"TORRINGTON MUNICIPAL AIRPORT, WY US",2/22/2010,7.83,0,,22.00,-2.00,,,,,,,,,,,,,
USW00094053,"TORRINGTON MUNICIPAL AIRPORT, WY US",2/23/2010,7.16,0,,35.00,9.00,,,,,,,,,,,,,
USW00094053,"TORRINGTON MUNICIPAL AIRPORT, WY US",2/24/2010,4.7,0,,46.00,7.00,,,,,,,,,,,,,
USW00094053,"TORRINGTON MUNICIPAL AIRPORT, WY US",2/25/2010,10.29,0,,41.00,29.00,,,,,,,,,,,,,
USW00094053,"TORRINGTON MUNICIPAL AIRPORT, WY US",2/26/2010,8.05,0,,46.00,22.00,,,,,,,,,,,,,
USW00094053,"TORRINGTON MUNICIPAL AIRPORT, WY US",2/27/2010,7.61,0,,48.00,21.00,,,,,,,,,,,,,
USW00094053,"TORRINGTON MUNICIPAL AIRPORT, WY US",2/28/2010,7.16,0.1,,32.00,27.00,,,,,,,,,,,,,
USW00094053,"TORRINGTON MUNICIPAL AIRPORT, WY US",3/1/2010,1.79,0.01,,40.00,26.00,,,,,,,,,,,,,
USW00094053,"TORRINGTON MUNICIPAL AIRPORT, WY US",3/2/2010,4.03,0,,56.00,22.00,,,,,,,,,,,,,
USW00094053,"TORRINGTON MUNICIPAL AIRPORT, WY US",3/3/2010,6.93,0,,60.00,26.00,,,,,,,,,,,,,
USW00094053,"TORRINGTON MUNICIPAL AIRPORT, WY US",3/4/2010,7.61,0,,59.00,28.00,,,,,,,,,,,,,
USW00094053,"TORRINGTON MUNICIPAL AIRPORT, WY US",3/5/2010,6.93,0.09,,34.00,31.00,,,,,,,,,,,,,
USW00094053,"TORRINGTON MUNICIPAL AIRPORT, WY US",3/6/2010,7.38,0.03,,41.00,31.00,,,,,,,,,,,,,
USW00094053,"TORRINGTON MUNICIPAL AIRPORT, WY US",3/7/2010,9.84,0,,51.00,28.00,,,,,,,,,,,,,
USW00094053,"TORRINGTON MUNICIPAL AIRPORT, WY US",3/8/2010,4.92,0,,55.00,28.00,,,,,,,,,,,,,
USW00094053,"TORRINGTON MUNICIPAL AIRPORT, WY US",3/9/2010,12.3,0,,49.00,30.00,,,,,,,,,,,,,
USW00094053,"TORRINGTON MUNICIPAL AIRPORT, WY US",3/10/2010,10.96,0.02,,33.00,27.00,,,,,,,,,,,,,
USW00094053,"TORRINGTON MUNICIPAL AIRPORT, WY US",3/11/2010,16.33,0,,44.00,27.00,,,,,,,,,,,,,
USW00094053,"TORRINGTON MUNICIPAL AIRPORT, WY US",3/12/2010,11.63,0,,54.00,27.00,,,,,,,,,,,,,
USW00094053,"TORRINGTON MUNICIPAL AIRPORT, WY US",3/13/2010,8.72,0,,61.00,22.00,,,,,,,,,,,,,
USW00094053,"TORRINGTON MUNICIPAL AIRPORT, WY US",3/14/2010,8.95,0,,40.00,30.00,,,,,,,,,,,,,
USW00094053,"TORRINGTON MUNICIPAL AIRPORT, WY US",3/15/2010,4.03,0,,56.00,27.00,,,,,,,,,,,,,
USW00094053,"TORRINGTON MUNICIPAL AIRPORT, WY US",3/16/2010,6.93,0,,64.00,24.00,,,,,,,,,,,,,
USW00094053,"TORRINGTON MUNICIPAL AIRPORT, WY US",3/17/2010,1.57,0,,70.00,25.00,,,,,,,,,,,,,
USW00094053,"TORRINGTON MUNICIPAL AIRPORT, WY US",3/18/2010,12.3,0.01,,51.00,28.00,,,,,,,,,,,,,
USW00094053,"TORRINGTON MUNICIPAL AIRPORT, WY US",3/19/2010,10.07,0.05,,32.00,20.00,,,,,,,,,,,,,
USW00094053,"TORRINGTON MUNICIPAL AIRPORT, WY US",3/20/2010,5.59,0,,45.00,14.00,,,,,,,,,,,,,
USW00094053,"TORRINGTON MUNICIPAL AIRPORT, WY US",3/21/2010,7.16,0,,63.00,19.00,,,,,,,,,,,,,
USW00094053,"TORRINGTON MUNICIPAL AIRPORT, WY US",3/22/2010,12.75,0,,65.00,40.00,,,,,,,,,,,,,
USW00094053,"TORRINGTON MUNICIPAL AIRPORT, WY US",3/23/2010,9.17,0.61,,41.00,29.00,,,,,,,,,,,,,
USW00094053,"TORRINGTON MUNICIPAL AIRPORT, WY US",3/24/2010,6.49,0,,49.00,27.00,,,,,,,,,,,,,
USW00094053,"TORRINGTON MUNICIPAL AIRPORT, WY US",3/25/2010,6.26,0,,56.00,19.00,,,,,,,,,,,,,
USW00094053,"TORRINGTON MUNICIPAL AIRPORT, WY US",3/26/2010,13.42,0,,56.00,35.00,,,,,,,,,,,,,
USW00094053,"TORRINGTON MUNICIPAL AIRPORT, WY US",3/27/2010,17.22,0,,52.00,30.00,,,,,,,,,,,,,
USW00094053,"TORRINGTON MUNICIPAL AIRPORT, WY US",3/28/2010,10.51,0,,62.00,25.00,,,,,,,,,,,,,
USW00094053,"TORRINGTON MUNICIPAL AIRPORT, WY US",3/29/2010,15.21,0,,69.00,39.00,,,,,,,,,,,,,
USW00094053,"TORRINGTON MUNICIPAL AIRPORT, WY US",3/30/2010,13.2,0,,80.00,36.00,,,,,,,,,,,,,
USW00094053,"TORRINGTON MUNICIPAL AIRPORT, WY US",3/31/2010,9.62,0,,59.00,36.00,,,,,,,,,,,,,
USW00094053,"TORRINGTON MUNICIPAL AIRPORT, WY US",4/1/2010,11.63,0.39,,54.00,35.00,,,,,,,,,,,,,
USW00094053,"TORRINGTON MUNICIPAL AIRPORT, WY US",4/2/2010,15.88,0,,47.00,28.00,,,,,,,,,,,,,
USW00094053,"TORRINGTON MUNICIPAL AIRPORT, WY US",4/3/2010,17.67,0,,54.00,29.00,,,,,,,,,,,,,
USW00094053,"TORRINGTON MUNICIPAL AIRPORT, WY US",4/4/2010,8.5,0,,53.00,27.00,,,,,,,,,,,,,
USW00094053,"TORRINGTON MUNICIPAL AIRPORT, WY US",4/5/2010,7.61,0.02,,64.00,33.00,,,,,,,,,,,,,
USW00094053,"TORRINGTON MUNICIPAL AIRPORT, WY US",4/6/2010,12.75,0.18,,48.00,32.00,,,,,,,,,,,,,
USW00094053,"TORRINGTON MUNICIPAL AIRPORT, WY US",4/7/2010,9.4,0,,50.00,28.00,,,,,,,,,,,,,
USW00094053,"TORRINGTON MUNICIPAL AIRPORT, WY US",4/8/2010,7.83,0,,64.00,21.00,,,,,,,,,,,,,
USW00094053,"TORRINGTON MUNICIPAL AIRPORT, WY US",4/9/2010,12.53,0.08,,59.00,33.00,,,,,,,,,,,,,
USW00094053,"TORRINGTON MUNICIPAL AIRPORT, WY US",4/10/2010,11.18,0,,61.00,31.00,,,,,,,,,,,,,
USW00094053,"TORRINGTON MUNICIPAL AIRPORT, WY US",4/11/2010,12.75,0,,76.00,34.00,,,,,,,,,,,,,
USW00094053,"TORRINGTON MUNICIPAL AIRPORT, WY US",4/12/2010,14.32,0,,78.00,47.00,,,,,,,,,,,,,
USW00094053,"TORRINGTON MUNICIPAL AIRPORT, WY US",4/13/2010,15.88,0,,65.00,44.00,,,,,,,,,,,,,
USW00094053,"TORRINGTON MUNICIPAL AIRPORT, WY US",4/14/2010,11.18,0,,69.00,40.00,,,,,,,,,,,,,
USW00094053,"TORRINGTON MUNICIPAL AIRPORT, WY US",4/15/2010,7.61,0,,64.00,33.00,,,,,,,,,,,,,
USW00094053,"TORRINGTON MUNICIPAL AIRPORT, WY US",4/16/2010,10.29,0,,59.00,30.00,,,,,,,,,,,,,
USW00094053,"TORRINGTON MUNICIPAL AIRPORT, WY US",4/17/2010,16.11,0,,60.00,38.00,,,,,,,,,,,,,
USW00094053,"TORRINGTON MUNICIPAL AIRPORT, WY US",4/18/2010,7.83,0,,72.00,37.00,,,,,,,,,,,,,
USW00094053,"TORRINGTON MUNICIPAL AIRPORT, WY US",4/19/2010,8.05,0,,74.00,38.00,,,,,,,,,,,,,
USW00094053,"TORRINGTON MUNICIPAL AIRPORT, WY US",4/20/2010,7.61,0.15,,67.00,45.00,,,,,,,,,,,,,
USW00094053,"TORRINGTON MUNICIPAL AIRPORT, WY US",4/21/2010,11.86,0,,55.00,43.00,,,,,,,,,,,,,
USW00094053,"TORRINGTON MUNICIPAL AIRPORT, WY US",4/22/2010,9.17,0.55,,55.00,45.00,,,,,,,,,,,,,
USW00094053,"TORRINGTON MUNICIPAL AIRPORT, WY US",4/23/2010,12.53,0.93,,49.00,39.00,,,,,,,,,,,,,
USW00094053,"TORRINGTON MUNICIPAL AIRPORT, WY US",4/24/2010,17.9,0.16,,58.00,34.00,,,,,,,,,,,,,
USW00094053,"TORRINGTON MUNICIPAL AIRPORT, WY US",4/25/2010,11.18,0.01,,50.00,31.00,,,,,,,,,,,,,
USW00094053,"TORRINGTON MUNICIPAL AIRPORT, WY US",4/26/2010,13.42,0,,54.00,29.00,,,,,,,,,,,,,
USW00094053,"TORRINGTON MUNICIPAL AIRPORT, WY US",4/27/2010,10.51,0,,69.00,24.00,,,,,,,,,,,,,
USW00094053,"TORRINGTON MUNICIPAL AIRPORT, WY US",4/28/2010,17.67,0,,79.00,39.00,,,,,,,,,,,,,
USW00094053,"TORRINGTON MUNICIPAL AIRPORT, WY US",4/29/2010,14.09,0,,57.00,35.00,,,,,,,,,,,,,
USW00094053,"TORRINGTON MUNICIPAL AIRPORT, WY US",4/30/2010,14.99,0,,49.00,34.00,,,,,,,,,,,,,
USW00094053,"TORRINGTON MUNICIPAL AIRPORT, WY US",5/1/2010,12.3,0,,59.00,30.00,,,,,,,,,,,,,
USW00094053,"TORRINGTON MUNICIPAL AIRPORT, WY US",5/2/2010,9.17,0.03,,56.00,32.00,,,,,,,,,,,,,
USW00094053,"TORRINGTON MUNICIPAL AIRPORT, WY US",5/3/2010,12.97,0,,68.00,33.00,,,,,,,,,,,,,
USW00094053,"TORRINGTON MUNICIPAL AIRPORT, WY US",5/4/2010,20.58,0,,60.00,36.00,,,,,,,,,,,,,
USW00094053,"TORRINGTON MUNICIPAL AIRPORT, WY US",5/5/2010,11.41,0,,60.00,29.00,,,,,,,,,,,,,
USW00094053,"TORRINGTON MUNICIPAL AIRPORT, WY US",5/6/2010,15.88,0,,55.00,32.00,,,,,,,,,,,,,
USW00094053,"TORRINGTON MUNICIPAL AIRPORT, WY US",5/7/2010,15.88,0,,50.00,28.00,,,,,,,,,,,,,
USW00094053,"TORRINGTON MUNICIPAL AIRPORT, WY US",5/8/2010,13.87,0,,63.00,22.00,,,,,,,,,,,,,
USW00094053,"TORRINGTON MUNICIPAL AIRPORT, WY US",5/9/2010,10.51,0,,72.00,34.00,,,,,,,,,,,,,
USW00094053,"TORRINGTON MUNICIPAL AIRPORT, WY US",5/10/2010,13.2,0.27,,60.00,42.00,,,,,,,,,,,,,
USW00094053,"TORRINGTON MUNICIPAL AIRPORT, WY US",5/11/2010,12.3,0.36,,46.00,33.00,,,,,,,,,,,,,
USW00094053,"TORRINGTON MUNICIPAL AIRPORT, WY US",5/12/2010,7.61,0.34,,42.00,32.00,,,,,,,,,,,,,
USW00094053,"TORRINGTON MUNICIPAL AIRPORT, WY US",5/13/2010,10.51,0,,55.00,33.00,,,,,,,,,,,,,
USW00094053,"TORRINGTON MUNICIPAL AIRPORT, WY US",5/14/2010,8.5,0,,68.00,33.00,,,,,,,,,,,,,
USW00094053,"TORRINGTON MUNICIPAL AIRPORT, WY US",5/15/2010,9.17,0.39,,58.00,46.00,,,,,,,,,,,,,
USW00094053,"TORRINGTON MUNICIPAL AIRPORT, WY US",5/16/2010,6.93,0,,67.00,45.00,,,,,,,,,,,,,
USW00094053,"TORRINGTON MUNICIPAL AIRPORT, WY US",5/17/2010,11.41,0.01,,76.00,41.00,,,,,,,,,,,,,
USW00094053,"TORRINGTON MUNICIPAL AIRPORT, WY US",5/18/2010,15.21,0.29,,67.00,48.00,,,,,,,,,,,,,
USW00094053,"TORRINGTON MUNICIPAL AIRPORT, WY US",5/19/2010,7.61,0.55,,62.00,48.00,,,,,,,,,,,,,
USW00094053,"TORRINGTON MUNICIPAL AIRPORT, WY US",5/20/2010,10.51,0.1,,67.00,49.00,,,,,,,,,,,,,
USW00094053,"TORRINGTON MUNICIPAL AIRPORT, WY US",5/21/2010,11.86,0,,73.00,49.00,,,,,,,,,,,,,
USW00094053,"TORRINGTON MUNICIPAL AIRPORT, WY US",5/22/2010,10.51,0,,83.00,44.00,,,,,,,,,,,,,
USW00094053,"TORRINGTON MUNICIPAL AIRPORT, WY US",5/23/2010,10.96,0.08,,74.00,43.00,,,,,,,,,,,,,
USW00094053,"TORRINGTON MUNICIPAL AIRPORT, WY US",5/24/2010,18.12,0.35,,69.00,46.00,,,,,,,,,,,,,
USW00094053,"TORRINGTON MUNICIPAL AIRPORT, WY US",5/25/2010,12.53,0,,73.00,44.00,,,,,,,,,,,,,
USW00094053,"TORRINGTON MUNICIPAL AIRPORT, WY US",5/26/2010,14.99,0,,79.00,45.00,,,,,,,,,,,,,
USW00094053,"TORRINGTON MUNICIPAL AIRPORT, WY US",5/27/2010,15.66,0,,87.00,59.00,,,,,,,,,,,,,
USW00094053,"TORRINGTON MUNICIPAL AIRPORT, WY US",5/28/2010,13.42,0,,92.00,59.00,,,,,,,,,,,,,
USW00094053,"TORRINGTON MUNICIPAL AIRPORT, WY US",5/29/2010,13.42,0,,74.00,51.00,,,,,,,,,,,,,
USW00094053,"TORRINGTON MUNICIPAL AIRPORT, WY US",5/30/2010,7.16,0,,73.00,42.00,,,,,,,,,,,,,
USW00094053,"TORRINGTON MUNICIPAL AIRPORT, WY US",5/31/2010,10.51,0,,81.00,47.00,,,,,,,,,,,,,
USW00094053,"TORRINGTON MUNICIPAL AIRPORT, WY US",6/1/2010,7.38,0.04,,81.00,50.00,,,,,,,,,,,,,
USW00094053,"TORRINGTON MUNICIPAL AIRPORT, WY US",6/2/2010,3.58,0.01,,77.00,45.00,,,,,,,,,,,,,
USW00094053,"TORRINGTON MUNICIPAL AIRPORT, WY US",6/3/2010,12.08,0,,82.00,49.00,,,,,,,,,,,,,
USW00094053,"TORRINGTON MUNICIPAL AIRPORT, WY US",6/4/2010,6.71,0.01,,84.00,54.00,,,,,,,,,,,,,
USW00094053,"TORRINGTON MUNICIPAL AIRPORT, WY US",6/5/2010,9.4,0,,78.00,56.00,,,,,,,,,,,,,
USW00094053,"TORRINGTON MUNICIPAL AIRPORT, WY US",6/6/2010,9.17,0,,88.00,49.00,,,,,,,,,,,,,
USW00094053,"TORRINGTON MUNICIPAL AIRPORT, WY US",6/7/2010,11.41,0.68,,83.00,54.00,,,,,,,,,,,,,
USW00094053,"TORRINGTON MUNICIPAL AIRPORT, WY US",6/8/2010,7.83,0.05,,75.00,55.00,,,,,,,,,,,,,
USW00094053,"TORRINGTON MUNICIPAL AIRPORT, WY US",6/9/2010,9.84,1.29,,81.00,53.00,,,,,,,,,,,,,
USW00094053,"TORRINGTON MUNICIPAL AIRPORT, WY US",6/10/2010,6.93,0.24,,82.00,56.00,,,,,,,,,,,,,
USW00094053,"TORRINGTON MUNICIPAL AIRPORT, WY US",6/11/2010,12.75,0.51,,71.00,49.00,,,,,,,,,,,,,
USW00094053,"TORRINGTON MUNICIPAL AIRPORT, WY US",6/12/2010,10.29,0.63,,54.00,49.00,,,,,,,,,,,,,
USW00094053,"TORRINGTON MUNICIPAL AIRPORT, WY US",6/13/2010,8.05,0.64,,54.00,45.00,,,,,,,,,,,,,
USW00094053,"TORRINGTON MUNICIPAL AIRPORT, WY US",6/14/2010,4.25,0,,64.00,43.00,,,,,,,,,,,,,
USW00094053,"TORRINGTON MUNICIPAL AIRPORT, WY US",6/15/2010,5.82,0.01,,81.00,46.00,,,,,,,,,,,,,
USW00094053,"TORRINGTON MUNICIPAL AIRPORT, WY US",6/16/2010,11.86,0,,88.00,55.00,,,,,,,,,,,,,
USW00094053,"TORRINGTON MUNICIPAL AIRPORT, WY US",6/17/2010,21.7,0,,76.00,54.00,,,,,,,,,,,,,
USW00094053,"TORRINGTON MUNICIPAL AIRPORT, WY US",6/18/2010,8.05,0,,84.00,47.00,,,,,,,,,,,,,
USW00094053,"TORRINGTON MUNICIPAL AIRPORT, WY US",6/19/2010,12.3,0,,85.00,52.00,,,,,,,,,,,,,
USW00094053,"TORRINGTON MUNICIPAL AIRPORT, WY US",6/20/2010,13.65,0.34,,73.00,59.00,,,,,,,,,,,,,
USW00094053,"TORRINGTON MUNICIPAL AIRPORT, WY US",6/21/2010,8.28,0.01,,88.00,57.00,,,,,,,,,,,,,
USW00094053,"TORRINGTON MUNICIPAL AIRPORT, WY US",6/22/2010,7.83,0,,84.00,54.00,,,,,,,,,,,,,
USW00094053,"TORRINGTON MUNICIPAL AIRPORT, WY US",6/23/2010,6.93,0,,80.00,50.00,,,,,,,,,,,,,
USW00094053,"TORRINGTON MUNICIPAL AIRPORT, WY US",6/24/2010,9.84,0,,90.00,52.00,,,,,,,,,,,,,
USW00094053,"TORRINGTON MUNICIPAL AIRPORT, WY US",6/25/2010,6.04,0,,96.00,57.00,,,,,,,,,,,,,
USW00094053,"TORRINGTON MUNICIPAL AIRPORT, WY US",6/26/2010,7.38,0.27,,92.00,60.00,,,,,,,,,,,,,
USW00094053,"TORRINGTON MUNICIPAL AIRPORT, WY US",6/27/2010,3.8,0,,84.00,55.00,,,,,,,,,,,,,
USW00094053,"TORRINGTON MUNICIPAL AIRPORT, WY US",6/28/2010,6.04,0,,90.00,56.00,,,,,,,,,,,,,
USW00094053,"TORRINGTON MUNICIPAL AIRPORT, WY US",6/29/2010,9.62,0,,95.00,59.00,,,,,,,,,,,,,
USW00094053,"TORRINGTON MUNICIPAL AIRPORT, WY US",6/30/2010,14.32,0,,95.00,65.00,,,,,,,,,,,,,
USW00094053,"TORRINGTON MUNICIPAL AIRPORT, WY US",7/1/2010,9.17,0,,95.00,60.00,,,,,,,,,,,,,
USW00094053,"TORRINGTON MUNICIPAL AIRPORT, WY US",7/2/2010,8.72,0,,96.00,60.00,,,,,,,,,,,,,
USW00094053,"TORRINGTON MUNICIPAL AIRPORT, WY US",7/3/2010,9.62,0,,93.00,60.00,,,,,,,,,,,,,
USW00094053,"TORRINGTON MUNICIPAL AIRPORT, WY US",7/4/2010,9.84,0.19,,65.00,53.00,,,,,,,,,,,,,
USW00094053,"TORRINGTON MUNICIPAL AIRPORT, WY US",7/5/2010,6.26,0.01,,83.00,51.00,,,,,,,,,,,,,
USW00094053,"TORRINGTON MUNICIPAL AIRPORT, WY US",7/6/2010,10.51,0.26,,76.00,54.00,,,,,,,,,,,,,
USW00094053,"TORRINGTON MUNICIPAL AIRPORT, WY US",7/7/2010,2.68,0,,64.00,54.00,,,,,,,,,,,,,
USW00094053,"TORRINGTON MUNICIPAL AIRPORT, WY US",7/8/2010,4.03,0.01,,79.00,50.00,,,,,,,,,,,,,
USW00094053,"TORRINGTON MUNICIPAL AIRPORT, WY US",7/9/2010,5.37,0,,87.00,53.00,,,,,,,,,,,,,
USW00094053,"TORRINGTON MUNICIPAL AIRPORT, WY US",7/10/2010,8.95,0.02,,91.00,55.00,,,,,,,,,,,,,
USW00094053,"TORRINGTON MUNICIPAL AIRPORT, WY US",7/11/2010,6.93,0.02,,87.00,53.00,,,,,,,,,,,,,
USW00094053,"TORRINGTON MUNICIPAL AIRPORT, WY US",7/12/2010,6.71,0,,89.00,58.00,,,,,,,,,,,,,
USW00094053,"TORRINGTON MUNICIPAL AIRPORT, WY US",7/13/2010,11.41,0,,100.00,57.00,,,,,,,,,,,,,
USW00094053,"TORRINGTON MUNICIPAL AIRPORT, WY US",7/14/2010,9.84,0,,84.00,58.00,,,,,,,,,,,,,
USW00094053,"TORRINGTON MUNICIPAL AIRPORT, WY US",7/15/2010,7.38,0,,92.00,51.00,,,,,,,,,,,,,
USW00094053,"TORRINGTON MUNICIPAL AIRPORT, WY US",7/16/2010,3.8,0,,96.00,53.00,,,,,,,,,,,,,
USW00094053,"TORRINGTON MUNICIPAL AIRPORT, WY US",7/17/2010,6.04,0,,93.00,58.00,,,,,,,,,,,,,
USW00094053,"TORRINGTON MUNICIPAL AIRPORT, WY US",7/18/2010,8.28,0,,96.00,59.00,,,,,,,,,,,,,
USW00094053,"TORRINGTON MUNICIPAL AIRPORT, WY US",7/19/2010,12.97,0,,92.00,59.00,,,,,,,,,,,,,
USW00094053,"TORRINGTON MUNICIPAL AIRPORT, WY US",7/20/2010,10.07,0,,78.00,60.00,,,,,,,,,,,,,
USW00094053,"TORRINGTON MUNICIPAL AIRPORT, WY US",7/21/2010,10.29,0,,91.00,62.00,,,,,,,,,,,,,
USW00094053,"TORRINGTON MUNICIPAL AIRPORT, WY US",7/22/2010,8.5,0,,92.00,57.00,,,,,,,,,,,,,
USW00094053,"TORRINGTON MUNICIPAL AIRPORT, WY US",7/23/2010,11.63,0,,99.00,56.00,,,,,,,,,,,,,
USW00094053,"TORRINGTON MUNICIPAL AIRPORT, WY US",7/24/2010,5.37,0,,85.00,54.00,,,,,,,,,,,,,
USW00094053,"TORRINGTON MUNICIPAL AIRPORT, WY US",7/25/2010,11.41,0,,92.00,55.00,,,,,,,,,,,,,
USW00094053,"TORRINGTON MUNICIPAL AIRPORT, WY US",7/26/2010,9.84,0,,99.00,61.00,,,,,,,,,,,,,
USW00094053,"TORRINGTON MUNICIPAL AIRPORT, WY US",7/27/2010,10.29,0,,90.00,59.00,,,,,,,,,,,,,
USW00094053,"TORRINGTON MUNICIPAL AIRPORT, WY US",7/28/2010,9.62,0,,86.00,57.00,,,,,,,,,,,,,
USW00094053,"TORRINGTON MUNICIPAL AIRPORT, WY US",7/29/2010,5.82,0.04,,95.00,69.00,,,,,,,,,,,,,
USW00094053,"TORRINGTON MUNICIPAL AIRPORT, WY US",7/30/2010,5.37,0.02,,92.00,65.00,,,,,,,,,,,,,
USW00094053,"TORRINGTON MUNICIPAL AIRPORT, WY US",7/31/2010,11.41,0,,96.00,60.00,,,,,,,,,,,,,
USW00094053,"TORRINGTON MUNICIPAL AIRPORT, WY US",8/1/2010,7.61,0,,95.00,63.00,,,,,,,,,,,,,
USW00094053,"TORRINGTON MUNICIPAL AIRPORT, WY US",8/2/2010,8.05,0,,98.00,67.00,,,,,,,,,,,,,
USW00094053,"TORRINGTON MUNICIPAL AIRPORT, WY US",8/3/2010,11.18,0.21,,95.00,61.00,,,,,,,,,,,,,
USW00094053,"TORRINGTON MUNICIPAL AIRPORT, WY US",8/4/2010,5.14,0,,83.00,57.00,,,,,,,,,,,,,
USW00094053,"TORRINGTON MUNICIPAL AIRPORT, WY US",8/5/2010,5.82,0,,89.00,56.00,,,,,,,,,,,,,
USW00094053,"TORRINGTON MUNICIPAL AIRPORT, WY US",8/6/2010,8.28,0,,95.00,57.00,,,,,,,,,,,,,
USW00094053,"TORRINGTON MUNICIPAL AIRPORT, WY US",8/7/2010,6.04,0,,96.00,59.00,,,,,,,,,,,,,
USW00094053,"TORRINGTON MUNICIPAL AIRPORT, WY US",8/8/2010,5.37,0,,91.00,66.00,,,,,,,,,,,,,
USW00094053,"TORRINGTON MUNICIPAL AIRPORT, WY US",8/9/2010,6.49,0.16,,87.00,63.00,,,,,,,,,,,,,
USW00094053,"TORRINGTON MUNICIPAL AIRPORT, WY US",8/10/2010,5.59,0.01,,93.00,57.00,,,,,,,,,,,,,
USW00094053,"TORRINGTON MUNICIPAL AIRPORT, WY US",8/11/2010,4.92,0,,98.00,61.00,,,,,,,,,,,,,
USW00094053,"TORRINGTON MUNICIPAL AIRPORT, WY US",8/12/2010,8.05,0,,96.00,62.00,,,,,,,,,,,,,
USW00094053,"TORRINGTON MUNICIPAL AIRPORT, WY US",8/13/2010,6.26,0,,86.00,55.00,,,,,,,,,,,,,
USW00094053,"TORRINGTON MUNICIPAL AIRPORT, WY US",8/14/2010,7.38,0,,79.00,56.00,,,,,,,,,,,,,
USW00094053,"TORRINGTON MUNICIPAL AIRPORT, WY US",8/15/2010,6.26,0,,81.00,50.00,,,,,,,,,,,,,
USW00094053,"TORRINGTON MUNICIPAL AIRPORT, WY US",8/16/2010,7.61,0.49,,81.00,57.00,,,,,,,,,,,,,
USW00094053,"TORRINGTON MUNICIPAL AIRPORT, WY US",8/17/2010,5.37,0,,89.00,54.00,,,,,,,,,,,,,
USW00094053,"TORRINGTON MUNICIPAL AIRPORT, WY US",8/18/2010,8.05,0,,98.00,57.00,,,,,,,,,,,,,
USW00094053,"TORRINGTON MUNICIPAL AIRPORT, WY US",8/19/2010,7.61,0.01,,87.00,62.00,,,,,,,,,,,,,
USW00094053,"TORRINGTON MUNICIPAL AIRPORT, WY US",8/20/2010,6.26,0,,92.00,61.00,,,,,,,,,,,,,
USW00094053,"TORRINGTON MUNICIPAL AIRPORT, WY US",8/21/2010,4.25,0,,96.00,53.00,,,,,,,,,,,,,
USW00094053,"TORRINGTON MUNICIPAL AIRPORT, WY US",8/22/2010,9.84,0,,100.00,62.00,,,,,,,,,,,,,
USW00094053,"TORRINGTON MUNICIPAL AIRPORT, WY US",8/23/2010,10.07,0,,83.00,57.00,,,,,,,,,,,,,
USW00094053,"TORRINGTON MUNICIPAL AIRPORT, WY US",8/24/2010,7.61,0,,83.00,48.00,,,,,,,,,,,,,
USW00094053,"TORRINGTON MUNICIPAL AIRPORT, WY US",8/25/2010,6.93,0,,91.00,51.00,,,,,,,,,,,,,
USW00094053,"TORRINGTON MUNICIPAL AIRPORT, WY US",8/26/2010,7.61,0,,101.00,52.00,,,,,,,,,,,,,
USW00094053,"TORRINGTON MUNICIPAL AIRPORT, WY US",8/27/2010,6.71,0,,101.00,56.00,,,,,,,,,,,,,
USW00094053,"TORRINGTON MUNICIPAL AIRPORT, WY US",8/28/2010,6.04,0,,93.00,60.00,,,,,,,,,,,,,
USW00094053,"TORRINGTON MUNICIPAL AIRPORT, WY US",8/29/2010,6.93,0,,96.00,59.00,,,,,,,,,,,,,
USW00094053,"TORRINGTON MUNICIPAL AIRPORT, WY US",8/30/2010,9.62,0,,83.00,54.00,,,,,,,,,,,,,
USW00094053,"TORRINGTON MUNICIPAL AIRPORT, WY US",8/31/2010,5.14,0,,78.00,50.00,,,,,,,,,,,,,
USW00094053,"TORRINGTON MUNICIPAL AIRPORT, WY US",9/1/2010,11.41,0,,86.00,50.00,,,,,,,,,,,,,
USW00094053,"TORRINGTON MUNICIPAL AIRPORT, WY US",9/2/2010,13.65,0,,70.00,45.00,,,,,,,,,,,,,
USW00094053,"TORRINGTON MUNICIPAL AIRPORT, WY US",9/3/2010,4.7,0,,80.00,35.00,,,,,,,,,,,,,
USW00094053,"TORRINGTON MUNICIPAL AIRPORT, WY US",9/4/2010,6.49,0,,94.00,42.00,,,,,,,,,,,,,
USW00094053,"TORRINGTON MUNICIPAL AIRPORT, WY US",9/5/2010,7.61,0,,94.00,50.00,,,,,,,,,,,,,
USW00094053,"TORRINGTON MUNICIPAL AIRPORT, WY US",9/6/2010,15.21,0,,70.00,39.00,,,,,,,,,,,,,
USW00094053,"TORRINGTON MUNICIPAL AIRPORT, WY US",9/7/2010,9.4,0,,85.00,33.00,,,,,,,,,,,,,
USW00094053,"TORRINGTON MUNICIPAL AIRPORT, WY US",9/8/2010,9.4,0,,90.00,54.00,,,,,,,,,,,,,
USW00094053,"TORRINGTON MUNICIPAL AIRPORT, WY US",9/9/2010,9.62,0,,89.00,55.00,,,,,,,,,,,,,
USW00094053,"TORRINGTON MUNICIPAL AIRPORT, WY US",9/10/2010,10.74,0,,75.00,45.00,,,,,,,,,,,,,
USW00094053,"TORRINGTON MUNICIPAL AIRPORT, WY US",9/11/2010,6.93,0,,83.00,39.00,,,,,,,,,,,,,
USW00094053,"TORRINGTON MUNICIPAL AIRPORT, WY US",9/12/2010,4.25,0,,84.00,39.00,,,,,,,,,,,,,
USW00094053,"TORRINGTON MUNICIPAL AIRPORT, WY US",9/13/2010,4.7,0,,92.00,41.00,,,,,,,,,,,,,
USW00094053,"TORRINGTON MUNICIPAL AIRPORT, WY US",9/14/2010,6.49,0,,89.00,46.00,,,,,,,,,,,,,
USW00094053,"TORRINGTON MUNICIPAL AIRPORT, WY US",9/15/2010,10.07,0,,78.00,49.00,,,,,,,,,,,,,
USW00094053,"TORRINGTON MUNICIPAL AIRPORT, WY US",9/16/2010,6.26,0,,88.00,42.00,,,,,,,,,,,,,
USW00094053,"TORRINGTON MUNICIPAL AIRPORT, WY US",9/17/2010,9.84,0,,80.00,47.00,,,,,,,,,,,,,
USW00094053,"TORRINGTON MUNICIPAL AIRPORT, WY US",9/18/2010,10.07,0.03,,50.00,38.00,,,,,,,,,,,,,
USW00094053,"TORRINGTON MUNICIPAL AIRPORT, WY US",9/19/2010,8.95,0.01,,80.00,41.00,,,,,,,,,,,,,
USW00094053,"TORRINGTON MUNICIPAL AIRPORT, WY US",9/20/2010,8.05,0.01,,93.00,49.00,,,,,,,,,,,,,
USW00094053,"TORRINGTON MUNICIPAL AIRPORT, WY US",9/21/2010,8.5,0,,76.00,45.00,,,,,,,,,,,,,
USW00094053,"TORRINGTON MUNICIPAL AIRPORT, WY US",9/22/2010,9.4,0.19,,85.00,54.00,,,,,,,,,,,,,
USW00094053,"TORRINGTON MUNICIPAL AIRPORT, WY US",9/23/2010,9.62,0,,70.00,43.00,,,,,,,,,,,,,
USW00094053,"TORRINGTON MUNICIPAL AIRPORT, WY US",9/24/2010,6.93,0,,83.00,36.00,,,,,,,,,,,,,
USW00094053,"TORRINGTON MUNICIPAL AIRPORT, WY US",9/25/2010,5.37,0,,79.00,42.00,,,,,,,,,,,,,
USW00094053,"TORRINGTON MUNICIPAL AIRPORT, WY US",9/26/2010,4.92,0,,92.00,43.00,,,,,,,,,,,,,
USW00094053,"TORRINGTON MUNICIPAL AIRPORT, WY US",9/27/2010,8.72,0,,84.00,50.00,,,,,,,,,,,,,
USW00094053,"TORRINGTON MUNICIPAL AIRPORT, WY US",9/28/2010,3.36,0,,92.00,42.00,,,,,,,,,,,,,
USW00094053,"TORRINGTON MUNICIPAL AIRPORT, WY US",9/29/2010,9.4,0,,80.00,46.00,,,,,,,,,,,,,
USW00094053,"TORRINGTON MUNICIPAL AIRPORT, WY US",9/30/2010,9.17,0,,81.00,40.00,,,,,,,,,,,,,
USW00094053,"TORRINGTON MUNICIPAL AIRPORT, WY US",10/1/2010,9.62,0,,79.00,42.00,,,,,,,,,,,,,
USW00094053,"TORRINGTON MUNICIPAL AIRPORT, WY US",10/2/2010,12.75,0,,70.00,41.00,,,,,,,,,,,,,
USW00094053,"TORRINGTON MUNICIPAL AIRPORT, WY US",10/3/2010,9.84,0,,81.00,37.00,,,,,,,,,,,,,
USW00094053,"TORRINGTON MUNICIPAL AIRPORT, WY US",10/4/2010,9.4,0.02,,84.00,41.00,,,,,,,,,,,,,
USW00094053,"TORRINGTON MUNICIPAL AIRPORT, WY US",10/5/2010,5.37,0,,85.00,42.00,,,,,,,,,,,,,
USW00094053,"TORRINGTON MUNICIPAL AIRPORT, WY US",10/6/2010,7.83,0,,73.00,50.00,,,,,,,,,,,,,
USW00094053,"TORRINGTON MUNICIPAL AIRPORT, WY US",10/7/2010,9.4,0,,85.00,48.00,,,,,,,,,,,,,
USW00094053,"TORRINGTON MUNICIPAL AIRPORT, WY US",10/8/2010,8.05,0,,74.00,46.00,,,,,,,,,,,,,
USW00094053,"TORRINGTON MUNICIPAL AIRPORT, WY US",10/9/2010,12.3,0.23,,70.00,41.00,,,,,,,,,,,,,
USW00094053,"TORRINGTON MUNICIPAL AIRPORT, WY US",10/10/2010,11.18,0.28,,66.00,47.00,,,,,,,,,,,,,
USW00094053,"TORRINGTON MUNICIPAL AIRPORT, WY US",10/11/2010,4.47,0.01,,72.00,42.00,,,,,,,,,,,,,
USW00094053,"TORRINGTON MUNICIPAL AIRPORT, WY US",10/12/2010,6.26,0.03,,63.00,45.00,,,,,,,,,,,,,
USW00094053,"TORRINGTON MUNICIPAL AIRPORT, WY US",10/13/2010,2.01,0,,69.00,36.00,,,,,,,,,,,,,
USW00094053,"TORRINGTON MUNICIPAL AIRPORT, WY US",10/14/2010,3.8,0,,79.00,38.00,,,,,,,,,,,,,
USW00094053,"TORRINGTON MUNICIPAL AIRPORT, WY US",10/15/2010,7.61,0,,81.00,35.00,,,,,,,,,,,,,
USW00094053,"TORRINGTON MUNICIPAL AIRPORT, WY US",10/16/2010,9.62,0,,63.00,42.00,,,,,,,,,,,,,
USW00094053,"TORRINGTON MUNICIPAL AIRPORT, WY US",10/17/2010,6.49,0,,66.00,40.00,,,,,,,,,,,,,
USW00094053,"TORRINGTON MUNICIPAL AIRPORT, WY US",10/18/2010,4.25,0,,56.00,35.00,,,,,,,,,,,,,
USW00094053,"TORRINGTON MUNICIPAL AIRPORT, WY US",10/19/2010,6.93,0,,67.00,30.00,,,,,,,,,,,,,
USW00094053,"TORRINGTON MUNICIPAL AIRPORT, WY US",10/20/2010,4.92,0,,73.00,30.00,,,,,,,,,,,,,
USW00094053,"TORRINGTON MUNICIPAL AIRPORT, WY US",10/21/2010,5.37,0,,79.00,31.00,,,,,,,,,,,,,
USW00094053,"TORRINGTON MUNICIPAL AIRPORT, WY US",10/22/2010,4.25,0.12,,55.00,35.00,,,,,,,,,,,,,
USW00094053,"TORRINGTON MUNICIPAL AIRPORT, WY US",10/23/2010,4.03,0.27,,55.00,40.00,,,,,,,,,,,,,
USW00094053,"TORRINGTON MUNICIPAL AIRPORT, WY US",10/24/2010,10.51,0,,66.00,34.00,,,,,,,,,,,,,
USW00094053,"TORRINGTON MUNICIPAL AIRPORT, WY US",10/25/2010,13.65,0.08,,61.00,35.00,,,,,,,,,,,,,
USW00094053,"TORRINGTON MUNICIPAL AIRPORT, WY US",10/26/2010,17.45,0,,51.00,30.00,,,,,,,,,,,,,
USW00094053,"TORRINGTON MUNICIPAL AIRPORT, WY US",10/27/2010,14.32,0,,49.00,27.00,,,,,,,,,,,,,
USW00094053,"TORRINGTON MUNICIPAL AIRPORT, WY US",10/28/2010,6.26,0,,64.00,20.00,,,,,,,,,,,,,
USW00094053,"TORRINGTON MUNICIPAL AIRPORT, WY US",10/29/2010,9.62,0,,75.00,31.00,,,,,,,,,,,,,
USW00094053,"TORRINGTON MUNICIPAL AIRPORT, WY US",10/30/2010,8.5,0,,67.00,40.00,,,,,,,,,,,,,
USW00094053,"TORRINGTON MUNICIPAL AIRPORT, WY US",10/31/2010,8.28,0,,67.00,39.00,,,,,,,,,,,,,
USW00094053,"TORRINGTON MUNICIPAL AIRPORT, WY US",11/1/2010,6.93,0,,62.00,31.00,,,,,,,,,,,,,
USW00094053,"TORRINGTON MUNICIPAL AIRPORT, WY US",11/2/2010,7.61,0,,72.00,30.00,,,,,,,,,,,,,
USW00094053,"TORRINGTON MUNICIPAL AIRPORT, WY US",11/3/2010,10.74,0,,59.00,30.00,,,,,,,,,,,,,
USW00094053,"TORRINGTON MUNICIPAL AIRPORT, WY US",11/4/2010,4.47,0,,58.00,21.00,,,,,,,,,,,,,
USW00094053,"TORRINGTON MUNICIPAL AIRPORT, WY US",11/5/2010,2.91,0,,72.00,23.00,,,,,,,,,,,,,
USW00094053,"TORRINGTON MUNICIPAL AIRPORT, WY US",11/6/2010,3.13,0,,77.00,29.00,,,,,,,,,,,,,
USW00094053,"TORRINGTON MUNICIPAL AIRPORT, WY US",11/7/2010,5.82,0,,74.00,35.00,,,,,,,,,,,,,
USW00094053,"TORRINGTON MUNICIPAL AIRPORT, WY US",11/8/2010,6.71,0,,71.00,31.00,,,,,,,,,,,,,
USW00094053,"TORRINGTON MUNICIPAL AIRPORT, WY US",11/9/2010,14.76,0.01,,51.00,31.00,,,,,,,,,,,,,
USW00094053,"TORRINGTON MUNICIPAL AIRPORT, WY US",11/10/2010,5.82,0,,45.00,24.00,,,,,,,,,,,,,
USW00094053,"TORRINGTON MUNICIPAL AIRPORT, WY US",11/11/2010,2.91,0.18,,33.00,25.00,,,,,,,,,,,,,
USW00094053,"TORRINGTON MUNICIPAL AIRPORT, WY US",11/12/2010,5.37,0,,43.00,16.00,,,,,,,,,,,,,
USW00094053,"TORRINGTON MUNICIPAL AIRPORT, WY US",11/13/2010,8.72,0.02,,41.00,21.00,,,,,,,,,,,,,
USW00094053,"TORRINGTON MUNICIPAL AIRPORT, WY US",11/14/2010,5.59,0,,43.00,16.00,,,,,,,,,,,,,
USW00094053,"TORRINGTON MUNICIPAL AIRPORT, WY US",11/15/2010,7.38,0,,41.00,25.00,,,,,,,,,,,,,
USW00094053,"TORRINGTON MUNICIPAL AIRPORT, WY US",11/16/2010,9.84,0.11,,42.00,25.00,,,,,,,,,,,,,
USW00094053,"TORRINGTON MUNICIPAL AIRPORT, WY US",11/17/2010,7.83,0,,39.00,23.00,,,,,,,,,,,,,
USW00094053,"TORRINGTON MUNICIPAL AIRPORT, WY US",11/18/2010,7.16,0,,60.00,25.00,,,,,,,,,,,,,
USW00094053,"TORRINGTON MUNICIPAL AIRPORT, WY US",11/19/2010,10.29,0,,44.00,22.00,,,,,,,,,,,,,
USW00094053,"TORRINGTON MUNICIPAL AIRPORT, WY US",11/20/2010,13.65,0,,35.00,24.00,,,,,,,,,,,,,
USW00094053,"TORRINGTON MUNICIPAL AIRPORT, WY US",11/21/2010,10.51,0.09,,30.00,22.00,,,,,,,,,,,,,
USW00094053,"TORRINGTON MUNICIPAL AIRPORT, WY US",11/22/2010,9.62,0.01,,36.00,8.00,,,,,,,,,,,,,
USW00094053,"TORRINGTON MUNICIPAL AIRPORT, WY US",11/23/2010,9.84,0,,44.00,11.00,,,,,,,,,,,,,
USW00094053,"TORRINGTON MUNICIPAL AIRPORT, WY US",11/24/2010,17.9,0,,24.00,5.00,,,,,,,,,,,,,
USW00094053,"TORRINGTON MUNICIPAL AIRPORT, WY US",11/25/2010,18.34,0,,29.00,11.00,,,,,,,,,,,,,
USW00094053,"TORRINGTON MUNICIPAL AIRPORT, WY US",11/26/2010,12.53,0,,43.00,20.00,,,,,,,,,,,,,
USW00094053,"TORRINGTON MUNICIPAL AIRPORT, WY US",11/27/2010,3.36,0,,51.00,19.00,,,,,,,,,,,,,
USW00094053,"TORRINGTON MUNICIPAL AIRPORT, WY US",11/28/2010,7.38,0,,41.00,22.00,,,,,,,,,,,,,
USW00094053,"TORRINGTON MUNICIPAL AIRPORT, WY US",11/29/2010,21.92,0,,26.00,14.00,,,,,,,,,,,,,
USW00094053,"TORRINGTON MUNICIPAL AIRPORT, WY US",11/30/2010,11.41,0,,36.00,12.00,,,,,,,,,,,,,
USW00094053,"TORRINGTON MUNICIPAL AIRPORT, WY US",12/1/2010,14.99,0,,51.00,26.00,,,,,,,,,,,,,
USW00094053,"TORRINGTON MUNICIPAL AIRPORT, WY US",12/2/2010,4.25,0,,52.00,21.00,,,,,,,,,,,,,
USW00094053,"TORRINGTON MUNICIPAL AIRPORT, WY US",12/3/2010,13.42,0,,56.00,30.00,,,,,,,,,,,,,
USW00094053,"TORRINGTON MUNICIPAL AIRPORT, WY US",12/4/2010,7.83,0,,30.00,25.00,,,,,,,,,,,,,
USW00094053,"TORRINGTON MUNICIPAL AIRPORT, WY US",12/5/2010,3.8,0,,30.00,24.00,,,,,,,,,,,,,
USW00094053,"TORRINGTON MUNICIPAL AIRPORT, WY US",12/6/2010,2.01,0.02,,31.00,22.00,,,,,,,,,,,,,
USW00094053,"TORRINGTON MUNICIPAL AIRPORT, WY US",12/7/2010,8.05,0,,47.00,24.00,,,,,,,,,,,,,
USW00094053,"TORRINGTON MUNICIPAL AIRPORT, WY US",12/8/2010,6.93,0,,54.00,17.00,,,,,,,,,,,,,
USW00094053,"TORRINGTON MUNICIPAL AIRPORT, WY US",12/9/2010,12.3,0,,56.00,24.00,,,,,,,,,,,,,
USW00094053,"TORRINGTON MUNICIPAL AIRPORT, WY US",12/10/2010,17.22,0.03,,54.00,23.00,,,,,,,,,,,,,
USW00094053,"TORRINGTON MUNICIPAL AIRPORT, WY US",12/11/2010,13.65,0,,32.00,15.00,,,,,,,,,,,,,
USW00094053,"TORRINGTON MUNICIPAL AIRPORT, WY US",12/12/2010,2.91,0,,46.00,9.00,,,,,,,,,,,,,
USW00094053,"TORRINGTON MUNICIPAL AIRPORT, WY US",12/13/2010,11.41,0,,59.00,31.00,,,,,,,,,,,,,
USW00094053,"TORRINGTON MUNICIPAL AIRPORT, WY US",12/14/2010,4.03,0,,53.00,24.00,,,,,,,,,,,,,
USW00094053,"TORRINGTON MUNICIPAL AIRPORT, WY US",12/15/2010,8.72,0.18,,51.00,21.00,,,,,,,,,,,,,
USW00094053,"TORRINGTON MUNICIPAL AIRPORT, WY US",12/16/2010,7.61,0,,35.00,14.00,,,,,,,,,,,,,
USW00094053,"TORRINGTON MUNICIPAL AIRPORT, WY US",12/17/2010,5.14,0,,31.00,9.00,,,,,,,,,,,,,
USW00094053,"TORRINGTON MUNICIPAL AIRPORT, WY US",12/18/2010,4.47,0.01,,29.00,7.00,,,,,,,,,,,,,
USW00094053,"TORRINGTON MUNICIPAL AIRPORT, WY US",12/19/2010,5.82,0.05,,35.00,20.00,,,,,,,,,,,,,
USW00094053,"TORRINGTON MUNICIPAL AIRPORT, WY US",12/20/2010,10.51,0.01,,46.00,27.00,,,,,,,,,,,,,
USW00094053,"TORRINGTON MUNICIPAL AIRPORT, WY US",12/21/2010,3.8,0.08,,33.00,29.00,,,,,,,,,,,,,
USW00094053,"TORRINGTON MUNICIPAL AIRPORT, WY US",12/22/2010,12.97,0,,36.00,23.00,,,,,,,,,,,,,
USW00094053,"TORRINGTON MUNICIPAL AIRPORT, WY US",12/23/2010,8.05,0,,44.00,24.00,,,,,,,,,,,,,
USW00094053,"TORRINGTON MUNICIPAL AIRPORT, WY US",12/24/2010,6.93,0,,45.00,20.00,,,,,,,,,,,,,
USW00094053,"TORRINGTON MUNICIPAL AIRPORT, WY US",12/25/2010,1.79,0,,31.00,20.00,,,,,,,,,,,,,
USW00094053,"TORRINGTON MUNICIPAL AIRPORT, WY US",12/26/2010,5.82,0,,42.00,15.00,,,,,,,,,,,,,
USW00094053,"TORRINGTON MUNICIPAL AIRPORT, WY US",12/27/2010,9.4,0,,46.00,24.00,,,,,,,,,,,,,
USW00094053,"TORRINGTON MUNICIPAL AIRPORT, WY US",12/28/2010,13.87,0,,46.00,25.00,,,,,,,,,,,,,
USW00094053,"TORRINGTON MUNICIPAL AIRPORT, WY US",12/29/2010,5.82,0,,51.00,20.00,,,,,,,,,,,,,
USW00094053,"TORRINGTON MUNICIPAL AIRPORT, WY US",12/30/2010,14.09,0.07,,34.00,1.00,,,,,,,,,,,,,
USW00094053,"TORRINGTON MUNICIPAL AIRPORT, WY US",12/31/2010,22.59,0.01,,7.00,-1.00,,,,,,,,,,,,,
USW00094053,"TORRINGTON MUNICIPAL AIRPORT, WY US",1/1/2011,,0,,18.00,5.00,,,,,,,,,,,,,
USW00094053,"TORRINGTON MUNICIPAL AIRPORT, WY US",1/2/2011,,,,31.00,16.00,,,,,,,,,,,,,
USW00094053,"TORRINGTON MUNICIPAL AIRPORT, WY US",1/3/2011,,0,,28.00,0.00,,,,,,,,,,,,,
USW00094053,"TORRINGTON MUNICIPAL AIRPORT, WY US",1/4/2011,,0,,35.00,-8.00,,,,,,,,,,,,,
USW00094053,"TORRINGTON MUNICIPAL AIRPORT, WY US",1/5/2011,,0,,38.00,25.00,,,,,,,,,,,,,
USW00094053,"TORRINGTON MUNICIPAL AIRPORT, WY US",1/6/2011,,0,,44.00,31.00,,,,,,,,,,,,,
USW00094053,"TORRINGTON MUNICIPAL AIRPORT, WY US",1/7/2011,,0,,40.00,20.00,,,,,,,,,,,,,
USW00094053,"TORRINGTON MUNICIPAL AIRPORT, WY US",1/8/2011,,0,,32.00,17.00,,,,,,,,,,,,,
USW00094053,"TORRINGTON MUNICIPAL AIRPORT, WY US",1/9/2011,,0,,29.00,6.00,,,,,,,,,,,,,
USW00094053,"TORRINGTON MUNICIPAL AIRPORT, WY US",1/10/2011,,0,,11.00,0.00,,,,,,,,,,,,,
USW00094053,"TORRINGTON MUNICIPAL AIRPORT, WY US",1/11/2011,,0,,17.00,-6.00,,,,,,,,,,,,,
USW00094053,"TORRINGTON MUNICIPAL AIRPORT, WY US",1/12/2011,,0,,40.00,-8.00,,,,,,,,,,,,,
USW00094053,"TORRINGTON MUNICIPAL AIRPORT, WY US",1/13/2011,,0,,49.00,36.00,,,,,,,,,,,,,
USW00094053,"TORRINGTON MUNICIPAL AIRPORT, WY US",1/14/2011,,0,,51.00,34.00,,,,,,,,,,,,,
USW00094053,"TORRINGTON MUNICIPAL AIRPORT, WY US",1/15/2011,,0,,50.00,35.00,,,,,,,,,,,,,
USW00094053,"TORRINGTON MUNICIPAL AIRPORT, WY US",1/16/2011,,0,,49.00,24.00,,,,,,,,,,,,,
USW00094053,"TORRINGTON MUNICIPAL AIRPORT, WY US",1/17/2011,,0.01,,54.00,33.00,,,,,,,,,,,,,
USW00094053,"TORRINGTON MUNICIPAL AIRPORT, WY US",1/18/2011,,,,47.00,26.00,,,,,,,,,,,,,
USW00094053,"TORRINGTON MUNICIPAL AIRPORT, WY US",1/19/2011,,0.14,,29.00,7.00,,,,,,,,,,,,,
USW00094053,"TORRINGTON MUNICIPAL AIRPORT, WY US",1/20/2011,,,,34.00,-2.00,,,,,,,,,,,,,
USW00094053,"TORRINGTON MUNICIPAL AIRPORT, WY US",1/21/2011,,0,,41.00,23.00,,,,,,,,,,,,,
USW00094053,"TORRINGTON MUNICIPAL AIRPORT, WY US",1/22/2011,,0.01,,43.00,21.00,,,,,,,,,,,,,
USW00094053,"TORRINGTON MUNICIPAL AIRPORT, WY US",1/23/2011,,0,,42.00,14.00,,,,,,,,,,,,,
USW00094053,"TORRINGTON MUNICIPAL AIRPORT, WY US",1/24/2011,,0,,39.00,18.00,,,,,,,,,,,,,
USW00094053,"TORRINGTON MUNICIPAL AIRPORT, WY US",1/25/2011,,0.01,,42.00,15.00,,,,,,,,,,,,,
USW00094053,"TORRINGTON MUNICIPAL AIRPORT, WY US",1/26/2011,,0,,48.00,27.00,,,,,,,,,,,,,
USW00094053,"TORRINGTON MUNICIPAL AIRPORT, WY US",1/27/2011,,0,,54.00,33.00,,,,,,,,,,,,,
USW00094053,"TORRINGTON MUNICIPAL AIRPORT, WY US",1/28/2011,,0,,61.00,32.00,,,,,,,,,,,,,
USW00094053,"TORRINGTON MUNICIPAL AIRPORT, WY US",1/29/2011,,0,,49.00,24.00,,,,,,,,,,,,,
USW00094053,"TORRINGTON MUNICIPAL AIRPORT, WY US",1/30/2011,,0,,35.00,15.00,,,,,,,,,,,,,
USW00094053,"TORRINGTON MUNICIPAL AIRPORT, WY US",1/31/2011,,0.02,,15.00,-11.00,,,,,,,,,,,,,
USW00094053,"TORRINGTON MUNICIPAL AIRPORT, WY US",2/2/2011,,0,,11.00,-22.00,,,,,,,,,,,,,
USW00094053,"TORRINGTON MUNICIPAL AIRPORT, WY US",2/3/2011,,0,,39.00,-9.00,,,,,,,,,,,,,
USW00094053,"TORRINGTON MUNICIPAL AIRPORT, WY US",2/4/2011,,0,,41.00,15.00,,,,,,,,,,,,,
USW00094053,"TORRINGTON MUNICIPAL AIRPORT, WY US",2/5/2011,,0.06,,39.00,31.00,,,,,,,,,,,,,
USW00094053,"TORRINGTON MUNICIPAL AIRPORT, WY US",2/6/2011,,0,,31.00,16.00,,,,,,,,,,,,,
USW00094053,"TORRINGTON MUNICIPAL AIRPORT, WY US",2/7/2011,,0.05,,34.00,4.00,,,,,,,,,,,,,
USW00094053,"TORRINGTON MUNICIPAL AIRPORT, WY US",2/9/2011,,0,,23.00,-15.00,,,,,,,,,,,,,
USW00094053,"TORRINGTON MUNICIPAL AIRPORT, WY US",2/10/2011,,0,,34.00,6.00,,,,,,,,,,,,,
USW00094053,"TORRINGTON MUNICIPAL AIRPORT, WY US",2/11/2011,,0,,40.00,26.00,,,,,,,,,,,,,
USW00094053,"TORRINGTON MUNICIPAL AIRPORT, WY US",2/12/2011,,0,,50.00,33.00,,,,,,,,,,,,,
USW00094053,"TORRINGTON MUNICIPAL AIRPORT, WY US",2/13/2011,,0,,60.00,26.00,,,,,,,,,,,,,
USW00094053,"TORRINGTON MUNICIPAL AIRPORT, WY US",2/14/2011,,0,,58.00,23.00,,,,,,,,,,,,,
USW00094053,"TORRINGTON MUNICIPAL AIRPORT, WY US",2/15/2011,,0,,66.00,30.00,,,,,,,,,,,,,
USW00094053,"TORRINGTON MUNICIPAL AIRPORT, WY US",2/16/2011,,0,,67.00,22.00,,,,,,,,,,,,,
USW00094053,"TORRINGTON MUNICIPAL AIRPORT, WY US",2/17/2011,,0,,50.00,24.00,,,,,,,,,,,,,
USW00094053,"TORRINGTON MUNICIPAL AIRPORT, WY US",2/18/2011,,0,,55.00,17.00,,,,,,,,,,,,,
USW00094053,"TORRINGTON MUNICIPAL AIRPORT, WY US",2/19/2011,,0,,47.00,21.00,,,,,,,,,,,,,
USW00094053,"TORRINGTON MUNICIPAL AIRPORT, WY US",2/20/2011,,0.12,,25.00,6.00,,,,,,,,,,,,,
USW00094053,"TORRINGTON MUNICIPAL AIRPORT, WY US",2/21/2011,,0,,32.00,1.00,,,,,,,,,,,,,
USW00094053,"TORRINGTON MUNICIPAL AIRPORT, WY US",2/22/2011,,0,,49.00,13.00,,,,,,,,,,,,,
USW00094053,"TORRINGTON MUNICIPAL AIRPORT, WY US",2/23/2011,,0,,42.00,23.00,,,,,,,,,,,,,
USW00094053,"TORRINGTON MUNICIPAL AIRPORT, WY US",2/24/2011,,0.1,,26.00,1.00,,,,,,,,,,,,,
USW00094053,"TORRINGTON MUNICIPAL AIRPORT, WY US",2/26/2011,,0.01,,39.00,2.00,,,,,,,,,,,,,
USW00094053,"TORRINGTON MUNICIPAL AIRPORT, WY US",2/27/2011,,0,,38.00,18.00,,,,,,,,,,,,,
USW00094053,"TORRINGTON MUNICIPAL AIRPORT, WY US",2/28/2011,,0,,49.00,14.00,,,,,,,,,,,,,
USW00094053,"TORRINGTON MUNICIPAL AIRPORT, WY US",3/1/2011,,0,,58.00,21.00,,,,,,,,,,,,,
USW00094053,"TORRINGTON MUNICIPAL AIRPORT, WY US",3/2/2011,,0,,58.00,20.00,,,,,,,,,,,,,
USW00094053,"TORRINGTON MUNICIPAL AIRPORT, WY US",3/3/2011,,0,,59.00,29.00,,,,,,,,,,,,,
USW00094053,"TORRINGTON MUNICIPAL AIRPORT, WY US",3/4/2011,,0.02,,42.00,23.00,,,,,,,,,,,,,
USW00094053,"TORRINGTON MUNICIPAL AIRPORT, WY US",3/5/2011,,0,,49.00,18.00,,,,,,,,,,,,,
USW00094053,"TORRINGTON MUNICIPAL AIRPORT, WY US",3/6/2011,,0.2,,40.00,17.00,,,,,,,,,,,,,
USW00094053,"TORRINGTON MUNICIPAL AIRPORT, WY US",3/7/2011,,0.02,,19.00,10.00,,,,,,,,,,,,,
USW00094053,"TORRINGTON MUNICIPAL AIRPORT, WY US",3/8/2011,,0.03,,29.00,8.00,,,,,,,,,,,,,
USW00094053,"TORRINGTON MUNICIPAL AIRPORT, WY US",3/9/2011,,0,,47.00,14.00,,,,,,,,,,,,,
USW00094053,"TORRINGTON MUNICIPAL AIRPORT, WY US",3/10/2011,,0,,64.00,33.00,,,,,,,,,,,,,
USW00094053,"TORRINGTON MUNICIPAL AIRPORT, WY US",3/11/2011,,0,,56.00,30.00,,,,,,,,,,,,,
USW00094053,"TORRINGTON MUNICIPAL AIRPORT, WY US",3/12/2011,,0.03,,54.00,26.00,,,,,,,,,,,,,
USW00094053,"TORRINGTON MUNICIPAL AIRPORT, WY US",3/13/2011,,0.03,,54.00,28.00,,,,,,,,,,,,,
USW00094053,"TORRINGTON MUNICIPAL AIRPORT, WY US",3/14/2011,,0,,67.00,23.00,,,,,,,,,,,,,
USW00094053,"TORRINGTON MUNICIPAL AIRPORT, WY US",3/15/2011,,0,,62.00,31.00,,,,,,,,,,,,,
USW00094053,"TORRINGTON MUNICIPAL AIRPORT, WY US",3/16/2011,,0,,74.00,35.00,,,,,,,,,,,,,
USW00094053,"TORRINGTON MUNICIPAL AIRPORT, WY US",3/17/2011,,0,,53.00,41.00,,,,,,,,,,,,,
USW00094053,"TORRINGTON MUNICIPAL AIRPORT, WY US",3/18/2011,,0,,58.00,27.00,,,,,,,,,,,,,
USW00094053,"TORRINGTON MUNICIPAL AIRPORT, WY US",3/19/2011,,0,,67.00,32.00,,,,,,,,,,,,,
USW00094053,"TORRINGTON MUNICIPAL AIRPORT, WY US",3/20/2011,,0,,62.00,35.00,,,,,,,,,,,,,
USW00094053,"TORRINGTON MUNICIPAL AIRPORT, WY US",3/21/2011,,0,,60.00,37.00,,,,,,,,,,,,,
USW00094053,"TORRINGTON MUNICIPAL AIRPORT, WY US",3/22/2011,,0.02,,53.00,32.00,,,,,,,,,,,,,
USW00094053,"TORRINGTON MUNICIPAL AIRPORT, WY US",3/23/2011,,0.01,,50.00,22.00,,,,,,,,,,,,,
USW00094053,"TORRINGTON MUNICIPAL AIRPORT, WY US",3/24/2011,,0,,55.00,20.00,,,,,,,,,,,,,
USW00094053,"TORRINGTON MUNICIPAL AIRPORT, WY US",3/25/2011,,0.3,,54.00,23.00,,,,,,,,,,,,,
USW00094053,"TORRINGTON MUNICIPAL AIRPORT, WY US",3/26/2011,,0,,53.00,32.00,,,,,,,,,,,,,
USW00094053,"TORRINGTON MUNICIPAL AIRPORT, WY US",3/27/2011,,0.16,,43.00,32.00,,,,,,,,,,,,,
USW00094053,"TORRINGTON MUNICIPAL AIRPORT, WY US",3/28/2011,,0,,53.00,28.00,,,,,,,,,,,,,
USW00094053,"TORRINGTON MUNICIPAL AIRPORT, WY US",3/29/2011,,0,,52.00,32.00,,,,,,,,,,,,,
USW00094053,"TORRINGTON MUNICIPAL AIRPORT, WY US",3/30/2011,,0,,54.00,34.00,,,,,,,,,,,,,
USW00094053,"TORRINGTON MUNICIPAL AIRPORT, WY US",3/31/2011,,0.02,,56.00,41.00,,,,,,,,,,,,,
USW00094053,"TORRINGTON MUNICIPAL AIRPORT, WY US",4/1/2011,,0.07,,59.00,40.00,,,,,,,,,,,,,
USW00094053,"TORRINGTON MUNICIPAL AIRPORT, WY US",4/2/2011,,0,,83.00,33.00,,,,,,,,,,,,,
USW00094053,"TORRINGTON MUNICIPAL AIRPORT, WY US",4/3/2011,,0,,55.00,28.00,,,,,,,,,,,,,
USW00094053,"TORRINGTON MUNICIPAL AIRPORT, WY US",4/4/2011,,0,,49.00,22.00,,,,,,,,,,,,,
USW00094053,"TORRINGTON MUNICIPAL AIRPORT, WY US",4/5/2011,,0.02,,70.00,37.00,,,,,,,,,,,,,
USW00094053,"TORRINGTON MUNICIPAL AIRPORT, WY US",4/6/2011,,0.09,,53.00,32.00,,,,,,,,,,,,,
USW00094053,"TORRINGTON MUNICIPAL AIRPORT, WY US",4/7/2011,,0,,65.00,40.00,,,,,,,,,,,,,
USW00094053,"TORRINGTON MUNICIPAL AIRPORT, WY US",4/8/2011,,0,,66.00,40.00,,,,,,,,,,,,,
USW00094053,"TORRINGTON MUNICIPAL AIRPORT, WY US",4/9/2011,,0.28,,55.00,41.00,,,,,,,,,,,,,
USW00094053,"TORRINGTON MUNICIPAL AIRPORT, WY US",4/10/2011,,0.02,,50.00,35.00,,,,,,,,,,,,,
USW00094053,"TORRINGTON MUNICIPAL AIRPORT, WY US",4/11/2011,,0,,63.00,31.00,,,,,,,,,,,,,
USW00094053,"TORRINGTON MUNICIPAL AIRPORT, WY US",4/12/2011,,0.02,,65.00,32.00,,,,,,,,,,,,,
USW00094053,"TORRINGTON MUNICIPAL AIRPORT, WY US",4/13/2011,,0.09,,52.00,32.00,,,,,,,,,,,,,
USW00094053,"TORRINGTON MUNICIPAL AIRPORT, WY US",4/14/2011,,0.07,,43.00,31.00,,,,,,,,,,,,,
USW00094053,"TORRINGTON MUNICIPAL AIRPORT, WY US",4/15/2011,,0,,55.00,32.00,,,,,,,,,,,,,
USW00094053,"TORRINGTON MUNICIPAL AIRPORT, WY US",4/16/2011,,0,,65.00,24.00,,,,,,,,,,,,,
USW00094053,"TORRINGTON MUNICIPAL AIRPORT, WY US",4/17/2011,,0,,66.00,40.00,,,,,,,,,,,,,
USW00094053,"TORRINGTON MUNICIPAL AIRPORT, WY US",4/18/2011,,0.92,,45.00,33.00,,,,,,,,,,,,,
USW00094053,"TORRINGTON MUNICIPAL AIRPORT, WY US",4/19/2011,,0,,48.00,31.00,,,,,,,,,,,,,
USW00094053,"TORRINGTON MUNICIPAL AIRPORT, WY US",4/20/2011,,0.1,,56.00,25.00,,,,,,,,,,,,,
USW00094053,"TORRINGTON MUNICIPAL AIRPORT, WY US",4/21/2011,,0.46,,69.00,40.00,,,,,,,,,,,,,
USW00094053,"TORRINGTON MUNICIPAL AIRPORT, WY US",4/22/2011,,0,,52.00,32.00,,,,,,,,,,,,,
USW00094053,"TORRINGTON MUNICIPAL AIRPORT, WY US",4/23/2011,,0,,52.00,29.00,,,,,,,,,,,,,
USW00094053,"TORRINGTON MUNICIPAL AIRPORT, WY US",4/24/2011,,0.05,,54.00,37.00,,,,,,,,,,,,,
USW00094053,"TORRINGTON MUNICIPAL AIRPORT, WY US",4/25/2011,,0.01,,57.00,38.00,,,,,,,,,,,,,
USW00094053,"TORRINGTON MUNICIPAL AIRPORT, WY US",4/26/2011,,0.05,,59.00,38.00,,,,,,,,,,,,,
USW00094053,"TORRINGTON MUNICIPAL AIRPORT, WY US",4/27/2011,,0.32,,56.00,34.00,,,,,,,,,,,,,
USW00094053,"TORRINGTON MUNICIPAL AIRPORT, WY US",4/28/2011,,0,,69.00,31.00,,,,,,,,,,,,,
USW00094053,"TORRINGTON MUNICIPAL AIRPORT, WY US",4/29/2011,,0,,55.00,30.00,,,,,,,,,,,,,
USW00094053,"TORRINGTON MUNICIPAL AIRPORT, WY US",4/30/2011,,0,,48.00,27.00,,,,,,,,,,,,,
USW00094053,"TORRINGTON MUNICIPAL AIRPORT, WY US",5/1/2011,,0.02,,54.00,24.00,,,,,,,,,,,,,
USW00094053,"TORRINGTON MUNICIPAL AIRPORT, WY US",5/2/2011,,0,,53.00,26.00,,,,,,,,,,,,,
USW00094053,"TORRINGTON MUNICIPAL AIRPORT, WY US",5/3/2011,,0,,70.00,25.00,,,,,,,,,,,,,
USW00094053,"TORRINGTON MUNICIPAL AIRPORT, WY US",5/4/2011,,0.02,,55.00,39.00,,,,,,,,,,,,,
USW00094053,"TORRINGTON MUNICIPAL AIRPORT, WY US",5/5/2011,,0,,69.00,32.00,,,,,,,,,,,,,
USW00094053,"TORRINGTON MUNICIPAL AIRPORT, WY US",5/6/2011,,0,,68.00,43.00,,,,,,,,,,,,,
USW00094053,"TORRINGTON MUNICIPAL AIRPORT, WY US",5/7/2011,,0,,78.00,39.00,,,,,,,,,,,,,
USW00094053,"TORRINGTON MUNICIPAL AIRPORT, WY US",5/8/2011,,0,,88.00,40.00,,,,,,,,,,,,,
USW00094053,"TORRINGTON MUNICIPAL AIRPORT, WY US",5/9/2011,,0.04,,75.00,45.00,,,,,,,,,,,,,
USW00094053,"TORRINGTON MUNICIPAL AIRPORT, WY US",5/10/2011,,0.06,,71.00,38.00,,,,,,,,,,,,,
USW00094053,"TORRINGTON MUNICIPAL AIRPORT, WY US",5/11/2011,,1.07,,45.00,40.00,,,,,,,,,,,,,
USW00094053,"TORRINGTON MUNICIPAL AIRPORT, WY US",5/12/2011,,0.88,,46.00,39.00,,,,,,,,,,,,,
USW00094053,"TORRINGTON MUNICIPAL AIRPORT, WY US",5/13/2011,,0,,64.00,33.00,,,,,,,,,,,,,
USW00094053,"TORRINGTON MUNICIPAL AIRPORT, WY US",5/14/2011,,0,,48.00,37.00,,,,,,,,,,,,,
USW00094053,"TORRINGTON MUNICIPAL AIRPORT, WY US",5/15/2011,,0,,56.00,37.00,,,,,,,,,,,,,
USW00094053,"TORRINGTON MUNICIPAL AIRPORT, WY US",5/16/2011,,0,,65.00,40.00,,,,,,,,,,,,,
USW00094053,"TORRINGTON MUNICIPAL AIRPORT, WY US",5/17/2011,,0.17,,60.00,44.00,,,,,,,,,,,,,
USW00094053,"TORRINGTON MUNICIPAL AIRPORT, WY US",5/18/2011,,0.16,,57.00,39.00,,,,,,,,,,,,,
USW00094053,"TORRINGTON MUNICIPAL AIRPORT, WY US",5/19/2011,,1.09,,48.00,39.00,,,,,,,,,,,,,
USW00094053,"TORRINGTON MUNICIPAL AIRPORT, WY US",5/20/2011,,0.31,,65.00,40.00,,,,,,,,,,,,,
USW00094053,"TORRINGTON MUNICIPAL AIRPORT, WY US",5/21/2011,,0.1,,62.00,41.00,,,,,,,,,,,,,
USW00094053,"TORRINGTON MUNICIPAL AIRPORT, WY US",5/22/2011,,0,,72.00,50.00,,,,,,,,,,,,,
USW00094053,"TORRINGTON MUNICIPAL AIRPORT, WY US",5/23/2011,,0,,71.00,43.00,,,,,,,,,,,,,
USW00094053,"TORRINGTON MUNICIPAL AIRPORT, WY US",5/24/2011,,0.82,,71.00,45.00,,,,,,,,,,,,,
USW00094053,"TORRINGTON MUNICIPAL AIRPORT, WY US",5/25/2011,,0,,63.00,45.00,,,,,,,,,,,,,
USW00094053,"TORRINGTON MUNICIPAL AIRPORT, WY US",5/26/2011,,0,,67.00,45.00,,,,,,,,,,,,,
USW00094053,"TORRINGTON MUNICIPAL AIRPORT, WY US",5/27/2011,,,,67.00,44.00,,,,,,,,,,,,,
USW00094053,"TORRINGTON MUNICIPAL AIRPORT, WY US",5/28/2011,,0.3,,60.00,45.00,,,,,,,,,,,,,
USW00094053,"TORRINGTON MUNICIPAL AIRPORT, WY US",5/29/2011,,0.25,,59.00,44.00,,,,,,,,,,,,,
USW00094053,"TORRINGTON MUNICIPAL AIRPORT, WY US",5/30/2011,,0.16,,64.00,50.00,,,,,,,,,,,,,
USW00094053,"TORRINGTON MUNICIPAL AIRPORT, WY US",5/31/2011,,0,,74.00,49.00,,,,,,,,,,,,,
USW00094053,"TORRINGTON MUNICIPAL AIRPORT, WY US",6/1/2011,,0,,77.00,39.00,,,,,,,,,,,,,
USW00094053,"TORRINGTON MUNICIPAL AIRPORT, WY US",6/2/2011,,0,,90.00,55.00,,,,,,,,,,,,,
USW00094053,"TORRINGTON MUNICIPAL AIRPORT, WY US",6/3/2011,,0,,75.00,45.00,,,,,,,,,,,,,
USW00094053,"TORRINGTON MUNICIPAL AIRPORT, WY US",6/4/2011,,0,,78.00,41.00,,,,,,,,,,,,,
USW00094053,"TORRINGTON MUNICIPAL AIRPORT, WY US",6/5/2011,,0,,89.00,50.00,,,,,,,,,,,,,
USW00094053,"TORRINGTON MUNICIPAL AIRPORT, WY US",6/7/2011,,0,,,52.00,,,,,,,,,,,,,
USW00094053,"TORRINGTON MUNICIPAL AIRPORT, WY US",6/8/2011,,0.16,,74.00,46.00,,,,,,,,,,,,,
USW00094053,"TORRINGTON MUNICIPAL AIRPORT, WY US",6/9/2011,,0.08,,66.00,46.00,,,,,,,,,,,,,
USW00094053,"TORRINGTON MUNICIPAL AIRPORT, WY US",6/10/2011,,0,,72.00,41.00,,,,,,,,,,,,,
USW00094053,"TORRINGTON MUNICIPAL AIRPORT, WY US",6/11/2011,,0.22,,82.00,44.00,,,,,,,,,,,,,
USW00094053,"TORRINGTON MUNICIPAL AIRPORT, WY US",6/12/2011,,0.01,,89.00,50.00,,,,,,,,,,,,,
USW00094053,"TORRINGTON MUNICIPAL AIRPORT, WY US",6/13/2011,,0,,82.00,48.00,,,,,,,,,,,,,
USW00094053,"TORRINGTON MUNICIPAL AIRPORT, WY US",6/14/2011,,0,,78.00,52.00,,,,,,,,,,,,,
USW00094053,"TORRINGTON MUNICIPAL AIRPORT, WY US",6/15/2011,,0.01,,85.00,47.00,,,,,,,,,,,,,
USW00094053,"TORRINGTON MUNICIPAL AIRPORT, WY US",6/16/2011,,0.74,,81.00,55.00,,,,,,,,,,,,,
USW00094053,"TORRINGTON MUNICIPAL AIRPORT, WY US",6/17/2011,,0.01,,77.00,51.00,,,,,,,,,,,,,
USW00094053,"TORRINGTON MUNICIPAL AIRPORT, WY US",6/18/2011,,0,,76.00,47.00,,,,,,,,,,,,,
USW00094053,"TORRINGTON MUNICIPAL AIRPORT, WY US",6/19/2011,,0.61,,68.00,53.00,,,,,,,,,,,,,
USW00094053,"TORRINGTON MUNICIPAL AIRPORT, WY US",6/20/2011,,0,,69.00,52.00,,,,,,,,,,,,,
USW00094053,"TORRINGTON MUNICIPAL AIRPORT, WY US",6/21/2011,,0,,76.00,51.00,,,,,,,,,,,,,
USW00094053,"TORRINGTON MUNICIPAL AIRPORT, WY US",6/22/2011,,0,,84.00,48.00,,,,,,,,,,,,,
USW00094053,"TORRINGTON MUNICIPAL AIRPORT, WY US",6/23/2011,,0.02,,83.00,51.00,,,,,,,,,,,,,
USW00094053,"TORRINGTON MUNICIPAL AIRPORT, WY US",6/24/2011,,0.01,,88.00,55.00,,,,,,,,,,,,,
USW00094053,"TORRINGTON MUNICIPAL AIRPORT, WY US",6/25/2011,,0,,91.00,55.00,,,,,,,,,,,,,
USW00094053,"TORRINGTON MUNICIPAL AIRPORT, WY US",6/26/2011,,0.15,,88.00,54.00,,,,,,,,,,,,,
USW00094053,"TORRINGTON MUNICIPAL AIRPORT, WY US",6/27/2011,,0,,77.00,48.00,,,,,,,,,,,,,
USW00094053,"TORRINGTON MUNICIPAL AIRPORT, WY US",6/28/2011,,0,,95.00,51.00,,,,,,,,,,,,,
USW00094053,"TORRINGTON MUNICIPAL AIRPORT, WY US",6/29/2011,,0,,101.00,57.00,,,,,,,,,,,,,
USW00094053,"TORRINGTON MUNICIPAL AIRPORT, WY US",6/30/2011,,0.26,,95.00,59.00,,,,,,,,,,,,,
USW00094053,"TORRINGTON MUNICIPAL AIRPORT, WY US",7/1/2011,,0,,80.00,59.00,,,,,,,,,,,,,
USW00094053,"TORRINGTON MUNICIPAL AIRPORT, WY US",7/2/2011,,0.57,,89.00,56.00,,,,,,,,,,,,,
USW00094053,"TORRINGTON MUNICIPAL AIRPORT, WY US",7/3/2011,,0,,92.00,56.00,,,,,,,,,,,,,
USW00094053,"TORRINGTON MUNICIPAL AIRPORT, WY US",7/5/2011,,0,,,,,,,,,,,,,,,,
USW00094053,"TORRINGTON MUNICIPAL AIRPORT, WY US",7/6/2011,,0,,,,,,,,,,,,,,,,
USW00094053,"TORRINGTON MUNICIPAL AIRPORT, WY US",7/7/2011,,0,,,,,,,,,,,,,,,,
USW00094053,"TORRINGTON MUNICIPAL AIRPORT, WY US",7/8/2011,,0,,91.00,61.00,,,,,,,,,,,,,
USW00094053,"TORRINGTON MUNICIPAL AIRPORT, WY US",7/9/2011,,0,,93.00,57.00,,,,,,,,,,,,,
USW00094053,"TORRINGTON MUNICIPAL AIRPORT, WY US",7/10/2011,,0,,91.00,57.00,,,,,,,,,,,,,
USW00094053,"TORRINGTON MUNICIPAL AIRPORT, WY US",7/11/2011,,0,,88.00,62.00,,,,,,,,,,,,,
USW00094053,"TORRINGTON MUNICIPAL AIRPORT, WY US",7/12/2011,,0.13,,74.00,60.00,,,,,,,,,,,,,
USW00094053,"TORRINGTON MUNICIPAL AIRPORT, WY US",7/13/2011,,0.69,,88.00,63.00,,,,,,,,,,,,,
USW00094053,"TORRINGTON MUNICIPAL AIRPORT, WY US",7/14/2011,,0,,94.00,61.00,,,,,,,,,,,,,
USW00094053,"TORRINGTON MUNICIPAL AIRPORT, WY US",7/15/2011,,0,,94.00,60.00,,,,,,,,,,,,,
USW00094053,"TORRINGTON MUNICIPAL AIRPORT, WY US",7/16/2011,,0.27,,96.00,66.00,,,,,,,,,,,,,
USW00094053,"TORRINGTON MUNICIPAL AIRPORT, WY US",7/17/2011,,0,,98.00,64.00,,,,,,,,,,,,,
USW00094053,"TORRINGTON MUNICIPAL AIRPORT, WY US",7/18/2011,,0,,97.00,64.00,,,,,,,,,,,,,
USW00094053,"TORRINGTON MUNICIPAL AIRPORT, WY US",7/19/2011,,0.11,,98.00,65.00,,,,,,,,,,,,,
USW00094053,"TORRINGTON MUNICIPAL AIRPORT, WY US",7/20/2011,,0,,97.00,63.00,,,,,,,,,,,,,
USW00094053,"TORRINGTON MUNICIPAL AIRPORT, WY US",7/21/2011,,0,,97.00,61.00,,,,,,,,,,,,,
USW00094053,"TORRINGTON MUNICIPAL AIRPORT, WY US",7/22/2011,,0,,98.00,58.00,,,,,,,,,,,,,
USW00094053,"TORRINGTON MUNICIPAL AIRPORT, WY US",7/23/2011,,0,,93.00,58.00,,,,,,,,,,,,,
USW00094053,"TORRINGTON MUNICIPAL AIRPORT, WY US",7/24/2011,,0,,92.00,65.00,,,,,,,,,,,,,
USW00094053,"TORRINGTON MUNICIPAL AIRPORT, WY US",7/25/2011,,0,,99.00,65.00,,,,,,,,,,,,,
USW00094053,"TORRINGTON MUNICIPAL AIRPORT, WY US",7/26/2011,,0,,90.00,65.00,,,,,,,,,,,,,
USW00094053,"TORRINGTON MUNICIPAL AIRPORT, WY US",7/27/2011,,0,,95.00,59.00,,,,,,,,,,,,,
USW00094053,"TORRINGTON MUNICIPAL AIRPORT, WY US",7/28/2011,,0,,89.00,62.00,,,,,,,,,,,,,
USW00094053,"TORRINGTON MUNICIPAL AIRPORT, WY US",7/29/2011,,0.06,,90.00,59.00,,,,,,,,,,,,,
USW00094053,"TORRINGTON MUNICIPAL AIRPORT, WY US",7/30/2011,,0,,100.00,61.00,,,,,,,,,,,,,
USW00094053,"TORRINGTON MUNICIPAL AIRPORT, WY US",7/31/2011,,0,,102.00,64.00,,,,,,,,,,,,,
USW00094053,"TORRINGTON MUNICIPAL AIRPORT, WY US",8/1/2011,,0.07,,99.00,61.00,,,,,,,,,,,,,
USW00094053,"TORRINGTON MUNICIPAL AIRPORT, WY US",8/2/2011,,0,,87.00,62.00,,,,,,,,,,,,,
USW00094053,"TORRINGTON MUNICIPAL AIRPORT, WY US",8/3/2011,,0,,93.00,62.00,,,,,,,,,,,,,
USW00094053,"TORRINGTON MUNICIPAL AIRPORT, WY US",8/4/2011,,0.06,,92.00,63.00,,,,,,,,,,,,,
USW00094053,"TORRINGTON MUNICIPAL AIRPORT, WY US",8/5/2011,,0.01,,92.00,60.00,,,,,,,,,,,,,
USW00094053,"TORRINGTON MUNICIPAL AIRPORT, WY US",8/6/2011,,0,,93.00,57.00,,,,,,,,,,,,,
USW00094053,"TORRINGTON MUNICIPAL AIRPORT, WY US",8/7/2011,,0,,96.00,56.00,,,,,,,,,,,,,
USW00094053,"TORRINGTON MUNICIPAL AIRPORT, WY US",8/8/2011,,0.01,,89.00,53.00,,,,,,,,,,,,,
USW00094053,"TORRINGTON MUNICIPAL AIRPORT, WY US",8/9/2011,,0.12,,81.00,57.00,,,,,,,,,,,,,
USW00094053,"TORRINGTON MUNICIPAL AIRPORT, WY US",8/10/2011,,0.01,,86.00,56.00,,,,,,,,,,,,,
USW00094053,"TORRINGTON MUNICIPAL AIRPORT, WY US",8/11/2011,,0,,96.00,57.00,,,,,,,,,,,,,
USW00094053,"TORRINGTON MUNICIPAL AIRPORT, WY US",8/12/2011,,0,,87.00,58.00,,,,,,,,,,,,,
USW00094053,"TORRINGTON MUNICIPAL AIRPORT, WY US",8/13/2011,,0,,86.00,55.00,,,,,,,,,,,,,
USW00094053,"TORRINGTON MUNICIPAL AIRPORT, WY US",8/14/2011,,0,,95.00,61.00,,,,,,,,,,,,,
USW00094053,"TORRINGTON MUNICIPAL AIRPORT, WY US",8/15/2011,,0,,97.00,56.00,,,,,,,,,,,,,
USW00094053,"TORRINGTON MUNICIPAL AIRPORT, WY US",8/16/2011,,0,,87.00,61.00,,,,,,,,,,,,,
USW00094053,"TORRINGTON MUNICIPAL AIRPORT, WY US",8/17/2011,,0,,96.00,56.00,,,,,,,,,,,,,
USW00094053,"TORRINGTON MUNICIPAL AIRPORT, WY US",8/18/2011,,0,,99.00,56.00,,,,,,,,,,,,,
USW00094053,"TORRINGTON MUNICIPAL AIRPORT, WY US",8/19/2011,,0,,85.00,61.00,,,,,,,,,,,,,
USW00094053,"TORRINGTON MUNICIPAL AIRPORT, WY US",8/20/2011,,0,,86.00,59.00,,,,,,,,,,,,,
USW00094053,"TORRINGTON MUNICIPAL AIRPORT, WY US",8/21/2011,,0,,95.00,61.00,,,,,,,,,,,,,
USW00094053,"TORRINGTON MUNICIPAL AIRPORT, WY US",8/22/2011,,0,,99.00,58.00,,,,,,,,,,,,,
USW00094053,"TORRINGTON MUNICIPAL AIRPORT, WY US",8/23/2011,,0,,100.00,58.00,,,,,,,,,,,,,
USW00094053,"TORRINGTON MUNICIPAL AIRPORT, WY US",8/24/2011,,0,,93.00,54.00,,,,,,,,,,,,,
USW00094053,"TORRINGTON MUNICIPAL AIRPORT, WY US",8/25/2011,,0,,100.00,59.00,,,,,,,,,,,,,
USW00094053,"TORRINGTON MUNICIPAL AIRPORT, WY US",8/26/2011,,0,,96.00,61.00,,,,,,,,,,,,,
USW00094053,"TORRINGTON MUNICIPAL AIRPORT, WY US",8/27/2011,,0,,98.00,59.00,,,,,,,,,,,,,
USW00094053,"TORRINGTON MUNICIPAL AIRPORT, WY US",8/28/2011,,0.13,,96.00,62.00,,,,,,,,,,,,,
USW00094053,"TORRINGTON MUNICIPAL AIRPORT, WY US",8/29/2011,,0,,,,,,,,,,,,,,,,
USW00094053,"TORRINGTON MUNICIPAL AIRPORT, WY US",8/30/2011,,0,,,,,,,,,,,,,,,,
USW00094053,"TORRINGTON MUNICIPAL AIRPORT, WY US",8/31/2011,,0,,,,,,,,,,,,,,,,
USW00094053,"TORRINGTON MUNICIPAL AIRPORT, WY US",9/1/2011,,0,,,,,,,,,,,,,,,,
USW00094053,"TORRINGTON MUNICIPAL AIRPORT, WY US",9/2/2011,,0,,,,,,,,,,,,,,,,
USW00094053,"TORRINGTON MUNICIPAL AIRPORT, WY US",9/4/2011,,0,,,,,,,,,,,,,,,,
USW00094053,"TORRINGTON MUNICIPAL AIRPORT, WY US",9/5/2011,,0,,,,,,,,,,,,,,,,
USW00094053,"TORRINGTON MUNICIPAL AIRPORT, WY US",9/6/2011,,0,,,,,,,,,,,,,,,,
USW00094053,"TORRINGTON MUNICIPAL AIRPORT, WY US",9/7/2011,,0,,,,,,,,,,,,,,,,
USW00094053,"TORRINGTON MUNICIPAL AIRPORT, WY US",9/8/2011,,0,,,,,,,,,,,,,,,,
USW00094053,"TORRINGTON MUNICIPAL AIRPORT, WY US",9/9/2011,,0,,,,,,,,,,,,,,,,
USW00094053,"TORRINGTON MUNICIPAL AIRPORT, WY US",9/10/2011,,0,,82.00,44.00,,,,,,,,,,,,,
USW00094053,"TORRINGTON MUNICIPAL AIRPORT, WY US",9/11/2011,,0,,89.00,46.00,,,,,,,,,,,,,
USW00094053,"TORRINGTON MUNICIPAL AIRPORT, WY US",9/12/2011,,0,,89.00,52.00,,,,,,,,,,,,,
USW00094053,"TORRINGTON MUNICIPAL AIRPORT, WY US",9/13/2011,,0,,85.00,50.00,,,,,,,,,,,,,
USW00094053,"TORRINGTON MUNICIPAL AIRPORT, WY US",9/14/2011,,0.08,,55.00,42.00,,,,,,,,,,,,,
USW00094053,"TORRINGTON MUNICIPAL AIRPORT, WY US",9/15/2011,,0.01,,55.00,41.00,,,,,,,,,,,,,
USW00094053,"TORRINGTON MUNICIPAL AIRPORT, WY US",9/16/2011,,,,81.00,46.00,,,,,,,,,,,,,
USW00094053,"TORRINGTON MUNICIPAL AIRPORT, WY US",9/17/2011,,0.02,,74.00,44.00,,,,,,,,,,,,,
USW00094053,"TORRINGTON MUNICIPAL AIRPORT, WY US",9/18/2011,,,,78.00,39.00,,,,,,,,,,,,,
USW00094053,"TORRINGTON MUNICIPAL AIRPORT, WY US",9/19/2011,,0,,84.00,39.00,,,,,,,,,,,,,
USW00094053,"TORRINGTON MUNICIPAL AIRPORT, WY US",9/20/2011,,0,,66.00,40.00,,,,,,,,,,,,,
USW00094053,"TORRINGTON MUNICIPAL AIRPORT, WY US",9/21/2011,,0,,68.00,32.00,,,,,,,,,,,,,
USW00094053,"TORRINGTON MUNICIPAL AIRPORT, WY US",9/22/2011,,0,,81.00,30.00,,,,,,,,,,,,,
USW00094053,"TORRINGTON MUNICIPAL AIRPORT, WY US",9/23/2011,,0,,90.00,38.00,,,,,,,,,,,,,
USW00094053,"TORRINGTON MUNICIPAL AIRPORT, WY US",9/24/2011,,0,,88.00,45.00,,,,,,,,,,,,,
USW00094053,"TORRINGTON MUNICIPAL AIRPORT, WY US",9/25/2011,,0,,90.00,45.00,,,,,,,,,,,,,
USW00094053,"TORRINGTON MUNICIPAL AIRPORT, WY US",9/26/2011,,0,,92.00,43.00,,,,,,,,,,,,,
USW00094053,"TORRINGTON MUNICIPAL AIRPORT, WY US",9/27/2011,,0,,87.00,43.00,,,,,,,,,,,,,
USW00094053,"TORRINGTON MUNICIPAL AIRPORT, WY US",9/28/2011,,0,,90.00,44.00,,,,,,,,,,,,,
USW00094053,"TORRINGTON MUNICIPAL AIRPORT, WY US",9/29/2011,,0,,69.00,39.00,,,,,,,,,,,,,
USW00094053,"TORRINGTON MUNICIPAL AIRPORT, WY US",9/30/2011,,0,,84.00,38.00,,,,,,,,,,,,,
USW00094053,"TORRINGTON MUNICIPAL AIRPORT, WY US",10/1/2011,,0,,90.00,40.00,,,,,,,,,,,,,
USW00094053,"TORRINGTON MUNICIPAL AIRPORT, WY US",10/2/2011,,0,,89.00,45.00,,,,,,,,,,,,,
USW00094053,"TORRINGTON MUNICIPAL AIRPORT, WY US",10/3/2011,,0.07,,88.00,48.00,,,,,,,,,,,,,
USW00094053,"TORRINGTON MUNICIPAL AIRPORT, WY US",10/4/2011,,0,,86.00,43.00,,,,,,,,,,,,,
USW00094053,"TORRINGTON MUNICIPAL AIRPORT, WY US",10/5/2011,,0,,78.00,48.00,,,,,,,,,,,,,
USW00094053,"TORRINGTON MUNICIPAL AIRPORT, WY US",10/6/2011,,0,,76.00,41.00,,,,,,,,,,,,,
USW00094053,"TORRINGTON MUNICIPAL AIRPORT, WY US",10/7/2011,,0,,65.00,37.00,,,,,,,,,,,,,
USW00094053,"TORRINGTON MUNICIPAL AIRPORT, WY US",10/8/2011,,1.38,,45.00,37.00,,,,,,,,,,,,,
USW00094053,"TORRINGTON MUNICIPAL AIRPORT, WY US",10/9/2011,,0.1,,48.00,39.00,,,,,,,,,,,,,
USW00094053,"TORRINGTON MUNICIPAL AIRPORT, WY US",10/10/2011,,0,,68.00,38.00,,,,,,,,,,,,,
USW00094053,"TORRINGTON MUNICIPAL AIRPORT, WY US",10/11/2011,,0,,70.00,36.00,,,,,,,,,,,,,
USW00094053,"TORRINGTON MUNICIPAL AIRPORT, WY US",10/12/2011,,,,64.00,34.00,,,,,,,,,,,,,
USW00094053,"TORRINGTON MUNICIPAL AIRPORT, WY US",10/13/2011,,0,,65.00,29.00,,,,,,,,,,,,,
USW00094053,"TORRINGTON MUNICIPAL AIRPORT, WY US",10/14/2011,,0,,61.00,39.00,,,,,,,,,,,,,
USW00094053,"TORRINGTON MUNICIPAL AIRPORT, WY US",10/15/2011,,0,,85.00,31.00,,,,,,,,,,,,,
USW00094053,"TORRINGTON MUNICIPAL AIRPORT, WY US",10/16/2011,,0.03,,60.00,36.00,,,,,,,,,,,,,
USW00094053,"TORRINGTON MUNICIPAL AIRPORT, WY US",10/17/2011,,0.15,,50.00,37.00,,,,,,,,,,,,,
USW00094053,"TORRINGTON MUNICIPAL AIRPORT, WY US",10/18/2011,,0,,55.00,30.00,,,,,,,,,,,,,
USW00094053,"TORRINGTON MUNICIPAL AIRPORT, WY US",10/19/2011,,0,,59.00,25.00,,,,,,,,,,,,,
USW00094053,"TORRINGTON MUNICIPAL AIRPORT, WY US",10/20/2011,,0,,69.00,29.00,,,,,,,,,,,,,
USW00094053,"TORRINGTON MUNICIPAL AIRPORT, WY US",10/21/2011,,0,,67.00,29.00,,,,,,,,,,,,,
USW00094053,"TORRINGTON MUNICIPAL AIRPORT, WY US",10/22/2011,,0,,67.00,35.00,,,,,,,,,,,,,
USW00094053,"TORRINGTON MUNICIPAL AIRPORT, WY US",10/23/2011,,0,,73.00,33.00,,,,,,,,,,,,,
USW00094053,"TORRINGTON MUNICIPAL AIRPORT, WY US",10/24/2011,,0,,73.00,32.00,,,,,,,,,,,,,
USW00094053,"TORRINGTON MUNICIPAL AIRPORT, WY US",10/25/2011,,0,,50.00,37.00,,,,,,,,,,,,,
USW00094053,"TORRINGTON MUNICIPAL AIRPORT, WY US",10/26/2011,,0,,40.00,19.00,,,,,,,,,,,,,
USW00094053,"TORRINGTON MUNICIPAL AIRPORT, WY US",10/27/2011,,,,53.00,11.00,,,,,,,,,,,,,
USW00094053,"TORRINGTON MUNICIPAL AIRPORT, WY US",10/28/2011,,0,,55.00,19.00,,,,,,,,,,,,,
USW00094053,"TORRINGTON MUNICIPAL AIRPORT, WY US",10/29/2011,,0,,64.00,31.00,,,,,,,,,,,,,
USW00094053,"TORRINGTON MUNICIPAL AIRPORT, WY US",10/30/2011,,0,,60.00,23.00,,,,,,,,,,,,,
USW00094053,"TORRINGTON MUNICIPAL AIRPORT, WY US",10/31/2011,,0,,71.00,27.00,,,,,,,,,,,,,
USW00094053,"TORRINGTON MUNICIPAL AIRPORT, WY US",11/1/2011,,0.12,,43.00,31.00,,,,,,,,,,,,,
USW00094053,"TORRINGTON MUNICIPAL AIRPORT, WY US",11/2/2011,,0,,36.00,13.00,,,,,,,,,,,,,
USW00094053,"TORRINGTON MUNICIPAL AIRPORT, WY US",11/3/2011,,0,,49.00,9.00,,,,,,,,,,,,,
USW00094053,"TORRINGTON MUNICIPAL AIRPORT, WY US",11/4/2011,,0,,52.00,19.00,,,,,,,,,,,,,
USW00094053,"TORRINGTON MUNICIPAL AIRPORT, WY US",11/5/2011,,0,,51.00,28.00,,,,,,,,,,,,,
USW00094053,"TORRINGTON MUNICIPAL AIRPORT, WY US",11/6/2011,,0,,47.00,20.00,,,,,,,,,,,,,
USW00094053,"TORRINGTON MUNICIPAL AIRPORT, WY US",11/7/2011,,0,,37.00,19.00,,,,,,,,,,,,,
USW00094053,"TORRINGTON MUNICIPAL AIRPORT, WY US",11/8/2011,,0,,46.00,20.00,,,,,,,,,,,,,
USW00094053,"TORRINGTON MUNICIPAL AIRPORT, WY US",11/9/2011,,0,,46.00,18.00,,,,,,,,,,,,,
USW00094053,"TORRINGTON MUNICIPAL AIRPORT, WY US",11/10/2011,,0,,58.00,13.00,,,,,,,,,,,,,
USW00094053,"TORRINGTON MUNICIPAL AIRPORT, WY US",11/11/2011,,0,,61.00,31.00,,,,,,,,,,,,,
USW00094053,"TORRINGTON MUNICIPAL AIRPORT, WY US",11/12/2011,,0,,61.00,29.00,,,,,,,,,,,,,
USW00094053,"TORRINGTON MUNICIPAL AIRPORT, WY US",11/13/2011,,0,,52.00,32.00,,,,,,,,,,,,,
USW00094053,"TORRINGTON MUNICIPAL AIRPORT, WY US",11/14/2011,,0,,54.00,29.00,,,,,,,,,,,,,
USW00094053,"TORRINGTON MUNICIPAL AIRPORT, WY US",11/15/2011,,0,,42.00,19.00,,,,,,,,,,,,,
USW00094053,"TORRINGTON MUNICIPAL AIRPORT, WY US",11/16/2011,,0.02,,33.00,12.00,,,,,,,,,,,,,
USW00094053,"TORRINGTON MUNICIPAL AIRPORT, WY US",11/17/2011,,0,,59.00,9.00,,,,,,,,,,,,,
USW00094053,"TORRINGTON MUNICIPAL AIRPORT, WY US",11/18/2011,,0,,55.00,27.00,,,,,,,,,,,,,
USW00094053,"TORRINGTON MUNICIPAL AIRPORT, WY US",11/19/2011,,0.04,,38.00,15.00,,,,,,,,,,,,,
USW00094053,"TORRINGTON MUNICIPAL AIRPORT, WY US",11/20/2011,,0,,45.00,20.00,,,,,,,,,,,,,
USW00094053,"TORRINGTON MUNICIPAL AIRPORT, WY US",11/21/2011,,0,,48.00,20.00,,,,,,,,,,,,,
USW00094053,"TORRINGTON MUNICIPAL AIRPORT, WY US",11/22/2011,,0,,55.00,33.00,,,,,,,,,,,,,
USW00094053,"TORRINGTON MUNICIPAL AIRPORT, WY US",11/23/2011,,0,,67.00,32.00,,,,,,,,,,,,,
USW00094053,"TORRINGTON MUNICIPAL AIRPORT, WY US",11/24/2011,,0,,68.00,24.00,,,,,,,,,,,,,
USW00094053,"TORRINGTON MUNICIPAL AIRPORT, WY US",11/25/2011,,0,,59.00,32.00,,,,,,,,,,,,,
USW00094053,"TORRINGTON MUNICIPAL AIRPORT, WY US",11/26/2011,,0,,37.00,13.00,,,,,,,,,,,,,
USW00094053,"TORRINGTON MUNICIPAL AIRPORT, WY US",11/27/2011,,0,,58.00,11.00,,,,,,,,,,,,,
USW00094053,"TORRINGTON MUNICIPAL AIRPORT, WY US",11/28/2011,,0,,63.00,21.00,,,,,,,,,,,,,
USW00094053,"TORRINGTON MUNICIPAL AIRPORT, WY US",11/29/2011,,0,,54.00,20.00,,,,,,,,,,,,,
USW00094053,"TORRINGTON MUNICIPAL AIRPORT, WY US",11/30/2011,,0,,57.00,23.00,,,,,,,,,,,,,
USW00094053,"TORRINGTON MUNICIPAL AIRPORT, WY US",12/1/2011,,0.05,,34.00,9.00,,,,,,,,,,,,,
USW00094053,"TORRINGTON MUNICIPAL AIRPORT, WY US",12/2/2011,,0,,37.00,6.00,,,,,,,,,,,,,
USW00094053,"TORRINGTON MUNICIPAL AIRPORT, WY US",12/3/2011,,0,,30.00,6.00,,,,,,,,,,,,,
USW00094053,"TORRINGTON MUNICIPAL AIRPORT, WY US",12/4/2011,,0,,29.00,2.00,,,,,,,,,,,,,
USW00094053,"TORRINGTON MUNICIPAL AIRPORT, WY US",12/5/2011,,0,,16.00,-8.00,,,,,,,,,,,,,
USW00094053,"TORRINGTON MUNICIPAL AIRPORT, WY US",12/6/2011,,0,,36.00,-8.00,,,,,,,,,,,,,
USW00094053,"TORRINGTON MUNICIPAL AIRPORT, WY US",12/7/2011,,0,,46.00,18.00,,,,,,,,,,,,,
USW00094053,"TORRINGTON MUNICIPAL AIRPORT, WY US",12/8/2011,,0,,31.00,15.00,,,,,,,,,,,,,
USW00094053,"TORRINGTON MUNICIPAL AIRPORT, WY US",12/9/2011,,0,,58.00,16.00,,,,,,,,,,,,,
USW00094053,"TORRINGTON MUNICIPAL AIRPORT, WY US",12/10/2011,,0,,,,,,,,,,,,,,,,
USW00094053,"TORRINGTON MUNICIPAL AIRPORT, WY US",12/11/2011,,0,,63.00,11.00,,,,,,,,,,,,,
USW00094053,"TORRINGTON MUNICIPAL AIRPORT, WY US",12/12/2011,,0,,37.00,14.00,,,,,,,,,,,,,
USW00094053,"TORRINGTON MUNICIPAL AIRPORT, WY US",12/13/2011,,0,,,,,,,,,,,,,,,,
USW00094053,"TORRINGTON MUNICIPAL AIRPORT, WY US",12/14/2011,,0,,45.00,13.00,,,,,,,,,,,,,
USW00094053,"TORRINGTON MUNICIPAL AIRPORT, WY US",12/15/2011,,0,,46.00,12.00,,,,,,,,,,,,,
USW00094053,"TORRINGTON MUNICIPAL AIRPORT, WY US",12/16/2011,,0,,44.00,15.00,,,,,,,,,,,,,
USW00094053,"TORRINGTON MUNICIPAL AIRPORT, WY US",12/17/2011,,0,,53.00,12.00,,,,,,,,,,,,,
USW00094053,"TORRINGTON MUNICIPAL AIRPORT, WY US",12/18/2011,,0,,59.00,14.00,,,,,,,,,,,,,
USW00094053,"TORRINGTON MUNICIPAL AIRPORT, WY US",12/19/2011,,0,,35.00,10.00,,,,,,,,,,,,,
USW00094053,"TORRINGTON MUNICIPAL AIRPORT, WY US",12/20/2011,,0,,47.00,4.00,,,,,,,,,,,,,
USW00094053,"TORRINGTON MUNICIPAL AIRPORT, WY US",12/21/2011,,0.18,,33.00,22.00,,,,,,,,,,,,,
USW00094053,"TORRINGTON MUNICIPAL AIRPORT, WY US",12/22/2011,,0,,27.00,-5.00,,,,,,,,,,,,,
USW00094053,"TORRINGTON MUNICIPAL AIRPORT, WY US",12/23/2011,,0,,31.00,-6.00,,,,,,,,,,,,,
USW00094053,"TORRINGTON MUNICIPAL AIRPORT, WY US",12/24/2011,,0,,34.00,9.00,,,,,,,,,,,,,
USW00094053,"TORRINGTON MUNICIPAL AIRPORT, WY US",12/25/2011,,0,,40.00,8.00,,,,,,,,,,,,,
USW00094053,"TORRINGTON MUNICIPAL AIRPORT, WY US",12/26/2011,,0,,44.00,15.00,,,,,,,,,,,,,
USW00094053,"TORRINGTON MUNICIPAL AIRPORT, WY US",12/27/2011,,0,,43.00,6.00,,,,,,,,,,,,,
USW00094053,"TORRINGTON MUNICIPAL AIRPORT, WY US",12/28/2011,,0,,50.00,30.00,,,,,,,,,,,,,
USW00094053,"TORRINGTON MUNICIPAL AIRPORT, WY US",12/29/2011,,0.01,,57.00,29.00,,,,,,,,,,,,,
USW00094053,"TORRINGTON MUNICIPAL AIRPORT, WY US",12/30/2011,,0,,60.00,22.00,,,,,,,,,,,,,
USW00094053,"TORRINGTON MUNICIPAL AIRPORT, WY US",12/31/2011,,0.03,,48.00,19.00,,,,,,,,,,,,,
USW00094053,"TORRINGTON MUNICIPAL AIRPORT, WY US",1/1/2012,,0,,32.00,14.00,,,,,,,,,,,,,
USW00094053,"TORRINGTON MUNICIPAL AIRPORT, WY US",1/2/2012,,0,,48.00,8.00,,,,,,,,,,,,,
USW00094053,"TORRINGTON MUNICIPAL AIRPORT, WY US",1/3/2012,,0,,60.00,28.00,,,,,,,,,,,,,
USW00094053,"TORRINGTON MUNICIPAL AIRPORT, WY US",1/4/2012,,0,,59.00,15.00,,,,,,,,,,,,,
USW00094053,"TORRINGTON MUNICIPAL AIRPORT, WY US",1/5/2012,,0,,65.00,29.00,,,,,,,,,,,,,
USW00094053,"TORRINGTON MUNICIPAL AIRPORT, WY US",1/6/2012,,0,,51.00,13.00,,,,,,,,,,,,,
USW00094053,"TORRINGTON MUNICIPAL AIRPORT, WY US",1/7/2012,,0,,40.00,14.00,,,,,,,,,,,,,
USW00094053,"TORRINGTON MUNICIPAL AIRPORT, WY US",1/8/2012,,0,,41.00,10.00,,,,,,,,,,,,,
USW00094053,"TORRINGTON MUNICIPAL AIRPORT, WY US",1/9/2012,,0,,55.00,21.00,,,,,,,,,,,,,
USW00094053,"TORRINGTON MUNICIPAL AIRPORT, WY US",1/10/2012,,0,,59.00,16.00,,,,,,,,,,,,,
USW00094053,"TORRINGTON MUNICIPAL AIRPORT, WY US",1/11/2012,,0,,35.00,7.00,,,,,,,,,,,,,
USW00094053,"TORRINGTON MUNICIPAL AIRPORT, WY US",1/12/2012,,0,,37.00,4.00,,,,,,,,,,,,,
USW00094053,"TORRINGTON MUNICIPAL AIRPORT, WY US",1/13/2012,,0,,47.00,17.00,,,,,,,,,,,,,
USW00094053,"TORRINGTON MUNICIPAL AIRPORT, WY US",1/14/2012,,0,,55.00,9.00,,,,,,,,,,,,,
USW00094053,"TORRINGTON MUNICIPAL AIRPORT, WY US",1/15/2012,,0,,56.00,26.00,,,,,,,,,,,,,
USW00094053,"TORRINGTON MUNICIPAL AIRPORT, WY US",1/16/2012,,0.01,,26.00,0.00,,,,,,,,,,,,,
USW00094053,"TORRINGTON MUNICIPAL AIRPORT, WY US",1/17/2012,,0,,30.00,-11.00,,,,,,,,,,,,,
USW00094053,"TORRINGTON MUNICIPAL AIRPORT, WY US",1/18/2012,,0,,46.00,22.00,,,,,,,,,,,,,
USW00094053,"TORRINGTON MUNICIPAL AIRPORT, WY US",1/19/2012,,0,,59.00,11.00,,,,,,,,,,,,,
USW00094053,"TORRINGTON MUNICIPAL AIRPORT, WY US",1/20/2012,,0,,53.00,13.00,,,,,,,,,,,,,
USW00094053,"TORRINGTON MUNICIPAL AIRPORT, WY US",1/21/2012,,0,,57.00,13.00,,,,,,,,,,,,,
USW00094053,"TORRINGTON MUNICIPAL AIRPORT, WY US",1/22/2012,,0,,41.00,19.00,,,,,,,,,,,,,
USW00094053,"TORRINGTON MUNICIPAL AIRPORT, WY US",1/23/2012,,0,,52.00,15.00,,,,,,,,,,,,,
USW00094053,"TORRINGTON MUNICIPAL AIRPORT, WY US",1/24/2012,,0.04,,39.00,9.00,,,,,,,,,,,,,
USW00094053,"TORRINGTON MUNICIPAL AIRPORT, WY US",1/25/2012,,0,,50.00,8.00,,,,,,,,,,,,,
USW00094053,"TORRINGTON MUNICIPAL AIRPORT, WY US",1/26/2012,,0.16,,54.00,20.00,,,,,,,,,,,,,
USW00094053,"TORRINGTON MUNICIPAL AIRPORT, WY US",1/27/2012,,0.01,,40.00,13.00,,,,,,,,,,,,,
USW00094053,"TORRINGTON MUNICIPAL AIRPORT, WY US",1/28/2012,,0,,41.00,13.00,,,,,,,,,,,,,
USW00094053,"TORRINGTON MUNICIPAL AIRPORT, WY US",1/29/2012,,0,,55.00,31.00,,,,,,,,,,,,,
USW00094053,"TORRINGTON MUNICIPAL AIRPORT, WY US",1/30/2012,,0,,56.00,35.00,,,,,,,,,,,,,
USW00094053,"TORRINGTON MUNICIPAL AIRPORT, WY US",1/31/2012,,0,,51.00,24.00,,,,,,,,,,,,,
USW00094053,"TORRINGTON MUNICIPAL AIRPORT, WY US",2/1/2012,,0,,48.00,19.00,,,,,,,,,,,,,
USW00094053,"TORRINGTON MUNICIPAL AIRPORT, WY US",2/2/2012,,0,,47.00,28.00,,,,,,,,,,,,,
USW00094053,"TORRINGTON MUNICIPAL AIRPORT, WY US",2/3/2012,,0,,36.00,26.00,,,,,,,,,,,,,
USW00094053,"TORRINGTON MUNICIPAL AIRPORT, WY US",2/4/2012,,0,,41.00,14.00,,,,,,,,,,,,,
USW00094053,"TORRINGTON MUNICIPAL AIRPORT, WY US",2/5/2012,,0,,43.00,9.00,,,,,,,,,,,,,
USW00094053,"TORRINGTON MUNICIPAL AIRPORT, WY US",2/6/2012,,0,,45.00,10.00,,,,,,,,,,,,,
USW00094053,"TORRINGTON MUNICIPAL AIRPORT, WY US",2/7/2012,,0,,26.00,14.00,,,,,,,,,,,,,
USW00094053,"TORRINGTON MUNICIPAL AIRPORT, WY US",2/8/2012,,0,,44.00,7.00,,,,,,,,,,,,,
USW00094053,"TORRINGTON MUNICIPAL AIRPORT, WY US",2/9/2012,,0,,45.00,15.00,,,,,,,,,,,,,
USW00094053,"TORRINGTON MUNICIPAL AIRPORT, WY US",2/10/2012,,0.07,,30.00,10.00,,,,,,,,,,,,,
USW00094053,"TORRINGTON MUNICIPAL AIRPORT, WY US",2/11/2012,,0.04,,19.00,8.00,,,,,,,,,,,,,
USW00094053,"TORRINGTON MUNICIPAL AIRPORT, WY US",2/12/2012,,0,,25.00,9.00,,,,,,,,,,,,,
USW00094053,"TORRINGTON MUNICIPAL AIRPORT, WY US",2/13/2012,,0,,47.00,15.00,,,,,,,,,,,,,
USW00094053,"TORRINGTON MUNICIPAL AIRPORT, WY US",2/14/2012,,0,,43.00,14.00,,,,,,,,,,,,,
USW00094053,"TORRINGTON MUNICIPAL AIRPORT, WY US",2/15/2012,,0,,41.00,17.00,,,,,,,,,,,,,
USW00094053,"TORRINGTON MUNICIPAL AIRPORT, WY US",2/16/2012,,0,,48.00,11.00,,,,,,,,,,,,,
USW00094053,"TORRINGTON MUNICIPAL AIRPORT, WY US",2/17/2012,,0,,41.00,17.00,,,,,,,,,,,,,
USW00094053,"TORRINGTON MUNICIPAL AIRPORT, WY US",2/18/2012,,0,,49.00,11.00,,,,,,,,,,,,,
USW00094053,"TORRINGTON MUNICIPAL AIRPORT, WY US",2/19/2012,,0,,46.00,19.00,,,,,,,,,,,,,
USW00094053,"TORRINGTON MUNICIPAL AIRPORT, WY US",2/20/2012,,0.02,,38.00,27.00,,,,,,,,,,,,,
USW00094053,"TORRINGTON MUNICIPAL AIRPORT, WY US",2/21/2012,,0,,50.00,26.00,,,,,,,,,,,,,
USW00094053,"TORRINGTON MUNICIPAL AIRPORT, WY US",2/22/2012,,0.22,,55.00,32.00,,,,,,,,,,,,,
USW00094053,"TORRINGTON MUNICIPAL AIRPORT, WY US",2/23/2012,,0,,34.00,22.00,,,,,,,,,,,,,
USW00094053,"TORRINGTON MUNICIPAL AIRPORT, WY US",2/24/2012,,0,,37.00,16.00,,,,,,,,,,,,,
USW00094053,"TORRINGTON MUNICIPAL AIRPORT, WY US",2/25/2012,,0,,60.00,16.00,,,,,,,,,,,,,
USW00094053,"TORRINGTON MUNICIPAL AIRPORT, WY US",2/26/2012,,0,,40.00,16.00,,,,,,,,,,,,,
USW00094053,"TORRINGTON MUNICIPAL AIRPORT, WY US",2/27/2012,,0,,50.00,11.00,,,,,,,,,,,,,
USW00094053,"TORRINGTON MUNICIPAL AIRPORT, WY US",3/1/2012,,0,,44.00,27.00,,,,,,,,,,,,,
USW00094053,"TORRINGTON MUNICIPAL AIRPORT, WY US",3/2/2012,,0,,38.00,18.00,,,,,,,,,,,,,
USW00094053,"TORRINGTON MUNICIPAL AIRPORT, WY US",3/3/2012,,0,,49.00,20.00,,,,,,,,,,,,,
USW00094053,"TORRINGTON MUNICIPAL AIRPORT, WY US",3/4/2012,,0,,59.00,30.00,,,,,,,,,,,,,
USW00094053,"TORRINGTON MUNICIPAL AIRPORT, WY US",3/5/2012,,0,,65.00,23.00,,,,,,,,,,,,,
USW00094053,"TORRINGTON MUNICIPAL AIRPORT, WY US",3/6/2012,,0,,73.00,31.00,,,,,,,,,,,,,
USW00094053,"TORRINGTON MUNICIPAL AIRPORT, WY US",3/7/2012,,0,,38.00,24.00,,,,,,,,,,,,,
USW00094053,"TORRINGTON MUNICIPAL AIRPORT, WY US",3/8/2012,,0,,51.00,17.00,,,,,,,,,,,,,
USW00094053,"TORRINGTON MUNICIPAL AIRPORT, WY US",3/9/2012,,0,,67.00,15.00,,,,,,,,,,,,,
USW00094053,"TORRINGTON MUNICIPAL AIRPORT, WY US",3/10/2012,,0,,73.00,23.00,,,,,,,,,,,,,
USW00094053,"TORRINGTON MUNICIPAL AIRPORT, WY US",3/11/2012,,0,,67.00,29.00,,,,,,,,,,,,,
USW00094053,"TORRINGTON MUNICIPAL AIRPORT, WY US",3/12/2012,,0,,69.00,34.00,,,,,,,,,,,,,
USW00094053,"TORRINGTON MUNICIPAL AIRPORT, WY US",3/13/2012,,0,,76.00,25.00,,,,,,,,,,,,,
USW00094053,"TORRINGTON MUNICIPAL AIRPORT, WY US",3/14/2012,,0,,75.00,32.00,,,,,,,,,,,,,
USW00094053,"TORRINGTON MUNICIPAL AIRPORT, WY US",3/15/2012,,0,,73.00,41.00,,,,,,,,,,,,,
USW00094053,"TORRINGTON MUNICIPAL AIRPORT, WY US",3/16/2012,,0,,78.00,32.00,,,,,,,,,,,,,
USW00094053,"TORRINGTON MUNICIPAL AIRPORT, WY US",3/17/2012,,0,,80.00,31.00,,,,,,,,,,,,,
USW00094053,"TORRINGTON MUNICIPAL AIRPORT, WY US",3/18/2012,,0,,78.00,30.00,,,,,,,,,,,,,
USW00094053,"TORRINGTON MUNICIPAL AIRPORT, WY US",3/19/2012,,0,,55.00,30.00,,,,,,,,,,,,,
USW00094053,"TORRINGTON MUNICIPAL AIRPORT, WY US",3/20/2012,,0,,57.00,23.00,,,,,,,,,,,,,
USW00094053,"TORRINGTON MUNICIPAL AIRPORT, WY US",3/21/2012,,0,,67.00,21.00,,,,,,,,,,,,,
USW00094053,"TORRINGTON MUNICIPAL AIRPORT, WY US",3/22/2012,,0,,70.00,22.00,,,,,,,,,,,,,
USW00094053,"TORRINGTON MUNICIPAL AIRPORT, WY US",3/23/2012,,0,,77.00,35.00,,,,,,,,,,,,,
USW00094053,"TORRINGTON MUNICIPAL AIRPORT, WY US",3/25/2012,,0,,76.00,33.00,,,,,,,,,,,,,
USW00094053,"TORRINGTON MUNICIPAL AIRPORT, WY US",3/26/2012,,0,,84.00,43.00,,,,,,,,,,,,,
USW00094053,"TORRINGTON MUNICIPAL AIRPORT, WY US",3/27/2012,,0,,68.00,41.00,,,,,,,,,,,,,
USW00094053,"TORRINGTON MUNICIPAL AIRPORT, WY US",3/28/2012,,0,,79.00,31.00,,,,,,,,,,,,,
USW00094053,"TORRINGTON MUNICIPAL AIRPORT, WY US",3/29/2012,,0,,70.00,49.00,,,,,,,,,,,,,
USW00094053,"TORRINGTON MUNICIPAL AIRPORT, WY US",3/30/2012,,0,,77.00,44.00,,,,,,,,,,,,,
USW00094053,"TORRINGTON MUNICIPAL AIRPORT, WY US",3/31/2012,,0,,85.00,45.00,,,,,,,,,,,,,
USW00094053,"TORRINGTON MUNICIPAL AIRPORT, WY US",4/1/2012,12.3,0,,88.00,41.00,,,,,,,,,,,,,
USW00094053,"TORRINGTON MUNICIPAL AIRPORT, WY US",4/2/2012,19.24,0,,52.00,40.00,,,,,,,,,,,,,
USW00094053,"TORRINGTON MUNICIPAL AIRPORT, WY US",4/3/2012,6.93,0,,48.00,34.00,,,,,,,,,,,,,
USW00094053,"TORRINGTON MUNICIPAL AIRPORT, WY US",4/4/2012,11.18,0,,68.00,35.00,,,,,,,,,,,,,
USW00094053,"TORRINGTON MUNICIPAL AIRPORT, WY US",4/5/2012,16.55,0,,77.00,36.00,,,,,,,,,,,,,
USW00094053,"TORRINGTON MUNICIPAL AIRPORT, WY US",4/6/2012,21.7,0,,79.00,40.00,,,,,,,,,,,,,
USW00094053,"TORRINGTON MUNICIPAL AIRPORT, WY US",4/7/2012,12.53,0,,59.00,26.00,,,,,,,,,,,,,
USW00094053,"TORRINGTON MUNICIPAL AIRPORT, WY US",4/8/2012,5.59,0,,66.00,27.00,,,,,,,,,,,,,
USW00094053,"TORRINGTON MUNICIPAL AIRPORT, WY US",4/9/2012,6.49,0,,64.00,28.00,,,,,,,,,,,,,
USW00094053,"TORRINGTON MUNICIPAL AIRPORT, WY US",4/10/2012,12.97,0,,74.00,35.00,,,,,,,,,,,,,
USW00094053,"TORRINGTON MUNICIPAL AIRPORT, WY US",4/11/2012,18.79,0,,63.00,46.00,,,,,,,,,,,,,
USW00094053,"TORRINGTON MUNICIPAL AIRPORT, WY US",4/12/2012,12.97,0,,68.00,46.00,,,,,,,,,,,,,
USW00094053,"TORRINGTON MUNICIPAL AIRPORT, WY US",4/13/2012,8.5,0,,63.00,39.00,,,,,,,,,,,,,
USW00094053,"TORRINGTON MUNICIPAL AIRPORT, WY US",4/14/2012,9.62,0.26,,61.00,41.00,,,,,,,,,,,,,
USW00094053,"TORRINGTON MUNICIPAL AIRPORT, WY US",4/15/2012,19.46,0.03,,52.00,35.00,,,,,,,,,,,,,
USW00094053,"TORRINGTON MUNICIPAL AIRPORT, WY US",4/16/2012,5.82,0.01,,58.00,33.00,,,,,,,,,,,,,
USW00094053,"TORRINGTON MUNICIPAL AIRPORT, WY US",4/17/2012,10.96,0,,67.00,30.00,,,,,,,,,,,,,
USW00094053,"TORRINGTON MUNICIPAL AIRPORT, WY US",4/18/2012,8.95,0.05,,69.00,31.00,,,,,,,,,,,,,
USW00094053,"TORRINGTON MUNICIPAL AIRPORT, WY US",4/19/2012,12.08,0.08,,63.00,38.00,,,,,,,,,,,,,
USW00094053,"TORRINGTON MUNICIPAL AIRPORT, WY US",4/20/2012,3.8,0,,71.00,31.00,,,,,,,,,,,,,
USW00094053,"TORRINGTON MUNICIPAL AIRPORT, WY US",4/21/2012,10.74,0,,69.00,42.00,,,,,,,,,,,,,
USW00094053,"TORRINGTON MUNICIPAL AIRPORT, WY US",4/22/2012,7.83,0,,74.00,31.00,,,,,,,,,,,,,
USW00094053,"TORRINGTON MUNICIPAL AIRPORT, WY US",4/23/2012,5.59,0,,88.00,38.00,,,,,,,,,,,,,
USW00094053,"TORRINGTON MUNICIPAL AIRPORT, WY US",4/24/2012,9.17,0,,90.00,41.00,,,,,,,,,,,,,
USW00094053,"TORRINGTON MUNICIPAL AIRPORT, WY US",4/25/2012,10.51,0,,83.00,50.00,,,,,,,,,,,,,
USW00094053,"TORRINGTON MUNICIPAL AIRPORT, WY US",4/26/2012,14.54,0.06,,86.00,53.00,,,,,,,,,,,,,
USW00094053,"TORRINGTON MUNICIPAL AIRPORT, WY US",4/27/2012,18.12,0.3,,65.00,42.00,,,,,,,,,,,,,
USW00094053,"TORRINGTON MUNICIPAL AIRPORT, WY US",4/28/2012,10.96,0,,58.00,35.00,,,,,,,,,,,,,
USW00094053,"TORRINGTON MUNICIPAL AIRPORT, WY US",4/29/2012,6.04,0,,67.00,36.00,,,,,,,,,,,,,
USW00094053,"TORRINGTON MUNICIPAL AIRPORT, WY US",4/30/2012,8.05,0,,80.00,31.00,,,,,,,,,,,,,
USW00094053,"TORRINGTON MUNICIPAL AIRPORT, WY US",5/1/2012,12.53,0,,75.00,44.00,,,,,,,,,,,,,
USW00094053,"TORRINGTON MUNICIPAL AIRPORT, WY US",5/2/2012,9.84,0.13,,72.00,44.00,,,,,,,,,,,,,
USW00094053,"TORRINGTON MUNICIPAL AIRPORT, WY US",5/3/2012,10.51,0.01,,76.00,40.00,,,,,,,,,,,,,
USW00094053,"TORRINGTON MUNICIPAL AIRPORT, WY US",5/4/2012,8.5,0,,84.00,45.00,,,,,,,,,,,,,
USW00094053,"TORRINGTON MUNICIPAL AIRPORT, WY US",5/5/2012,13.42,0.03,,71.00,44.00,,,,,,,,,,,,,
USW00094053,"TORRINGTON MUNICIPAL AIRPORT, WY US",5/6/2012,9.62,0,,63.00,39.00,,,,,,,,,,,,,
USW00094053,"TORRINGTON MUNICIPAL AIRPORT, WY US",5/7/2012,5.82,0,,64.00,40.00,,,,,,,,,,,,,
USW00094053,"TORRINGTON MUNICIPAL AIRPORT, WY US",5/8/2012,8.05,0,,70.00,33.00,,,,,,,,,,,,,
USW00094053,"TORRINGTON MUNICIPAL AIRPORT, WY US",5/9/2012,6.04,0,,84.00,37.00,,,,,,,,,,,,,
USW00094053,"TORRINGTON MUNICIPAL AIRPORT, WY US",5/10/2012,10.74,0,,91.00,44.00,,,,,,,,,,,,,
USW00094053,"TORRINGTON MUNICIPAL AIRPORT, WY US",5/11/2012,9.4,0.01,,54.00,33.00,,,,,,,,,,,,,
USW00094053,"TORRINGTON MUNICIPAL AIRPORT, WY US",5/12/2012,8.95,0,,63.00,28.00,,,,,,,,,,,,,
USW00094053,"TORRINGTON MUNICIPAL AIRPORT, WY US",5/13/2012,4.47,0,,73.00,33.00,,,,,,,,,,,,,
USW00094053,"TORRINGTON MUNICIPAL AIRPORT, WY US",5/14/2012,5.14,0,,85.00,34.00,,,,,,,,,,,,,
USW00094053,"TORRINGTON MUNICIPAL AIRPORT, WY US",5/15/2012,8.05,0,,83.00,46.00,,,,,,,,,,,,,
USW00094053,"TORRINGTON MUNICIPAL AIRPORT, WY US",5/16/2012,11.41,0,,90.00,47.00,,,,,,,,,,,,,
USW00094053,"TORRINGTON MUNICIPAL AIRPORT, WY US",5/17/2012,7.83,0,,88.00,49.00,,,,,,,,,,,,,
USW00094053,"TORRINGTON MUNICIPAL AIRPORT, WY US",5/18/2012,9.17,0.04,,83.00,50.00,,,,,,,,,,,,,
USW00094053,"TORRINGTON MUNICIPAL AIRPORT, WY US",5/19/2012,14.32,0,,67.00,44.00,,,,,,,,,,,,,
USW00094053,"TORRINGTON MUNICIPAL AIRPORT, WY US",5/20/2012,11.63,0,,77.00,38.00,,,,,,,,,,,,,
USW00094053,"TORRINGTON MUNICIPAL AIRPORT, WY US",5/21/2012,6.71,0,,88.00,45.00,,,,,,,,,,,,,
USW00094053,"TORRINGTON MUNICIPAL AIRPORT, WY US",5/22/2012,9.84,0,,95.00,48.00,,,,,,,,,,,,,
USW00094053,"TORRINGTON MUNICIPAL AIRPORT, WY US",5/23/2012,12.3,0.03,,72.00,50.00,,,,,,,,,,,,,
USW00094053,"TORRINGTON MUNICIPAL AIRPORT, WY US",5/24/2012,10.29,0.19,,60.00,39.00,,,,,,,,,,,,,
USW00094053,"TORRINGTON MUNICIPAL AIRPORT, WY US",5/25/2012,13.65,0.14,,62.00,40.00,,,,,,,,,,,,,
USW00094053,"TORRINGTON MUNICIPAL AIRPORT, WY US",5/26/2012,15.66,0,,76.00,50.00,,,,,,,,,,,,,
USW00094053,"TORRINGTON MUNICIPAL AIRPORT, WY US",5/27/2012,15.21,0,,76.00,43.00,,,,,,,,,,,,,
USW00094053,"TORRINGTON MUNICIPAL AIRPORT, WY US",5/28/2012,12.3,0,,74.00,43.00,,,,,,,,,,,,,
USW00094053,"TORRINGTON MUNICIPAL AIRPORT, WY US",5/29/2012,6.26,0,,78.00,35.00,,,,,,,,,,,,,
USW00094053,"TORRINGTON MUNICIPAL AIRPORT, WY US",5/30/2012,12.75,0,,71.00,46.00,,,,,,,,,,,,,
USW00094053,"TORRINGTON MUNICIPAL AIRPORT, WY US",5/31/2012,9.17,0.02,,74.00,49.00,,,,,,,,,,,,,
USW00094053,"TORRINGTON MUNICIPAL AIRPORT, WY US",6/1/2012,9.62,0,,78.00,47.00,,,,,,,,,,,,,
USW00094053,"TORRINGTON MUNICIPAL AIRPORT, WY US",6/2/2012,7.16,0,,90.00,49.00,,,,,,,,,,,,,
USW00094053,"TORRINGTON MUNICIPAL AIRPORT, WY US",6/3/2012,7.83,0.11,,93.00,54.00,,,,,,,,,,,,,
USW00094053,"TORRINGTON MUNICIPAL AIRPORT, WY US",6/4/2012,12.97,0,,96.00,54.00,,,,,,,,,,,,,
USW00094053,"TORRINGTON MUNICIPAL AIRPORT, WY US",6/5/2012,23.49,0,,93.00,61.00,,,,,,,,,,,,,
USW00094053,"TORRINGTON MUNICIPAL AIRPORT, WY US",6/6/2012,10.07,0.57,,85.00,56.00,,,,,,,,,,,,,
USW00094053,"TORRINGTON MUNICIPAL AIRPORT, WY US",6/7/2012,10.51,0.46,,75.00,57.00,,,,,,,,,,,,,
USW00094053,"TORRINGTON MUNICIPAL AIRPORT, WY US",6/8/2012,12.3,0,,93.00,51.00,,,,,,,,,,,,,
USW00094053,"TORRINGTON MUNICIPAL AIRPORT, WY US",6/9/2012,11.41,0,,95.00,55.00,,,,,,,,,,,,,
USW00094053,"TORRINGTON MUNICIPAL AIRPORT, WY US",6/10/2012,19.01,0,,76.00,52.00,,,,,,,,,,,,,
USW00094053,"TORRINGTON MUNICIPAL AIRPORT, WY US",6/11/2012,7.16,0,,78.00,46.00,,,,,,,,,,,,,
USW00094053,"TORRINGTON MUNICIPAL AIRPORT, WY US",6/12/2012,8.05,0,,82.00,51.00,,,,,,,,,,,,,
USW00094053,"TORRINGTON MUNICIPAL AIRPORT, WY US",6/13/2012,6.26,0,,96.00,49.00,,,,,,,,,,,,,
USW00094053,"TORRINGTON MUNICIPAL AIRPORT, WY US",6/14/2012,9.84,0,,86.00,57.00,,,,,,,,,,,,,
USW00094053,"TORRINGTON MUNICIPAL AIRPORT, WY US",6/15/2012,12.53,0.06,,93.00,59.00,,,,,,,,,,,,,
USW00094053,"TORRINGTON MUNICIPAL AIRPORT, WY US",6/16/2012,7.61,0,,82.00,54.00,,,,,,,,,,,,,
USW00094053,"TORRINGTON MUNICIPAL AIRPORT, WY US",6/17/2012,15.66,0,,98.00,56.00,,,,,,,,,,,,,
USW00094053,"TORRINGTON MUNICIPAL AIRPORT, WY US",6/18/2012,8.95,0,,100.00,61.00,,,,,,,,,,,,,
USW00094053,"TORRINGTON MUNICIPAL AIRPORT, WY US",6/19/2012,10.51,0.9,,90.00,56.00,,,,,,,,,,,,,
USW00094053,"TORRINGTON MUNICIPAL AIRPORT, WY US",6/20/2012,10.51,0.02,,75.00,54.00,,,,,,,,,,,,,
USW00094053,"TORRINGTON MUNICIPAL AIRPORT, WY US",6/21/2012,8.95,0,,88.00,46.00,,,,,,,,,,,,,
USW00094053,"TORRINGTON MUNICIPAL AIRPORT, WY US",6/22/2012,14.76,0,,97.00,56.00,,,,,,,,,,,,,
USW00094053,"TORRINGTON MUNICIPAL AIRPORT, WY US",6/23/2012,7.61,0,,104.00,60.00,,,,,,,,,,,,,
USW00094053,"TORRINGTON MUNICIPAL AIRPORT, WY US",6/24/2012,9.84,0,,99.00,63.00,,,,,,,,,,,,,
USW00094053,"TORRINGTON MUNICIPAL AIRPORT, WY US",6/25/2012,13.42,0.01,,96.00,68.00,,,,,,,,,,,,,
USW00094053,"TORRINGTON MUNICIPAL AIRPORT, WY US",6/26/2012,7.61,0,,105.00,63.00,,,,,,,,,,,,,
USW00094053,"TORRINGTON MUNICIPAL AIRPORT, WY US",6/27/2012,7.83,0.05,,89.00,64.00,,,,,,,,,,,,,
USW00094053,"TORRINGTON MUNICIPAL AIRPORT, WY US",6/28/2012,5.82,0,,98.00,53.00,,,,,,,,,,,,,
USW00094053,"TORRINGTON MUNICIPAL AIRPORT, WY US",6/29/2012,8.95,0,,100.00,58.00,,,,,,,,,,,,,
USW00094053,"TORRINGTON MUNICIPAL AIRPORT, WY US",6/30/2012,9.4,0,,95.00,67.00,,,,,,,,,,,,,
USW00094053,"TORRINGTON MUNICIPAL AIRPORT, WY US",7/1/2012,10.74,0,,100.00,58.00,,,,,,,,,,,,,
USW00094053,"TORRINGTON MUNICIPAL AIRPORT, WY US",7/2/2012,8.95,0,,95.00,67.00,,,,,,,,,,,,,
USW00094053,"TORRINGTON MUNICIPAL AIRPORT, WY US",7/3/2012,7.61,0,,99.00,61.00,,,,,,,,,,,,,
USW00094053,"TORRINGTON MUNICIPAL AIRPORT, WY US",7/4/2012,9.62,0,,93.00,62.00,,,,,,,,,,,,,
USW00094053,"TORRINGTON MUNICIPAL AIRPORT, WY US",7/5/2012,10.07,0.45,,98.00,66.00,,,,,,,,,,,,,
USW00094053,"TORRINGTON MUNICIPAL AIRPORT, WY US",7/6/2012,10.29,0,,86.00,62.00,,,,,,,,,,,,,
USW00094053,"TORRINGTON MUNICIPAL AIRPORT, WY US",7/7/2012,7.16,0.04,,73.00,60.00,,,,,,,,,,,,,
USW00094053,"TORRINGTON MUNICIPAL AIRPORT, WY US",7/8/2012,6.71,0,,78.00,62.00,,,,,,,,,,,,,
USW00094053,"TORRINGTON MUNICIPAL AIRPORT, WY US",7/9/2012,8.5,0,,85.00,57.00,,,,,,,,,,,,,
USW00094053,"TORRINGTON MUNICIPAL AIRPORT, WY US",7/10/2012,9.62,0,,89.00,57.00,,,,,,,,,,,,,
USW00094053,"TORRINGTON MUNICIPAL AIRPORT, WY US",7/11/2012,8.72,0.2,,97.00,57.00,,,,,,,,,,,,,
USW00094053,"TORRINGTON MUNICIPAL AIRPORT, WY US",7/12/2012,5.37,0,,95.00,58.00,,,,,,,,,,,,,
USW00094053,"TORRINGTON MUNICIPAL AIRPORT, WY US",7/13/2012,7.38,0,,97.00,59.00,,,,,,,,,,,,,
USW00094053,"TORRINGTON MUNICIPAL AIRPORT, WY US",7/14/2012,11.86,0,,98.00,63.00,,,,,,,,,,,,,
USW00094053,"TORRINGTON MUNICIPAL AIRPORT, WY US",7/15/2012,7.61,0,,98.00,60.00,,,,,,,,,,,,,
USW00094053,"TORRINGTON MUNICIPAL AIRPORT, WY US",7/16/2012,7.38,0,,97.00,60.00,,,,,,,,,,,,,
USW00094053,"TORRINGTON MUNICIPAL AIRPORT, WY US",7/17/2012,4.7,0,,93.00,62.00,,,,,,,,,,,,,
USW00094053,"TORRINGTON MUNICIPAL AIRPORT, WY US",7/18/2012,5.82,0,,100.00,57.00,,,,,,,,,,,,,
USW00094053,"TORRINGTON MUNICIPAL AIRPORT, WY US",7/19/2012,8.95,0,,103.00,63.00,,,,,,,,,,,,,
USW00094053,"TORRINGTON MUNICIPAL AIRPORT, WY US",7/20/2012,6.71,0,,105.00,66.00,,,,,,,,,,,,,
USW00094053,"TORRINGTON MUNICIPAL AIRPORT, WY US",7/21/2012,7.16,0.16,,101.00,64.00,,,,,,,,,,,,,
USW00094053,"TORRINGTON MUNICIPAL AIRPORT, WY US",7/22/2012,6.71,0,,98.00,65.00,,,,,,,,,,,,,
USW00094053,"TORRINGTON MUNICIPAL AIRPORT, WY US",7/23/2012,6.49,0,,100.00,66.00,,,,,,,,,,,,,
USW00094053,"TORRINGTON MUNICIPAL AIRPORT, WY US",7/24/2012,8.05,0,,99.00,61.00,,,,,,,,,,,,,
USW00094053,"TORRINGTON MUNICIPAL AIRPORT, WY US",7/25/2012,8.28,0.32,,87.00,61.00,,,,,,,,,,,,,
USW00094053,"TORRINGTON MUNICIPAL AIRPORT, WY US",7/26/2012,4.7,0,,90.00,53.00,,,,,,,,,,,,,
USW00094053,"TORRINGTON MUNICIPAL AIRPORT, WY US",7/27/2012,10.07,0,,100.00,57.00,,,,,,,,,,,,,
USW00094053,"TORRINGTON MUNICIPAL AIRPORT, WY US",7/28/2012,4.92,0,,98.00,63.00,,,,,,,,,,,,,
USW00094053,"TORRINGTON MUNICIPAL AIRPORT, WY US",7/29/2012,8.05,0,,92.00,64.00,,,,,,,,,,,,,
USW00094053,"TORRINGTON MUNICIPAL AIRPORT, WY US",7/30/2012,6.04,0,,93.00,59.00,,,,,,,,,,,,,
USW00094053,"TORRINGTON MUNICIPAL AIRPORT, WY US",7/31/2012,6.71,0,,98.00,61.00,,,,,,,,,,,,,
USW00094053,"TORRINGTON MUNICIPAL AIRPORT, WY US",8/1/2012,6.71,0,,97.00,63.00,,,,,,,,,,,,,
USW00094053,"TORRINGTON MUNICIPAL AIRPORT, WY US",8/2/2012,7.83,0,,96.00,60.00,,,,,,,,,,,,,
USW00094053,"TORRINGTON MUNICIPAL AIRPORT, WY US",8/3/2012,10.96,0,,99.00,53.00,,,,,,,,,,,,,
USW00094053,"TORRINGTON MUNICIPAL AIRPORT, WY US",8/4/2012,7.16,0,,85.00,50.00,,,,,,,,,,,,,
USW00094053,"TORRINGTON MUNICIPAL AIRPORT, WY US",8/5/2012,9.17,0,,96.00,50.00,,,,,,,,,,,,,
USW00094053,"TORRINGTON MUNICIPAL AIRPORT, WY US",8/6/2012,6.71,0,,102.00,55.00,,,,,,,,,,,,,
USW00094053,"TORRINGTON MUNICIPAL AIRPORT, WY US",8/7/2012,8.05,0,,97.00,60.00,,,,,,,,,,,,,
USW00094053,"TORRINGTON MUNICIPAL AIRPORT, WY US",8/8/2012,8.5,0,,99.00,53.00,,,,,,,,,,,,,
USW00094053,"TORRINGTON MUNICIPAL AIRPORT, WY US",8/9/2012,12.08,0,,91.00,54.00,,,,,,,,,,,,,
USW00094053,"TORRINGTON MUNICIPAL AIRPORT, WY US",8/10/2012,11.41,0,,94.00,58.00,,,,,,,,,,,,,
USW00094053,"TORRINGTON MUNICIPAL AIRPORT, WY US",8/11/2012,11.18,0,,88.00,61.00,,,,,,,,,,,,,
USW00094053,"TORRINGTON MUNICIPAL AIRPORT, WY US",8/12/2012,8.72,0,,88.00,49.00,,,,,,,,,,,,,
USW00094053,"TORRINGTON MUNICIPAL AIRPORT, WY US",8/13/2012,12.53,0,,88.00,52.00,,,,,,,,,,,,,
USW00094053,"TORRINGTON MUNICIPAL AIRPORT, WY US",8/14/2012,4.03,0,,92.00,54.00,,,,,,,,,,,,,
USW00094053,"TORRINGTON MUNICIPAL AIRPORT, WY US",8/15/2012,12.75,0,,77.00,56.00,,,,,,,,,,,,,
USW00094053,"TORRINGTON MUNICIPAL AIRPORT, WY US",8/16/2012,8.5,0,,68.00,50.00,,,,,,,,,,,,,
USW00094053,"TORRINGTON MUNICIPAL AIRPORT, WY US",8/17/2012,5.82,0,,86.00,45.00,,,,,,,,,,,,,
USW00094053,"TORRINGTON MUNICIPAL AIRPORT, WY US",8/18/2012,9.17,0,,83.00,51.00,,,,,,,,,,,,,
USW00094053,"TORRINGTON MUNICIPAL AIRPORT, WY US",8/19/2012,5.14,0,,83.00,44.00,,,,,,,,,,,,,
USW00094053,"TORRINGTON MUNICIPAL AIRPORT, WY US",8/20/2012,6.71,0,,85.00,54.00,,,,,,,,,,,,,
USW00094053,"TORRINGTON MUNICIPAL AIRPORT, WY US",8/21/2012,3.8,0,,93.00,50.00,,,,,,,,,,,,,
USW00094053,"TORRINGTON MUNICIPAL AIRPORT, WY US",8/22/2012,6.93,0,,96.00,58.00,,,,,,,,,,,,,
USW00094053,"TORRINGTON MUNICIPAL AIRPORT, WY US",8/23/2012,8.5,0,,90.00,63.00,,,,,,,,,,,,,
USW00094053,"TORRINGTON MUNICIPAL AIRPORT, WY US",8/24/2012,7.16,0,,95.00,56.00,,,,,,,,,,,,,
USW00094053,"TORRINGTON MUNICIPAL AIRPORT, WY US",8/25/2012,10.96,0,,80.00,60.00,,,,,,,,,,,,,
USW00094053,"TORRINGTON MUNICIPAL AIRPORT, WY US",8/26/2012,6.93,0,,93.00,53.00,,,,,,,,,,,,,
USW00094053,"TORRINGTON MUNICIPAL AIRPORT, WY US",8/27/2012,5.37,0,,100.00,54.00,,,,,,,,,,,,,
USW00094053,"TORRINGTON MUNICIPAL AIRPORT, WY US",8/28/2012,6.04,0,,100.00,57.00,,,,,,,,,,,,,
USW00094053,"TORRINGTON MUNICIPAL AIRPORT, WY US",8/29/2012,5.59,0,,100.00,58.00,,,,,,,,,,,,,
USW00094053,"TORRINGTON MUNICIPAL AIRPORT, WY US",8/30/2012,7.38,0,,85.00,59.00,,,,,,,,,,,,,
USW00094053,"TORRINGTON MUNICIPAL AIRPORT, WY US",8/31/2012,8.28,0,,96.00,55.00,,,,,,,,,,,,,
USW00094053,"TORRINGTON MUNICIPAL AIRPORT, WY US",9/1/2012,8.28,0,,96.00,61.00,,,,,,,,,,,,,
USW00094053,"TORRINGTON MUNICIPAL AIRPORT, WY US",9/2/2012,9.17,0,,92.00,65.00,,,,,,,,,,,,,
USW00094053,"TORRINGTON MUNICIPAL AIRPORT, WY US",9/3/2012,8.5,0,,92.00,55.00,,,,,,,,,,,,,
USW00094053,"TORRINGTON MUNICIPAL AIRPORT, WY US",9/4/2012,8.5,0,,94.00,49.00,,,,,,,,,,,,,
USW00094053,"TORRINGTON MUNICIPAL AIRPORT, WY US",9/5/2012,9.4,0,,84.00,47.00,,,,,,,,,,,,,
USW00094053,"TORRINGTON MUNICIPAL AIRPORT, WY US",9/6/2012,9.62,0,,93.00,48.00,,,,,,,,,,,,,
USW00094053,"TORRINGTON MUNICIPAL AIRPORT, WY US",9/7/2012,5.82,0.01,,74.00,49.00,,,,,,,,,,,,,
USW00094053,"TORRINGTON MUNICIPAL AIRPORT, WY US",9/8/2012,5.82,0,,84.00,41.00,,,,,,,,,,,,,
USW00094053,"TORRINGTON MUNICIPAL AIRPORT, WY US",9/9/2012,9.84,0,,91.00,39.00,,,,,,,,,,,,,
USW00094053,"TORRINGTON MUNICIPAL AIRPORT, WY US",9/10/2012,7.16,0,,98.00,48.00,,,,,,,,,,,,,
USW00094053,"TORRINGTON MUNICIPAL AIRPORT, WY US",9/11/2012,6.71,0.21,,87.00,53.00,,,,,,,,,,,,,
USW00094053,"TORRINGTON MUNICIPAL AIRPORT, WY US",9/12/2012,7.83,0.32,,57.00,50.00,,,,,,,,,,,,,
USW00094053,"TORRINGTON MUNICIPAL AIRPORT, WY US",9/13/2012,4.47,0,,76.00,43.00,,,,,,,,,,,,,
USW00094053,"TORRINGTON MUNICIPAL AIRPORT, WY US",9/14/2012,5.82,0,,81.00,39.00,,,,,,,,,,,,,
USW00094053,"TORRINGTON MUNICIPAL AIRPORT, WY US",9/15/2012,4.25,0,,87.00,44.00,,,,,,,,,,,,,
USW00094053,"TORRINGTON MUNICIPAL AIRPORT, WY US",9/16/2012,9.84,0,,87.00,41.00,,,,,,,,,,,,,
USW00094053,"TORRINGTON MUNICIPAL AIRPORT, WY US",9/17/2012,4.7,0.01,,66.00,44.00,,,,,,,,,,,,,
USW00094053,"TORRINGTON MUNICIPAL AIRPORT, WY US",9/18/2012,6.26,0,,82.00,40.00,,,,,,,,,,,,,
USW00094053,"TORRINGTON MUNICIPAL AIRPORT, WY US",9/19/2012,8.95,0,,78.00,43.00,,,,,,,,,,,,,
USW00094053,"TORRINGTON MUNICIPAL AIRPORT, WY US",9/20/2012,8.05,0,,81.00,39.00,,,,,,,,,,,,,
USW00094053,"TORRINGTON MUNICIPAL AIRPORT, WY US",9/21/2012,9.4,0,,81.00,43.00,,,,,,,,,,,,,
USW00094053,"TORRINGTON MUNICIPAL AIRPORT, WY US",9/22/2012,7.16,0,,80.00,39.00,,,,,,,,,,,,,
USW00094053,"TORRINGTON MUNICIPAL AIRPORT, WY US",9/23/2012,7.61,0,,79.00,44.00,,,,,,,,,,,,,
USW00094053,"TORRINGTON MUNICIPAL AIRPORT, WY US",9/24/2012,6.04,0,,83.00,51.00,,,,,,,,,,,,,
USW00094053,"TORRINGTON MUNICIPAL AIRPORT, WY US",9/25/2012,5.14,0,,78.00,48.00,,,,,,,,,,,,,
USW00094053,"TORRINGTON MUNICIPAL AIRPORT, WY US",9/26/2012,5.37,0.01,,77.00,43.00,,,,,,,,,,,,,
USW00094053,"TORRINGTON MUNICIPAL AIRPORT, WY US",9/27/2012,8.05,0,,72.00,47.00,,,,,,,,,,,,,
USW00094053,"TORRINGTON MUNICIPAL AIRPORT, WY US",9/28/2012,6.49,0,,76.00,44.00,,,,,,,,,,,,,
USW00094053,"TORRINGTON MUNICIPAL AIRPORT, WY US",9/29/2012,6.49,0.01,,83.00,46.00,,,,,,,,,,,,,
USW00094053,"TORRINGTON MUNICIPAL AIRPORT, WY US",9/30/2012,10.96,0,,80.00,53.00,,,,,,,,,,,,,
USW00094053,"TORRINGTON MUNICIPAL AIRPORT, WY US",10/1/2012,6.93,0,,71.00,40.00,,,,,,,,,,,,,
USW00094053,"TORRINGTON MUNICIPAL AIRPORT, WY US",10/2/2012,4.7,0,,86.00,39.00,,,,,,,,,,,,,
USW00094053,"TORRINGTON MUNICIPAL AIRPORT, WY US",10/3/2012,17.22,0,,80.00,36.00,,,,,,,,,,,,,
USW00094053,"TORRINGTON MUNICIPAL AIRPORT, WY US",10/4/2012,7.38,0,,50.00,31.00,,,,,,,,,,,,,
USW00094053,"TORRINGTON MUNICIPAL AIRPORT, WY US",10/5/2012,8.72,0.11,,38.00,30.00,,,,,,,,,,,,,
USW00094053,"TORRINGTON MUNICIPAL AIRPORT, WY US",10/6/2012,4.92,0.17,,40.00,21.00,,,,,,,,,,,,,
USW00094053,"TORRINGTON MUNICIPAL AIRPORT, WY US",10/7/2012,6.26,0,,56.00,19.00,,,,,,,,,,,,,
USW00094053,"TORRINGTON MUNICIPAL AIRPORT, WY US",10/8/2012,5.59,0,,68.00,25.00,,,,,,,,,,,,,
USW00094053,"TORRINGTON MUNICIPAL AIRPORT, WY US",10/9/2012,8.05,0,,50.00,28.00,,,,,,,,,,,,,
USW00094053,"TORRINGTON MUNICIPAL AIRPORT, WY US",10/10/2012,3.58,0,,70.00,24.00,,,,,,,,,,,,,
USW00094053,"TORRINGTON MUNICIPAL AIRPORT, WY US",10/11/2012,9.62,0,,55.00,35.00,,,,,,,,,,,,,
USW00094053,"TORRINGTON MUNICIPAL AIRPORT, WY US",10/12/2012,8.95,0,,70.00,32.00,,,,,,,,,,,,,
USW00094053,"TORRINGTON MUNICIPAL AIRPORT, WY US",10/13/2012,10.29,0.11,,70.00,44.00,,,,,,,,,,,,,
USW00094053,"TORRINGTON MUNICIPAL AIRPORT, WY US",10/14/2012,7.38,0,,70.00,42.00,,,,,,,,,,,,,
USW00094053,"TORRINGTON MUNICIPAL AIRPORT, WY US",10/15/2012,8.5,0,,78.00,35.00,,,,,,,,,,,,,
USW00094053,"TORRINGTON MUNICIPAL AIRPORT, WY US",10/16/2012,14.32,0.11,,75.00,39.00,,,,,,,,,,,,,
USW00094053,"TORRINGTON MUNICIPAL AIRPORT, WY US",10/17/2012,17.9,0,,54.00,36.00,,,,,,,,,,,,,
USW00094053,"TORRINGTON MUNICIPAL AIRPORT, WY US",10/18/2012,21.03,0,,55.00,35.00,,,,,,,,,,,,,
USW00094053,"TORRINGTON MUNICIPAL AIRPORT, WY US",10/19/2012,4.25,0,,73.00,30.00,,,,,,,,,,,,,
USW00094053,"TORRINGTON MUNICIPAL AIRPORT, WY US",10/20/2012,9.4,0,,77.00,45.00,,,,,,,,,,,,,
USW00094053,"TORRINGTON MUNICIPAL AIRPORT, WY US",10/21/2012,7.16,0,,62.00,38.00,,,,,,,,,,,,,
USW00094053,"TORRINGTON MUNICIPAL AIRPORT, WY US",10/22/2012,10.74,0,,63.00,37.00,,,,,,,,,,,,,
USW00094053,"TORRINGTON MUNICIPAL AIRPORT, WY US",10/23/2012,8.5,0,,74.00,42.00,,,,,,,,,,,,,
USW00094053,"TORRINGTON MUNICIPAL AIRPORT, WY US",10/24/2012,8.05,0.37,,45.00,29.00,,,,,,,,,,,,,
USW00094053,"TORRINGTON MUNICIPAL AIRPORT, WY US",10/25/2012,4.92,0.01,,38.00,20.00,,,,,,,,,,,,,
USW00094053,"TORRINGTON MUNICIPAL AIRPORT, WY US",10/26/2012,6.49,0,,39.00,24.00,,,,,,,,,,,,,
USW00094053,"TORRINGTON MUNICIPAL AIRPORT, WY US",10/27/2012,5.14,0,,50.00,26.00,,,,,,,,,,,,,
USW00094053,"TORRINGTON MUNICIPAL AIRPORT, WY US",10/28/2012,5.59,0,,62.00,24.00,,,,,,,,,,,,,
USW00094053,"TORRINGTON MUNICIPAL AIRPORT, WY US",10/29/2012,6.71,0,,70.00,34.00,,,,,,,,,,,,,
USW00094053,"TORRINGTON MUNICIPAL AIRPORT, WY US",10/30/2012,4.7,0,,71.00,36.00,,,,,,,,,,,,,
USW00094053,"TORRINGTON MUNICIPAL AIRPORT, WY US",10/31/2012,4.47,0,,72.00,30.00,,,,,,,,,,,,,
USW00094053,"TORRINGTON MUNICIPAL AIRPORT, WY US",11/1/2012,2.91,0,,64.00,31.00,,,,,,,,,,,,,
USW00094053,"TORRINGTON MUNICIPAL AIRPORT, WY US",11/2/2012,8.28,0,,60.00,34.00,,,,,,,,,,,,,
USW00094053,"TORRINGTON MUNICIPAL AIRPORT, WY US",11/3/2012,3.8,0,,60.00,25.00,,,,,,,,,,,,,
USW00094053,"TORRINGTON MUNICIPAL AIRPORT, WY US",11/4/2012,9.4,0,,62.00,30.00,,,,,,,,,,,,,
USW00094053,"TORRINGTON MUNICIPAL AIRPORT, WY US",11/5/2012,6.26,0,,64.00,38.00,,,,,,,,,,,,,
USW00094053,"TORRINGTON MUNICIPAL AIRPORT, WY US",11/6/2012,6.04,0,,65.00,32.00,,,,,,,,,,,,,
USW00094053,"TORRINGTON MUNICIPAL AIRPORT, WY US",11/7/2012,6.71,0,,77.00,25.00,,,,,,,,,,,,,
USW00094053,"TORRINGTON MUNICIPAL AIRPORT, WY US",11/8/2012,8.72,0,,56.00,34.00,,,,,,,,,,,,,
USW00094053,"TORRINGTON MUNICIPAL AIRPORT, WY US",11/9/2012,13.65,0,,51.00,31.00,,,,,,,,,,,,,
USW00094053,"TORRINGTON MUNICIPAL AIRPORT, WY US",11/10/2012,10.51,0.05,,35.00,13.00,,,,,,,,,,,,,
USW00094053,"TORRINGTON MUNICIPAL AIRPORT, WY US",11/11/2012,4.47,0,,27.00,4.00,,,,,,,,,,,,,
USW00094053,"TORRINGTON MUNICIPAL AIRPORT, WY US",11/12/2012,8.05,0,,46.00,3.00,,,,,,,,,,,,,
USW00094053,"TORRINGTON MUNICIPAL AIRPORT, WY US",11/13/2012,8.05,0,,51.00,24.00,,,,,,,,,,,,,
USW00094053,"TORRINGTON MUNICIPAL AIRPORT, WY US",11/14/2012,7.83,0,,57.00,20.00,,,,,,,,,,,,,
USW00094053,"TORRINGTON MUNICIPAL AIRPORT, WY US",11/15/2012,7.61,0,,51.00,29.00,,,,,,,,,,,,,
USW00094053,"TORRINGTON MUNICIPAL AIRPORT, WY US",11/16/2012,6.71,0,,65.00,24.00,,,,,,,,,,,,,
USW00094053,"TORRINGTON MUNICIPAL AIRPORT, WY US",11/17/2012,7.38,0,,62.00,35.00,,,,,,,,,,,,,
USW00094053,"TORRINGTON MUNICIPAL AIRPORT, WY US",11/18/2012,10.29,0,,65.00,29.00,,,,,,,,,,,,,
USW00094053,"TORRINGTON MUNICIPAL AIRPORT, WY US",11/19/2012,5.59,0,,64.00,28.00,,,,,,,,,,,,,
USW00094053,"TORRINGTON MUNICIPAL AIRPORT, WY US",11/20/2012,9.62,0,,68.00,28.00,,,,,,,,,,,,,
USW00094053,"TORRINGTON MUNICIPAL AIRPORT, WY US",11/21/2012,7.38,0,,69.00,33.00,,,,,,,,,,,,,
USW00094053,"TORRINGTON MUNICIPAL AIRPORT, WY US",11/22/2012,15.21,0,,56.00,25.00,,,,,,,,,,,,,
USW00094053,"TORRINGTON MUNICIPAL AIRPORT, WY US",11/23/2012,4.03,0,,48.00,14.00,,,,,,,,,,,,,
USW00094053,"TORRINGTON MUNICIPAL AIRPORT, WY US",11/24/2012,8.72,0,,64.00,22.00,,,,,,,,,,,,,
USW00094053,"TORRINGTON MUNICIPAL AIRPORT, WY US",11/25/2012,9.17,0,,50.00,30.00,,,,,,,,,,,,,
USW00094053,"TORRINGTON MUNICIPAL AIRPORT, WY US",11/26/2012,6.49,0.04,,35.00,24.00,,,,,,,,,,,,,
USW00094053,"TORRINGTON MUNICIPAL AIRPORT, WY US",11/27/2012,2.91,0,,49.00,12.00,,,,,,,,,,,,,
USW00094053,"TORRINGTON MUNICIPAL AIRPORT, WY US",11/28/2012,3.8,0,,56.00,17.00,,,,,,,,,,,,,
USW00094053,"TORRINGTON MUNICIPAL AIRPORT, WY US",11/29/2012,8.5,0,,64.00,23.00,,,,,,,,,,,,,
USW00094053,"TORRINGTON MUNICIPAL AIRPORT, WY US",11/30/2012,6.93,0,,67.00,26.00,,,,,,,,,,,,,
USW00094053,"TORRINGTON MUNICIPAL AIRPORT, WY US",12/1/2012,11.63,0,,61.00,41.00,,,,,,,,,,,,,
USW00094053,"TORRINGTON MUNICIPAL AIRPORT, WY US",12/2/2012,6.49,0,,70.00,31.00,,,,,,,,,,,,,
USW00094053,"TORRINGTON MUNICIPAL AIRPORT, WY US",12/3/2012,13.2,0,,61.00,35.00,,,,,,,,,,,,,
USW00094053,"TORRINGTON MUNICIPAL AIRPORT, WY US",12/4/2012,7.61,0,,57.00,20.00,,,,,,,,,,,,,
USW00094053,"TORRINGTON MUNICIPAL AIRPORT, WY US",12/5/2012,14.32,0,,67.00,40.00,,,,,,,,,,,,,
USW00094053,"TORRINGTON MUNICIPAL AIRPORT, WY US",12/6/2012,10.74,0,,50.00,30.00,,,,,,,,,,,,,
USW00094053,"TORRINGTON MUNICIPAL AIRPORT, WY US",12/7/2012,7.16,0,,40.00,19.00,,,,,,,,,,,,,
USW00094053,"TORRINGTON MUNICIPAL AIRPORT, WY US",12/8/2012,15.43,0,,43.00,16.00,,,,,,,,,,,,,
USW00094053,"TORRINGTON MUNICIPAL AIRPORT, WY US",12/9/2012,11.41,0,,21.00,-1.00,,,,,,,,,,,,,
USW00094053,"TORRINGTON MUNICIPAL AIRPORT, WY US",12/10/2012,10.74,0,,36.00,-1.00,,,,,,,,,,,,,
USW00094053,"TORRINGTON MUNICIPAL AIRPORT, WY US",12/11/2012,10.07,0,,44.00,5.00,,,,,,,,,,,,,
USW00094053,"TORRINGTON MUNICIPAL AIRPORT, WY US",12/12/2012,10.51,0,,59.00,29.00,,,,,,,,,,,,,
USW00094053,"TORRINGTON MUNICIPAL AIRPORT, WY US",12/13/2012,6.49,0,,51.00,20.00,,,,,,,,,,,,,
USW00094053,"TORRINGTON MUNICIPAL AIRPORT, WY US",12/14/2012,4.92,0,,46.00,18.00,,,,,,,,,,,,,
USW00094053,"TORRINGTON MUNICIPAL AIRPORT, WY US",12/15/2012,7.38,0,,43.00,25.00,,,,,,,,,,,,,
USW00094053,"TORRINGTON MUNICIPAL AIRPORT, WY US",12/16/2012,11.86,0,,43.00,19.00,,,,,,,,,,,,,
USW00094053,"TORRINGTON MUNICIPAL AIRPORT, WY US",12/17/2012,14.76,0,,52.00,11.00,,,,,,,,,,,,,
USW00094053,"TORRINGTON MUNICIPAL AIRPORT, WY US",12/18/2012,12.3,0,,41.00,28.00,,,,,,,,,,,,,
USW00094053,"TORRINGTON MUNICIPAL AIRPORT, WY US",12/19/2012,9.62,0.04,,29.00,4.00,,,,,,,,,,,,,
USW00094053,"TORRINGTON MUNICIPAL AIRPORT, WY US",12/20/2012,11.41,0,,40.00,1.00,,,,,,,,,,,,,
USW00094053,"TORRINGTON MUNICIPAL AIRPORT, WY US",12/21/2012,5.82,0,,52.00,12.00,,,,,,,,,,,,,
USW00094053,"TORRINGTON MUNICIPAL AIRPORT, WY US",12/22/2012,5.82,0,,51.00,18.00,,,,,,,,,,,,,
USW00094053,"TORRINGTON MUNICIPAL AIRPORT, WY US",12/23/2012,10.51,0,,51.00,13.00,,,,,,,,,,,,,
USW00094053,"TORRINGTON MUNICIPAL AIRPORT, WY US",12/24/2012,12.3,0.02,,32.00,10.00,,,,,,,,,,,,,
USW00094053,"TORRINGTON MUNICIPAL AIRPORT, WY US",12/25/2012,4.25,0.01,,12.00,-8.00,,,,,,,,,,,,,
USW00094053,"TORRINGTON MUNICIPAL AIRPORT, WY US",12/26/2012,4.03,0,,15.00,-10.00,,,,,,,,,,,,,
USW00094053,"TORRINGTON MUNICIPAL AIRPORT, WY US",12/27/2012,6.26,0,,21.00,3.00,,,,,,,,,,,,,
USW00094053,"TORRINGTON MUNICIPAL AIRPORT, WY US",12/28/2012,5.37,0,,31.00,-1.00,,,,,,,,,,,,,
USW00094053,"TORRINGTON MUNICIPAL AIRPORT, WY US",12/29/2012,5.14,0,,34.00,-1.00,,,,,,,,,,,,,
USW00094053,"TORRINGTON MUNICIPAL AIRPORT, WY US",12/30/2012,5.14,0,,31.00,-1.00,,,,,,,,,,,,,
USW00094053,"TORRINGTON MUNICIPAL AIRPORT, WY US",12/31/2012,1.12,0,,25.00,3.00,,,,,,,,,,,,,
USW00094053,"TORRINGTON MUNICIPAL AIRPORT, WY US",1/1/2013,8.28,0,,31.00,3.00,,,,,,,,,,,,,
USW00094053,"TORRINGTON MUNICIPAL AIRPORT, WY US",1/2/2013,13.65,0,,32.00,18.00,,,,,,,,,,,,,
USW00094053,"TORRINGTON MUNICIPAL AIRPORT, WY US",1/3/2013,7.16,0,,38.00,2.00,,,,,,,,,,,,,
USW00094053,"TORRINGTON MUNICIPAL AIRPORT, WY US",1/4/2013,6.04,0,,42.00,10.00,,,,,,,,,,,,,
USW00094053,"TORRINGTON MUNICIPAL AIRPORT, WY US",1/5/2013,10.07,0,,39.00,9.00,,,,,,,,,,,,,
USW00094053,"TORRINGTON MUNICIPAL AIRPORT, WY US",1/6/2013,3.36,0,,48.00,2.00,,,,,,,,,,,,,
USW00094053,"TORRINGTON MUNICIPAL AIRPORT, WY US",1/7/2013,7.38,0,,50.00,23.00,,,,,,,,,,,,,
USW00094053,"TORRINGTON MUNICIPAL AIRPORT, WY US",1/8/2013,17,0,,49.00,32.00,,,,,,,,,,,,,
USW00094053,"TORRINGTON MUNICIPAL AIRPORT, WY US",1/9/2013,11.63,0,,61.00,28.00,,,,,,,,,,,,,
USW00094053,"TORRINGTON MUNICIPAL AIRPORT, WY US",1/10/2013,7.83,0,,49.00,22.00,,,,,,,,,,,,,
USW00094053,"TORRINGTON MUNICIPAL AIRPORT, WY US",1/11/2013,14.99,0.02,,28.00,6.00,,,,,,,,,,,,,
USW00094053,"TORRINGTON MUNICIPAL AIRPORT, WY US",1/12/2013,10.74,0,,12.00,0.00,,,,,,,,,,,,,
USW00094053,"TORRINGTON MUNICIPAL AIRPORT, WY US",1/13/2013,5.37,0,,15.00,-1.00,,,,,,,,,,,,,
USW00094053,"TORRINGTON MUNICIPAL AIRPORT, WY US",1/14/2013,2.46,0,,16.00,-12.00,,,,,,,,,,,,,
USW00094053,"TORRINGTON MUNICIPAL AIRPORT, WY US",1/15/2013,11.41,0,,31.00,-8.00,,,,,,,,,,,,,
USW00094053,"TORRINGTON MUNICIPAL AIRPORT, WY US",1/16/2013,11.18,0,,45.00,23.00,,,,,,,,,,,,,
USW00094053,"TORRINGTON MUNICIPAL AIRPORT, WY US",1/17/2013,5.82,0,,50.00,18.00,,,,,,,,,,,,,
USW00094053,"TORRINGTON MUNICIPAL AIRPORT, WY US",1/18/2013,14.99,0,,54.00,27.00,,,,,,,,,,,,,
USW00094053,"TORRINGTON MUNICIPAL AIRPORT, WY US",1/19/2013,8.72,0,,55.00,24.00,,,,,,,,,,,,,
USW00094053,"TORRINGTON MUNICIPAL AIRPORT, WY US",1/20/2013,8.05,0,,35.00,12.00,,,,,,,,,,,,,
USW00094053,"TORRINGTON MUNICIPAL AIRPORT, WY US",1/21/2013,4.25,0,,44.00,6.00,,,,,,,,,,,,,
USW00094053,"TORRINGTON MUNICIPAL AIRPORT, WY US",1/22/2013,5.59,0,,55.00,16.00,,,,,,,,,,,,,
USW00094053,"TORRINGTON MUNICIPAL AIRPORT, WY US",1/23/2013,6.49,0,,55.00,19.00,,,,,,,,,,,,,
USW00094053,"TORRINGTON MUNICIPAL AIRPORT, WY US",1/24/2013,14.32,0,,62.00,18.00,,,,,,,,,,,,,
USW00094053,"TORRINGTON MUNICIPAL AIRPORT, WY US",1/25/2013,6.26,0,,59.00,18.00,,,,,,,,,,,,,
USW00094053,"TORRINGTON MUNICIPAL AIRPORT, WY US",1/26/2013,6.93,0,,61.00,25.00,,,,,,,,,,,,,
USW00094053,"TORRINGTON MUNICIPAL AIRPORT, WY US",1/27/2013,6.93,0,,59.00,30.00,,,,,,,,,,,,,
USW00094053,"TORRINGTON MUNICIPAL AIRPORT, WY US",1/28/2013,6.71,0.02,,33.00,25.00,,,,,,,,,,,,,
USW00094053,"TORRINGTON MUNICIPAL AIRPORT, WY US",1/29/2013,10.74,0.01,,34.00,9.00,,,,,,,,,,,,,
USW00094053,"TORRINGTON MUNICIPAL AIRPORT, WY US",1/30/2013,7.16,0,,37.00,0.00,,,,,,,,,,,,,
USW00094053,"TORRINGTON MUNICIPAL AIRPORT, WY US",1/31/2013,7.83,0,,30.00,16.00,,,,,,,,,,,,,
USW00094053,"TORRINGTON MUNICIPAL AIRPORT, WY US",2/1/2013,8.05,0,,49.00,19.00,,,,,,,,,,,,,
USW00094053,"TORRINGTON MUNICIPAL AIRPORT, WY US",2/2/2013,7.61,0,,52.00,21.00,,,,,,,,,,,,,
USW00094053,"TORRINGTON MUNICIPAL AIRPORT, WY US",2/3/2013,5.14,0,,54.00,12.00,,,,,,,,,,,,,
USW00094053,"TORRINGTON MUNICIPAL AIRPORT, WY US",2/4/2013,10.51,0,,54.00,15.00,,,,,,,,,,,,,
USW00094053,"TORRINGTON MUNICIPAL AIRPORT, WY US",2/5/2013,5.82,0,,54.00,21.00,,,,,,,,,,,,,
USW00094053,"TORRINGTON MUNICIPAL AIRPORT, WY US",2/6/2013,9.17,0,,52.00,29.00,,,,,,,,,,,,,
USW00094053,"TORRINGTON MUNICIPAL AIRPORT, WY US",2/7/2013,6.49,0,,50.00,21.00,,,,,,,,,,,,,
USW00094053,"TORRINGTON MUNICIPAL AIRPORT, WY US",2/8/2013,6.71,0,,53.00,15.00,,,,,,,,,,,,,
USW00094053,"TORRINGTON MUNICIPAL AIRPORT, WY US",2/9/2013,11.41,0.05,,42.00,21.00,,,,,,,,,,,,,
USW00094053,"TORRINGTON MUNICIPAL AIRPORT, WY US",2/10/2013,18.34,0,,30.00,14.00,,,,,,,,,,,,,
USW00094053,"TORRINGTON MUNICIPAL AIRPORT, WY US",2/11/2013,4.92,0,,31.00,4.00,,,,,,,,,,,,,
USW00094053,"TORRINGTON MUNICIPAL AIRPORT, WY US",2/12/2013,10.96,0,,41.00,4.00,,,,,,,,,,,,,
USW00094053,"TORRINGTON MUNICIPAL AIRPORT, WY US",2/13/2013,16.55,0,,48.00,21.00,,,,,,,,,,,,,
USW00094053,"TORRINGTON MUNICIPAL AIRPORT, WY US",2/14/2013,13.42,0.01,,32.00,15.00,,,,,,,,,,,,,
USW00094053,"TORRINGTON MUNICIPAL AIRPORT, WY US",2/15/2013,7.38,0,,32.00,16.00,,,,,,,,,,,,,
USW00094053,"TORRINGTON MUNICIPAL AIRPORT, WY US",2/16/2013,12.53,0,,54.00,21.00,,,,,,,,,,,,,
USW00094053,"TORRINGTON MUNICIPAL AIRPORT, WY US",2/17/2013,14.76,0,,60.00,28.00,,,,,,,,,,,,,
USW00094053,"TORRINGTON MUNICIPAL AIRPORT, WY US",2/18/2013,9.84,0,,37.00,15.00,,,,,,,,,,,,,
USW00094053,"TORRINGTON MUNICIPAL AIRPORT, WY US",2/19/2013,13.42,0,,43.00,5.00,,,,,,,,,,,,,
USW00094053,"TORRINGTON MUNICIPAL AIRPORT, WY US",2/20/2013,15.21,0,,30.00,15.00,,,,,,,,,,,,,
USW00094053,"TORRINGTON MUNICIPAL AIRPORT, WY US",2/21/2013,6.49,0.07,,26.00,12.00,,,,,,,,,,,,,
USW00094053,"TORRINGTON MUNICIPAL AIRPORT, WY US",2/22/2013,5.82,0,,39.00,12.00,,,,,,,,,,,,,
USW00094053,"TORRINGTON MUNICIPAL AIRPORT, WY US",2/23/2013,7.83,0,,48.00,13.00,,,,,,,,,,,,,
USW00094053,"TORRINGTON MUNICIPAL AIRPORT, WY US",2/24/2013,13.42,0.06,,33.00,20.00,,,,,,,,,,,,,
USW00094053,"TORRINGTON MUNICIPAL AIRPORT, WY US",2/25/2013,5.14,0,,39.00,8.00,,,,,,,,,,,,,
USW00094053,"TORRINGTON MUNICIPAL AIRPORT, WY US",2/26/2013,14.76,0.01,,38.00,14.00,,,,,,,,,,,,,
USW00094053,"TORRINGTON MUNICIPAL AIRPORT, WY US",2/27/2013,10.51,0,,39.00,19.00,,,,,,,,,,,,,
USW00094053,"TORRINGTON MUNICIPAL AIRPORT, WY US",2/28/2013,8.05,0,,46.00,13.00,,,,,,,,,,,,,
USW00094053,"TORRINGTON MUNICIPAL AIRPORT, WY US",3/1/2013,7.38,0,,45.00,20.00,,,,,,,,,,,,,
USW00094053,"TORRINGTON MUNICIPAL AIRPORT, WY US",3/2/2013,11.41,0,,61.00,31.00,,,,,,,,,,,,,
USW00094053,"TORRINGTON MUNICIPAL AIRPORT, WY US",3/3/2013,16.78,0,,64.00,32.00,,,,,,,,,,,,,
USW00094053,"TORRINGTON MUNICIPAL AIRPORT, WY US",3/4/2013,16.55,0,,37.00,18.00,,,,,,,,,,,,,
USW00094053,"TORRINGTON MUNICIPAL AIRPORT, WY US",3/5/2013,6.93,0,,43.00,10.00,,,,,,,,,,,,,
USW00094053,"TORRINGTON MUNICIPAL AIRPORT, WY US",3/6/2013,11.41,0,,65.00,18.00,,,,,,,,,,,,,
USW00094053,"TORRINGTON MUNICIPAL AIRPORT, WY US",3/7/2013,8.05,0,,65.00,19.00,,,,,,,,,,,,,
USW00094053,"TORRINGTON MUNICIPAL AIRPORT, WY US",3/8/2013,8.28,0,,47.00,23.00,,,,,,,,,,,,,
USW00094053,"TORRINGTON MUNICIPAL AIRPORT, WY US",3/9/2013,17.22,0.09,,43.00,26.00,,,,,,,,,,,,,
USW00094053,"TORRINGTON MUNICIPAL AIRPORT, WY US",3/10/2013,11.41,0,,49.00,18.00,,,,,,,,,,,,,
USW00094053,"TORRINGTON MUNICIPAL AIRPORT, WY US",3/11/2013,9.4,0.01,,42.00,25.00,,,,,,,,,,,,,
USW00094053,"TORRINGTON MUNICIPAL AIRPORT, WY US",3/12/2013,8.28,0,,46.00,21.00,,,,,,,,,,,,,
USW00094053,"TORRINGTON MUNICIPAL AIRPORT, WY US",3/13/2013,6.49,0,,66.00,20.00,,,,,,,,,,,,,
USW00094053,"TORRINGTON MUNICIPAL AIRPORT, WY US",3/14/2013,6.04,0,,72.00,32.00,,,,,,,,,,,,,
USW00094053,"TORRINGTON MUNICIPAL AIRPORT, WY US",3/15/2013,10.74,0,,74.00,37.00,,,,,,,,,,,,,
USW00094053,"TORRINGTON MUNICIPAL AIRPORT, WY US",3/16/2013,12.08,0,,60.00,29.00,,,,,,,,,,,,,
USW00094053,"TORRINGTON MUNICIPAL AIRPORT, WY US",3/17/2013,17,0,,60.00,24.00,,,,,,,,,,,,,
USW00094053,"TORRINGTON MUNICIPAL AIRPORT, WY US",3/18/2013,8.05,0,,43.00,17.00,,,,,,,,,,,,,
USW00094053,"TORRINGTON MUNICIPAL AIRPORT, WY US",3/19/2013,12.53,0,,45.00,16.00,,,,,,,,,,,,,
USW00094053,"TORRINGTON MUNICIPAL AIRPORT, WY US",3/20/2013,9.84,0.01,,58.00,10.00,,,,,,,,,,,,,
USW00094053,"TORRINGTON MUNICIPAL AIRPORT, WY US",3/21/2013,10.51,0.04,,52.00,26.00,,,,,,,,,,,,,
USW00094053,"TORRINGTON MUNICIPAL AIRPORT, WY US",3/22/2013,8.95,0,,47.00,23.00,,,,,,,,,,,,,
USW00094053,"TORRINGTON MUNICIPAL AIRPORT, WY US",3/23/2013,13.65,0,,32.00,12.00,,,,,,,,,,,,,
USW00094053,"TORRINGTON MUNICIPAL AIRPORT, WY US",3/24/2013,10.96,0,,32.00,8.00,,,,,,,,,,,,,
USW00094053,"TORRINGTON MUNICIPAL AIRPORT, WY US",3/25/2013,6.04,0,,42.00,4.00,,,,,,,,,,,,,
USW00094053,"TORRINGTON MUNICIPAL AIRPORT, WY US",3/26/2013,6.71,0,,55.00,12.00,,,,,,,,,,,,,
USW00094053,"TORRINGTON MUNICIPAL AIRPORT, WY US",3/27/2013,4.92,0,,59.00,24.00,,,,,,,,,,,,,
USW00094053,"TORRINGTON MUNICIPAL AIRPORT, WY US",3/28/2013,8.05,0,,66.00,24.00,,,,,,,,,,,,,
USW00094053,"TORRINGTON MUNICIPAL AIRPORT, WY US",3/29/2013,6.71,0,,70.00,28.00,,,,,,,,,,,,,
USW00094053,"TORRINGTON MUNICIPAL AIRPORT, WY US",3/30/2013,8.5,0,,51.00,29.00,,,,,,,,,,,,,
USW00094053,"TORRINGTON MUNICIPAL AIRPORT, WY US",3/31/2013,10.07,0,,66.00,20.00,,,,,,,,,,,,,
USW00094053,"TORRINGTON MUNICIPAL AIRPORT, WY US",4/1/2013,7.83,0,,57.00,23.00,,,,,,,,,,,,,
USW00094053,"TORRINGTON MUNICIPAL AIRPORT, WY US",4/2/2013,7.38,0,,60.00,24.00,,,,,,,,,,,,,
USW00094053,"TORRINGTON MUNICIPAL AIRPORT, WY US",4/3/2013,6.71,0,,70.00,24.00,,,,,,,,,,,,,
USW00094053,"TORRINGTON MUNICIPAL AIRPORT, WY US",4/4/2013,8.72,0,,71.00,34.00,,,,,,,,,,,,,
USW00094053,"TORRINGTON MUNICIPAL AIRPORT, WY US",4/5/2013,12.97,0,,72.00,42.00,,,,,,,,,,,,,
USW00094053,"TORRINGTON MUNICIPAL AIRPORT, WY US",4/6/2013,7.61,0,,67.00,35.00,,,,,,,,,,,,,
USW00094053,"TORRINGTON MUNICIPAL AIRPORT, WY US",4/7/2013,13.42,0,,66.00,43.00,,,,,,,,,,,,,
USW00094053,"TORRINGTON MUNICIPAL AIRPORT, WY US",4/8/2013,12.3,0.58,,57.00,17.00,,,,,,,,,,,,,
USW00094053,"TORRINGTON MUNICIPAL AIRPORT, WY US",4/9/2013,15.21,0.39,,17.00,13.00,,,,,,,,,,,,,
USW00094053,"TORRINGTON MUNICIPAL AIRPORT, WY US",4/10/2013,9.17,0.02,,25.00,9.00,,,,,,,,,,,,,
USW00094053,"TORRINGTON MUNICIPAL AIRPORT, WY US",4/11/2013,7.83,0,,43.00,2.00,,,,,,,,,,,,,
USW00094053,"TORRINGTON MUNICIPAL AIRPORT, WY US",4/12/2013,4.7,0.15,,44.00,27.00,,,,,,,,,,,,,
USW00094053,"TORRINGTON MUNICIPAL AIRPORT, WY US",4/13/2013,8.72,0,,55.00,28.00,,,,,,,,,,,,,
USW00094053,"TORRINGTON MUNICIPAL AIRPORT, WY US",4/14/2013,17.45,0,,44.00,26.00,,,,,,,,,,,,,
USW00094053,"TORRINGTON MUNICIPAL AIRPORT, WY US",4/15/2013,7.83,0,,34.00,22.00,,,,,,,,,,,,,
USW00094053,"TORRINGTON MUNICIPAL AIRPORT, WY US",4/16/2013,15.66,0.17,,28.00,25.00,,,,,,,,,,,,,
USW00094053,"TORRINGTON MUNICIPAL AIRPORT, WY US",4/17/2013,13.2,0.12,,26.00,16.00,,,,,,,,,,,,,
USW00094053,"TORRINGTON MUNICIPAL AIRPORT, WY US",4/18/2013,13.42,0,,32.00,14.00,,,,,,,,,,,,,
USW00094053,"TORRINGTON MUNICIPAL AIRPORT, WY US",4/19/2013,7.83,0,,49.00,22.00,,,,,,,,,,,,,
USW00094053,"TORRINGTON MUNICIPAL AIRPORT, WY US",4/20/2013,5.59,0.04,,58.00,33.00,,,,,,,,,,,,,
USW00094053,"TORRINGTON MUNICIPAL AIRPORT, WY US",4/21/2013,7.61,0,,59.00,34.00,,,,,,,,,,,,,
USW00094053,"TORRINGTON MUNICIPAL AIRPORT, WY US",4/22/2013,15.88,0,,41.00,22.00,,,,,,,,,,,,,
USW00094053,"TORRINGTON MUNICIPAL AIRPORT, WY US",4/23/2013,6.26,0,,45.00,17.00,,,,,,,,,,,,,
USW00094053,"TORRINGTON MUNICIPAL AIRPORT, WY US",4/24/2013,11.86,0,,53.00,21.00,,,,,,,,,,,,,
USW00094053,"TORRINGTON MUNICIPAL AIRPORT, WY US",4/25/2013,10.07,0,,70.00,26.00,,,,,,,,,,,,,
USW00094053,"TORRINGTON MUNICIPAL AIRPORT, WY US",4/26/2013,4.47,0,,72.00,30.00,,,,,,,,,,,,,
USW00094053,"TORRINGTON MUNICIPAL AIRPORT, WY US",4/27/2013,7.61,0,,78.00,32.00,,,,,,,,,,,,,
USW00094053,"TORRINGTON MUNICIPAL AIRPORT, WY US",4/28/2013,11.18,0,,75.00,40.00,,,,,,,,,,,,,
USW00094053,"TORRINGTON MUNICIPAL AIRPORT, WY US",4/29/2013,15.21,0,,80.00,36.00,,,,,,,,,,,,,
USW00094053,"TORRINGTON MUNICIPAL AIRPORT, WY US",4/30/2013,8.05,0.44,,67.00,32.00,,,,,,,,,,,,,
USW00094053,"TORRINGTON MUNICIPAL AIRPORT, WY US",5/1/2013,10.74,0.29,,37.00,25.00,,,,,,,,,,,,,
USW00094053,"TORRINGTON MUNICIPAL AIRPORT, WY US",5/2/2013,6.26,0,,49.00,24.00,,,,,,,,,,,,,
USW00094053,"TORRINGTON MUNICIPAL AIRPORT, WY US",5/3/2013,4.47,0,,61.00,24.00,,,,,,,,,,,,,
USW00094053,"TORRINGTON MUNICIPAL AIRPORT, WY US",5/4/2013,8.95,0,,60.00,33.00,,,,,,,,,,,,,
USW00094053,"TORRINGTON MUNICIPAL AIRPORT, WY US",5/5/2013,5.82,0,,62.00,29.00,,,,,,,,,,,,,
USW00094053,"TORRINGTON MUNICIPAL AIRPORT, WY US",5/6/2013,10.07,0,,72.00,38.00,,,,,,,,,,,,,
USW00094053,"TORRINGTON MUNICIPAL AIRPORT, WY US",5/7/2013,8.28,0,,73.00,41.00,,,,,,,,,,,,,
USW00094053,"TORRINGTON MUNICIPAL AIRPORT, WY US",5/8/2013,10.29,0,,74.00,36.00,,,,,,,,,,,,,
USW00094053,"TORRINGTON MUNICIPAL AIRPORT, WY US",5/9/2013,6.49,0.16,,68.00,42.00,,,,,,,,,,,,,
USW00094053,"TORRINGTON MUNICIPAL AIRPORT, WY US",5/10/2013,8.5,0,,72.00,41.00,,,,,,,,,,,,,
USW00094053,"TORRINGTON MUNICIPAL AIRPORT, WY US",5/11/2013,3.36,0,,70.00,43.00,,,,,,,,,,,,,
USW00094053,"TORRINGTON MUNICIPAL AIRPORT, WY US",5/12/2013,7.61,0,,82.00,43.00,,,,,,,,,,,,,
USW00094053,"TORRINGTON MUNICIPAL AIRPORT, WY US",5/13/2013,5.37,0,,90.00,49.00,,,,,,,,,,,,,
USW00094053,"TORRINGTON MUNICIPAL AIRPORT, WY US",5/14/2013,7.38,0.01,,91.00,52.00,,,,,,,,,,,,,
USW00094053,"TORRINGTON MUNICIPAL AIRPORT, WY US",5/15/2013,8.72,0,,81.00,52.00,,,,,,,,,,,,,
USW00094053,"TORRINGTON MUNICIPAL AIRPORT, WY US",5/16/2013,5.37,0.02,,79.00,53.00,,,,,,,,,,,,,
USW00094053,"TORRINGTON MUNICIPAL AIRPORT, WY US",5/17/2013,8.28,0,,91.00,51.00,,,,,,,,,,,,,
USW00094053,"TORRINGTON MUNICIPAL AIRPORT, WY US",5/18/2013,8.5,0,,81.00,52.00,,,,,,,,,,,,,
USW00094053,"TORRINGTON MUNICIPAL AIRPORT, WY US",5/19/2013,14.09,0.27,,63.00,49.00,,,,,,,,,,,,,
USW00094053,"TORRINGTON MUNICIPAL AIRPORT, WY US",5/20/2013,24.38,0.12,,53.00,47.00,,,,,,,,,,,,,
USW00094053,"TORRINGTON MUNICIPAL AIRPORT, WY US",5/21/2013,18.57,0,,65.00,41.00,,,,,,,,,,,,,
USW00094053,"TORRINGTON MUNICIPAL AIRPORT, WY US",5/22/2013,9.62,0,,69.00,36.00,,,,,,,,,,,,,
USW00094053,"TORRINGTON MUNICIPAL AIRPORT, WY US",5/23/2013,19.91,0,,67.00,46.00,,,,,,,,,,,,,
USW00094053,"TORRINGTON MUNICIPAL AIRPORT, WY US",5/24/2013,9.62,0,,84.00,56.00,,,,,,,,,,,,,
USW00094053,"TORRINGTON MUNICIPAL AIRPORT, WY US",5/25/2013,8.95,0,,87.00,54.00,,,,,,,,,,,,,
USW00094053,"TORRINGTON MUNICIPAL AIRPORT, WY US",5/26/2013,9.84,0,,81.00,51.00,,,,,,,,,,,,,
USW00094053,"TORRINGTON MUNICIPAL AIRPORT, WY US",5/27/2013,7.83,0.05,,84.00,53.00,,,,,,,,,,,,,
USW00094053,"TORRINGTON MUNICIPAL AIRPORT, WY US",5/28/2013,9.17,0.28,,76.00,45.00,,,,,,,,,,,,,
USW00094053,"TORRINGTON MUNICIPAL AIRPORT, WY US",5/29/2013,9.17,0.07,,69.00,46.00,,,,,,,,,,,,,
USW00094053,"TORRINGTON MUNICIPAL AIRPORT, WY US",5/30/2013,16.78,0.04,,70.00,43.00,,,,,,,,,,,,,
USW00094053,"TORRINGTON MUNICIPAL AIRPORT, WY US",5/31/2013,19.46,0,,66.00,42.00,,,,,,,,,,,,,
USW00094053,"TORRINGTON MUNICIPAL AIRPORT, WY US",6/1/2013,17,0,,67.00,43.00,,,,,,,,,,,,,
USW00094053,"TORRINGTON MUNICIPAL AIRPORT, WY US",6/2/2013,12.97,0,,84.00,39.00,,,,,,,,,,,,,
USW00094053,"TORRINGTON MUNICIPAL AIRPORT, WY US",6/3/2013,13.42,0,,87.00,49.00,,,,,,,,,,,,,
USW00094053,"TORRINGTON MUNICIPAL AIRPORT, WY US",6/4/2013,9.62,0,,71.00,48.00,,,,,,,,,,,,,
USW00094053,"TORRINGTON MUNICIPAL AIRPORT, WY US",6/5/2013,6.49,0,,69.00,43.00,,,,,,,,,,,,,
USW00094053,"TORRINGTON MUNICIPAL AIRPORT, WY US",6/6/2013,8.28,0,,79.00,41.00,,,,,,,,,,,,,
USW00094053,"TORRINGTON MUNICIPAL AIRPORT, WY US",6/7/2013,4.7,0.01,,87.00,44.00,,,,,,,,,,,,,
USW00094053,"TORRINGTON MUNICIPAL AIRPORT, WY US",6/8/2013,14.99,0.13,,75.00,55.00,,,,,,,,,,,,,
USW00094053,"TORRINGTON MUNICIPAL AIRPORT, WY US",6/9/2013,7.16,0,,86.00,47.00,,,,,,,,,,,,,
USW00094053,"TORRINGTON MUNICIPAL AIRPORT, WY US",6/10/2013,6.71,0,,99.00,52.00,,,,,,,,,,,,,
USW00094053,"TORRINGTON MUNICIPAL AIRPORT, WY US",6/11/2013,4.47,0,,96.00,56.00,,,,,,,,,,,,,
USW00094053,"TORRINGTON MUNICIPAL AIRPORT, WY US",6/12/2013,10.29,0,,88.00,54.00,,,,,,,,,,,,,
USW00094053,"TORRINGTON MUNICIPAL AIRPORT, WY US",6/13/2013,14.76,0,,87.00,53.00,,,,,,,,,,,,,
USW00094053,"TORRINGTON MUNICIPAL AIRPORT, WY US",6/14/2013,11.63,0,,91.00,59.00,,,,,,,,,,,,,
USW00094053,"TORRINGTON MUNICIPAL AIRPORT, WY US",6/15/2013,9.17,0,,83.00,53.00,,,,,,,,,,,,,
USW00094053,"TORRINGTON MUNICIPAL AIRPORT, WY US",6/16/2013,10.96,0,,90.00,55.00,,,,,,,,,,,,,
USW00094053,"TORRINGTON MUNICIPAL AIRPORT, WY US",6/17/2013,12.3,0.22,,82.00,51.00,,,,,,,,,,,,,
USW00094053,"TORRINGTON MUNICIPAL AIRPORT, WY US",6/18/2013,10.74,0.02,,85.00,51.00,,,,,,,,,,,,,
USW00094053,"TORRINGTON MUNICIPAL AIRPORT, WY US",6/19/2013,17,0,,93.00,50.00,,,,,,,,,,,,,
USW00094053,"TORRINGTON MUNICIPAL AIRPORT, WY US",6/20/2013,9.4,0,,89.00,57.00,,,,,,,,,,,,,
USW00094053,"TORRINGTON MUNICIPAL AIRPORT, WY US",6/21/2013,11.41,0.49,,84.00,57.00,,,,,,,,,,,,,
USW00094053,"TORRINGTON MUNICIPAL AIRPORT, WY US",6/22/2013,9.84,0.79,,79.00,52.00,,,,,,,,,,,,,
USW00094053,"TORRINGTON MUNICIPAL AIRPORT, WY US",6/23/2013,9.84,0,,78.00,48.00,,,,,,,,,,,,,
USW00094053,"TORRINGTON MUNICIPAL AIRPORT, WY US",6/24/2013,12.53,0,,93.00,60.00,,,,,,,,,,,,,
USW00094053,"TORRINGTON MUNICIPAL AIRPORT, WY US",6/25/2013,8.72,0,,88.00,60.00,,,,,,,,,,,,,
USW00094053,"TORRINGTON MUNICIPAL AIRPORT, WY US",6/26/2013,4.25,0,,95.00,54.00,,,,,,,,,,,,,
USW00094053,"TORRINGTON MUNICIPAL AIRPORT, WY US",6/27/2013,5.37,0,,94.00,61.00,,,,,,,,,,,,,
USW00094053,"TORRINGTON MUNICIPAL AIRPORT, WY US",6/28/2013,5.14,0,,92.00,61.00,,,,,,,,,,,,,
USW00094053,"TORRINGTON MUNICIPAL AIRPORT, WY US",6/29/2013,7.38,0,,90.00,60.00,,,,,,,,,,,,,
USW00094053,"TORRINGTON MUNICIPAL AIRPORT, WY US",6/30/2013,8.05,0,,85.00,58.00,,,,,,,,,,,,,
USW00094053,"TORRINGTON MUNICIPAL AIRPORT, WY US",7/1/2013,10.96,0,,83.00,58.00,,,,,,,,,,,,,
USW00094053,"TORRINGTON MUNICIPAL AIRPORT, WY US",7/2/2013,6.71,0,,85.00,54.00,,,,,,,,,,,,,
USW00094053,"TORRINGTON MUNICIPAL AIRPORT, WY US",7/3/2013,7.83,0,,91.00,54.00,,,,,,,,,,,,,
USW00094053,"TORRINGTON MUNICIPAL AIRPORT, WY US",7/4/2013,8.28,0,,92.00,54.00,,,,,,,,,,,,,
USW00094053,"TORRINGTON MUNICIPAL AIRPORT, WY US",7/5/2013,7.38,0.01,,91.00,63.00,,,,,,,,,,,,,
USW00094053,"TORRINGTON MUNICIPAL AIRPORT, WY US",7/6/2013,7.38,0.04,,91.00,62.00,,,,,,,,,,,,,
USW00094053,"TORRINGTON MUNICIPAL AIRPORT, WY US",7/7/2013,7.61,0,,90.00,61.00,,,,,,,,,,,,,
USW00094053,"TORRINGTON MUNICIPAL AIRPORT, WY US",7/8/2013,9.17,0.31,,95.00,61.00,,,,,,,,,,,,,
USW00094053,"TORRINGTON MUNICIPAL AIRPORT, WY US",7/9/2013,5.82,0,,94.00,58.00,,,,,,,,,,,,,
USW00094053,"TORRINGTON MUNICIPAL AIRPORT, WY US",7/10/2013,11.41,0.04,,92.00,63.00,,,,,,,,,,,,,
USW00094053,"TORRINGTON MUNICIPAL AIRPORT, WY US",7/11/2013,13.87,0,,100.00,60.00,,,,,,,,,,,,,
USW00094053,"TORRINGTON MUNICIPAL AIRPORT, WY US",7/12/2013,5.37,0.02,,94.00,66.00,,,,,,,,,,,,,
USW00094053,"TORRINGTON MUNICIPAL AIRPORT, WY US",7/13/2013,6.49,0,,96.00,60.00,,,,,,,,,,,,,
USW00094053,"TORRINGTON MUNICIPAL AIRPORT, WY US",7/14/2013,10.07,0,,81.00,64.00,,,,,,,,,,,,,
USW00094053,"TORRINGTON MUNICIPAL AIRPORT, WY US",7/15/2013,12.53,0,,87.00,63.00,,,,,,,,,,,,,
USW00094053,"TORRINGTON MUNICIPAL AIRPORT, WY US",7/16/2013,11.63,0,,88.00,53.00,,,,,,,,,,,,,
USW00094053,"TORRINGTON MUNICIPAL AIRPORT, WY US",7/17/2013,12.75,0,,93.00,58.00,,,,,,,,,,,,,
USW00094053,"TORRINGTON MUNICIPAL AIRPORT, WY US",7/18/2013,8.28,0,,97.00,61.00,,,,,,,,,,,,,
USW00094053,"TORRINGTON MUNICIPAL AIRPORT, WY US",7/19/2013,10.51,0,,88.00,63.00,,,,,,,,,,,,,
USW00094053,"TORRINGTON MUNICIPAL AIRPORT, WY US",7/20/2013,9.84,0,,88.00,58.00,,,,,,,,,,,,,
USW00094053,"TORRINGTON MUNICIPAL AIRPORT, WY US",7/21/2013,12.75,0,,90.00,58.00,,,,,,,,,,,,,
USW00094053,"TORRINGTON MUNICIPAL AIRPORT, WY US",7/22/2013,10.51,0,,90.00,62.00,,,,,,,,,,,,,
USW00094053,"TORRINGTON MUNICIPAL AIRPORT, WY US",7/23/2013,9.4,0,,89.00,60.00,,,,,,,,,,,,,
USW00094053,"TORRINGTON MUNICIPAL AIRPORT, WY US",7/24/2013,9.62,0,,89.00,60.00,,,,,,,,,,,,,
USW00094053,"TORRINGTON MUNICIPAL AIRPORT, WY US",7/25/2013,8.28,0,,87.00,58.00,,,,,,,,,,,,,
USW00094053,"TORRINGTON MUNICIPAL AIRPORT, WY US",7/26/2013,11.63,0,,86.00,56.00,,,,,,,,,,,,,
USW00094053,"TORRINGTON MUNICIPAL AIRPORT, WY US",7/27/2013,11.41,0,,71.00,54.00,,,,,,,,,,,,,
USW00094053,"TORRINGTON MUNICIPAL AIRPORT, WY US",7/28/2013,14.32,0.02,,79.00,58.00,,,,,,,,,,,,,
USW00094053,"TORRINGTON MUNICIPAL AIRPORT, WY US",7/29/2013,7.61,0.06,,79.00,58.00,,,,,,,,,,,,,
USW00094053,"TORRINGTON MUNICIPAL AIRPORT, WY US",7/30/2013,5.82,0.01,,93.00,55.00,,,,,,,,,,,,,
USW00094053,"TORRINGTON MUNICIPAL AIRPORT, WY US",7/31/2013,5.14,0,,89.00,54.00,,,,,,,,,,,,,
USW00094053,"TORRINGTON MUNICIPAL AIRPORT, WY US",8/1/2013,7.61,0,,93.00,60.00,,,,,,,,,,,,,
USW00094053,"TORRINGTON MUNICIPAL AIRPORT, WY US",8/2/2013,11.18,0,,86.00,56.00,,,,,,,,,,,,,
USW00094053,"TORRINGTON MUNICIPAL AIRPORT, WY US",8/3/2013,13.87,0,,74.00,61.00,,,,,,,,,,,,,
USW00094053,"TORRINGTON MUNICIPAL AIRPORT, WY US",8/4/2013,6.71,0.12,,95.00,56.00,,,,,,,,,,,,,
USW00094053,"TORRINGTON MUNICIPAL AIRPORT, WY US",8/5/2013,6.71,0,,88.00,57.00,,,,,,,,,,,,,
USW00094053,"TORRINGTON MUNICIPAL AIRPORT, WY US",8/6/2013,8.5,0,,90.00,56.00,,,,,,,,,,,,,
USW00094053,"TORRINGTON MUNICIPAL AIRPORT, WY US",8/7/2013,11.41,0,,87.00,54.00,,,,,,,,,,,,,
USW00094053,"TORRINGTON MUNICIPAL AIRPORT, WY US",8/8/2013,6.71,0,,82.00,52.00,,,,,,,,,,,,,
USW00094053,"TORRINGTON MUNICIPAL AIRPORT, WY US",8/9/2013,7.83,0,,87.00,52.00,,,,,,,,,,,,,
USW00094053,"TORRINGTON MUNICIPAL AIRPORT, WY US",8/10/2013,4.03,0.06,,90.00,52.00,,,,,,,,,,,,,
USW00094053,"TORRINGTON MUNICIPAL AIRPORT, WY US",8/11/2013,6.93,0,,87.00,57.00,,,,,,,,,,,,,
USW00094053,"TORRINGTON MUNICIPAL AIRPORT, WY US",8/12/2013,6.26,0,,88.00,50.00,,,,,,,,,,,,,
USW00094053,"TORRINGTON MUNICIPAL AIRPORT, WY US",8/13/2013,6.93,0,,87.00,50.00,,,,,,,,,,,,,
USW00094053,"TORRINGTON MUNICIPAL AIRPORT, WY US",8/14/2013,4.7,0,,88.00,50.00,,,,,,,,,,,,,
USW00094053,"TORRINGTON MUNICIPAL AIRPORT, WY US",8/15/2013,6.71,0,,89.00,57.00,,,,,,,,,,,,,
USW00094053,"TORRINGTON MUNICIPAL AIRPORT, WY US",8/16/2013,8.28,0,,90.00,53.00,,,,,,,,,,,,,
USW00094053,"TORRINGTON MUNICIPAL AIRPORT, WY US",8/17/2013,10.07,0,,92.00,59.00,,,,,,,,,,,,,
USW00094053,"TORRINGTON MUNICIPAL AIRPORT, WY US",8/18/2013,7.83,0.56,,97.00,60.00,,,,,,,,,,,,,
USW00094053,"TORRINGTON MUNICIPAL AIRPORT, WY US",8/19/2013,5.14,0,,92.00,57.00,,,,,,,,,,,,,
USW00094053,"TORRINGTON MUNICIPAL AIRPORT, WY US",8/20/2013,7.83,0,,99.00,59.00,,,,,,,,,,,,,
USW00094053,"TORRINGTON MUNICIPAL AIRPORT, WY US",8/21/2013,8.5,0.09,,90.00,62.00,,,,,,,,,,,,,
USW00094053,"TORRINGTON MUNICIPAL AIRPORT, WY US",8/22/2013,6.71,0,,87.00,61.00,,,,,,,,,,,,,
USW00094053,"TORRINGTON MUNICIPAL AIRPORT, WY US",8/23/2013,6.04,0,,90.00,62.00,,,,,,,,,,,,,
USW00094053,"TORRINGTON MUNICIPAL AIRPORT, WY US",8/24/2013,4.47,0,,94.00,57.00,,,,,,,,,,,,,
USW00094053,"TORRINGTON MUNICIPAL AIRPORT, WY US",8/25/2013,4.25,0,,93.00,59.00,,,,,,,,,,,,,
USW00094053,"TORRINGTON MUNICIPAL AIRPORT, WY US",8/26/2013,8.05,0,,95.00,59.00,,,,,,,,,,,,,
USW00094053,"TORRINGTON MUNICIPAL AIRPORT, WY US",8/27/2013,3.8,0,,95.00,63.00,,,,,,,,,,,,,
USW00094053,"TORRINGTON MUNICIPAL AIRPORT, WY US",8/28/2013,6.93,0,,97.00,64.00,,,,,,,,,,,,,
USW00094053,"TORRINGTON MUNICIPAL AIRPORT, WY US",8/29/2013,6.93,0,,97.00,58.00,,,,,,,,,,,,,
USW00094053,"TORRINGTON MUNICIPAL AIRPORT, WY US",8/30/2013,7.61,0.05,,98.00,63.00,,,,,,,,,,,,,
USW00094053,"TORRINGTON MUNICIPAL AIRPORT, WY US",8/31/2013,9.84,0,,94.00,59.00,,,,,,,,,,,,,
USW00094053,"TORRINGTON MUNICIPAL AIRPORT, WY US",9/1/2013,7.61,0,,87.00,53.00,,,,,,,,,,,,,
USW00094053,"TORRINGTON MUNICIPAL AIRPORT, WY US",9/2/2013,9.4,0,,95.00,56.00,,,,,,,,,,,,,
USW00094053,"TORRINGTON MUNICIPAL AIRPORT, WY US",9/3/2013,6.04,0,,96.00,62.00,,,,,,,,,,,,,
USW00094053,"TORRINGTON MUNICIPAL AIRPORT, WY US",9/4/2013,5.82,0,,97.00,61.00,,,,,,,,,,,,,
USW00094053,"TORRINGTON MUNICIPAL AIRPORT, WY US",9/5/2013,6.04,0,,95.00,63.00,,,,,,,,,,,,,
USW00094053,"TORRINGTON MUNICIPAL AIRPORT, WY US",9/6/2013,8.05,0.07,,100.00,64.00,,,,,,,,,,,,,
USW00094053,"TORRINGTON MUNICIPAL AIRPORT, WY US",9/7/2013,4.7,0,,94.00,61.00,,,,,,,,,,,,,
USW00094053,"TORRINGTON MUNICIPAL AIRPORT, WY US",9/8/2013,4.92,0.01,,93.00,56.00,,,,,,,,,,,,,
USW00094053,"TORRINGTON MUNICIPAL AIRPORT, WY US",9/9/2013,5.14,0.14,,81.00,59.00,,,,,,,,,,,,,
USW00094053,"TORRINGTON MUNICIPAL AIRPORT, WY US",9/10/2013,3.8,0,,75.00,57.00,,,,,,,,,,,,,
USW00094053,"TORRINGTON MUNICIPAL AIRPORT, WY US",9/11/2013,4.7,0.86,,65.00,58.00,,,,,,,,,,,,,
USW00094053,"TORRINGTON MUNICIPAL AIRPORT, WY US",9/12/2013,6.71,0,,75.00,58.00,,,,,,,,,,,,,
USW00094053,"TORRINGTON MUNICIPAL AIRPORT, WY US",9/13/2013,13.65,0.49,,61.00,56.00,,,,,,,,,,,,,
USW00094053,"TORRINGTON MUNICIPAL AIRPORT, WY US",9/14/2013,5.82,0.01,,82.00,54.00,,,,,,,,,,,,,
USW00094053,"TORRINGTON MUNICIPAL AIRPORT, WY US",9/15/2013,10.51,0,,66.00,51.00,,,,,,,,,,,,,
USW00094053,"TORRINGTON MUNICIPAL AIRPORT, WY US",9/16/2013,14.09,0.01,,74.00,52.00,,,,,,,,,,,,,
USW00094053,"TORRINGTON MUNICIPAL AIRPORT, WY US",9/17/2013,4.7,0,,88.00,49.00,,,,,,,,,,,,,
USW00094053,"TORRINGTON MUNICIPAL AIRPORT, WY US",9/18/2013,7.61,0,,85.00,53.00,,,,,,,,,,,,,
USW00094053,"TORRINGTON MUNICIPAL AIRPORT, WY US",9/19/2013,8.28,0,,70.00,43.00,,,,,,,,,,,,,
USW00094053,"TORRINGTON MUNICIPAL AIRPORT, WY US",9/20/2013,4.25,0,,75.00,37.00,,,,,,,,,,,,,
USW00094053,"TORRINGTON MUNICIPAL AIRPORT, WY US",9/21/2013,7.16,0,,89.00,41.00,,,,,,,,,,,,,
USW00094053,"TORRINGTON MUNICIPAL AIRPORT, WY US",9/22/2013,6.49,0.02,,87.00,49.00,,,,,,,,,,,,,
USW00094053,"TORRINGTON MUNICIPAL AIRPORT, WY US",9/23/2013,11.41,0.63,,66.00,45.00,,,,,,,,,,,,,
USW00094053,"TORRINGTON MUNICIPAL AIRPORT, WY US",9/24/2013,8.05,0,,77.00,38.00,,,,,,,,,,,,,
USW00094053,"TORRINGTON MUNICIPAL AIRPORT, WY US",9/25/2013,13.2,0,,79.00,43.00,,,,,,,,,,,,,
USW00094053,"TORRINGTON MUNICIPAL AIRPORT, WY US",9/26/2013,9.84,0,,73.00,44.00,,,,,,,,,,,,,
USW00094053,"TORRINGTON MUNICIPAL AIRPORT, WY US",9/27/2013,8.5,0.13,,51.00,37.00,,,,,,,,,,,,,
USW00094053,"TORRINGTON MUNICIPAL AIRPORT, WY US",9/28/2013,9.84,0,,66.00,33.00,,,,,,,,,,,,,
USW00094053,"TORRINGTON MUNICIPAL AIRPORT, WY US",9/29/2013,10.07,0,,78.00,44.00,,,,,,,,,,,,,
USW00094053,"TORRINGTON MUNICIPAL AIRPORT, WY US",9/30/2013,8.72,0,,80.00,43.00,,,,,,,,,,,,,
USW00094053,"TORRINGTON MUNICIPAL AIRPORT, WY US",10/1/2013,9.17,0,,74.00,39.00,,,,,,,,,,,,,
USW00094053,"TORRINGTON MUNICIPAL AIRPORT, WY US",10/2/2013,7.16,0,,69.00,41.00,,,,,,,,,,,,,
USW00094053,"TORRINGTON MUNICIPAL AIRPORT, WY US",10/3/2013,9.62,0.35,,56.00,38.00,,,,,,,,,,,,,
USW00094053,"TORRINGTON MUNICIPAL AIRPORT, WY US",10/4/2013,22.82,0.64,,38.00,31.00,,,,,,,,,,,,,
USW00094053,"TORRINGTON MUNICIPAL AIRPORT, WY US",10/5/2013,22.37,0,,46.00,31.00,,,,,,,,,,,,,
USW00094053,"TORRINGTON MUNICIPAL AIRPORT, WY US",10/6/2013,7.16,0,,64.00,33.00,,,,,,,,,,,,,
USW00094053,"TORRINGTON MUNICIPAL AIRPORT, WY US",10/7/2013,3.58,0,,78.00,31.00,,,,,,,,,,,,,
USW00094053,"TORRINGTON MUNICIPAL AIRPORT, WY US",10/8/2013,4.92,0,,77.00,42.00,,,,,,,,,,,,,
USW00094053,"TORRINGTON MUNICIPAL AIRPORT, WY US",10/9/2013,9.62,0,,61.00,41.00,,,,,,,,,,,,,
USW00094053,"TORRINGTON MUNICIPAL AIRPORT, WY US",10/10/2013,6.49,0.66,,57.00,36.00,,,,,,,,,,,,,
USW00094053,"TORRINGTON MUNICIPAL AIRPORT, WY US",10/11/2013,17,1.66,,51.00,37.00,,,,,,,,,,,,,
USW00094053,"TORRINGTON MUNICIPAL AIRPORT, WY US",10/12/2013,8.28,0.02,,59.00,31.00,,,,,,,,,,,,,
USW00094053,"TORRINGTON MUNICIPAL AIRPORT, WY US",10/13/2013,14.54,0,,66.00,37.00,,,,,,,,,,,,,
USW00094053,"TORRINGTON MUNICIPAL AIRPORT, WY US",10/14/2013,19.69,0.37,,50.00,36.00,,,,,,,,,,,,,
USW00094053,"TORRINGTON MUNICIPAL AIRPORT, WY US",10/15/2013,13.42,0,,41.00,32.00,,,,,,,,,,,,,
USW00094053,"TORRINGTON MUNICIPAL AIRPORT, WY US",10/16/2013,5.59,0,,56.00,26.00,,,,,,,,,,,,,
USW00094053,"TORRINGTON MUNICIPAL AIRPORT, WY US",10/17/2013,6.71,0,,46.00,32.00,,,,,,,,,,,,,
USW00094053,"TORRINGTON MUNICIPAL AIRPORT, WY US",10/18/2013,9.62,0.02,,48.00,30.00,,,,,,,,,,,,,
USW00094053,"TORRINGTON MUNICIPAL AIRPORT, WY US",10/19/2013,7.38,0,,62.00,31.00,,,,,,,,,,,,,
USW00094053,"TORRINGTON MUNICIPAL AIRPORT, WY US",10/20/2013,10.51,0,,51.00,34.00,,,,,,,,,,,,,
USW00094053,"TORRINGTON MUNICIPAL AIRPORT, WY US",10/21/2013,6.71,0,,57.00,31.00,,,,,,,,,,,,,
USW00094053,"TORRINGTON MUNICIPAL AIRPORT, WY US",10/22/2013,8.28,0,,66.00,38.00,,,,,,,,,,,,,
USW00094053,"TORRINGTON MUNICIPAL AIRPORT, WY US",10/23/2013,6.93,0,,64.00,31.00,,,,,,,,,,,,,
USW00094053,"TORRINGTON MUNICIPAL AIRPORT, WY US",10/24/2013,4.47,0,,57.00,30.00,,,,,,,,,,,,,
USW00094053,"TORRINGTON MUNICIPAL AIRPORT, WY US",10/25/2013,6.93,0,,71.00,28.00,,,,,,,,,,,,,
USW00094053,"TORRINGTON MUNICIPAL AIRPORT, WY US",10/26/2013,3.36,0,,65.00,31.00,,,,,,,,,,,,,
USW00094053,"TORRINGTON MUNICIPAL AIRPORT, WY US",10/27/2013,9.17,0,,71.00,29.00,,,,,,,,,,,,,
USW00094053,"TORRINGTON MUNICIPAL AIRPORT, WY US",10/28/2013,13.42,0,,40.00,28.00,,,,,,,,,,,,,
USW00094053,"TORRINGTON MUNICIPAL AIRPORT, WY US",10/29/2013,9.62,0,,41.00,29.00,,,,,,,,,,,,,
USW00094053,"TORRINGTON MUNICIPAL AIRPORT, WY US",10/30/2013,8.5,0.18,,54.00,32.00,,,,,,,,,,,,,
USW00094053,"TORRINGTON MUNICIPAL AIRPORT, WY US",10/31/2013,17.22,0.04,,55.00,34.00,,,,,,,,,,,,,
USW00094053,"TORRINGTON MUNICIPAL AIRPORT, WY US",11/1/2013,13.65,0,,52.00,28.00,,,,,,,,,,,,,
USW00094053,"TORRINGTON MUNICIPAL AIRPORT, WY US",11/2/2013,8.05,0,,64.00,22.00,,,,,,,,,,,,,
USW00094053,"TORRINGTON MUNICIPAL AIRPORT, WY US",11/3/2013,6.93,0.07,,65.00,31.00,,,,,,,,,,,,,
USW00094053,"TORRINGTON MUNICIPAL AIRPORT, WY US",11/4/2013,6.93,0,,45.00,26.00,,,,,,,,,,,,,
USW00094053,"TORRINGTON MUNICIPAL AIRPORT, WY US",11/5/2013,6.93,0.16,,39.00,19.00,,,,,,,,,,,,,
USW00094053,"TORRINGTON MUNICIPAL AIRPORT, WY US",11/6/2013,10.51,0,,51.00,19.00,,,,,,,,,,,,,
USW00094053,"TORRINGTON MUNICIPAL AIRPORT, WY US",11/7/2013,5.37,0,,56.00,22.00,,,,,,,,,,,,,
USW00094053,"TORRINGTON MUNICIPAL AIRPORT, WY US",11/8/2013,10.51,0,,62.00,30.00,,,,,,,,,,,,,
USW00094053,"TORRINGTON MUNICIPAL AIRPORT, WY US",11/9/2013,4.25,0,,54.00,28.00,,,,,,,,,,,,,
USW00094053,"TORRINGTON MUNICIPAL AIRPORT, WY US",11/10/2013,2.68,0,,63.00,25.00,,,,,,,,,,,,,
USW00094053,"TORRINGTON MUNICIPAL AIRPORT, WY US",11/11/2013,6.71,0,,38.00,24.00,,,,,,,,,,,,,
USW00094053,"TORRINGTON MUNICIPAL AIRPORT, WY US",11/12/2013,3.36,0,,46.00,21.00,,,,,,,,,,,,,
USW00094053,"TORRINGTON MUNICIPAL AIRPORT, WY US",11/13/2013,5.59,0,,69.00,21.00,,,,,,,,,,,,,
USW00094053,"TORRINGTON MUNICIPAL AIRPORT, WY US",11/14/2013,7.61,0,,58.00,33.00,,,,,,,,,,,,,
USW00094053,"TORRINGTON MUNICIPAL AIRPORT, WY US",11/15/2013,4.7,0,,59.00,29.00,,,,,,,,,,,,,
USW00094053,"TORRINGTON MUNICIPAL AIRPORT, WY US",11/16/2013,15.88,0,,52.00,34.00,,,,,,,,,,,,,
USW00094053,"TORRINGTON MUNICIPAL AIRPORT, WY US",11/17/2013,13.87,0,,48.00,29.00,,,,,,,,,,,,,
USW00094053,"TORRINGTON MUNICIPAL AIRPORT, WY US",11/18/2013,6.04,0,,61.00,21.00,,,,,,,,,,,,,
USW00094053,"TORRINGTON MUNICIPAL AIRPORT, WY US",11/19/2013,11.41,0,,60.00,23.00,,,,,,,,,,,,,
USW00094053,"TORRINGTON MUNICIPAL AIRPORT, WY US",11/20/2013,10.07,0,,60.00,18.00,,,,,,,,,,,,,
USW00094053,"TORRINGTON MUNICIPAL AIRPORT, WY US",11/21/2013,7.38,0.09,,18.00,0.00,,,,,,,,,,,,,
USW00094053,"TORRINGTON MUNICIPAL AIRPORT, WY US",11/22/2013,3.36,0,,22.00,-9.00,,,,,,,,,,,,,
USW00094053,"TORRINGTON MUNICIPAL AIRPORT, WY US",11/23/2013,4.7,0,,32.00,2.00,,,,,,,,,,,,,
USW00094053,"TORRINGTON MUNICIPAL AIRPORT, WY US",11/24/2013,4.92,0,,35.00,12.00,,,,,,,,,,,,,
USW00094053,"TORRINGTON MUNICIPAL AIRPORT, WY US",11/25/2013,6.71,0,,46.00,23.00,,,,,,,,,,,,,
USW00094053,"TORRINGTON MUNICIPAL AIRPORT, WY US",11/26/2013,4.47,0,,44.00,20.00,,,,,,,,,,,,,
USW00094053,"TORRINGTON MUNICIPAL AIRPORT, WY US",11/27/2013,6.26,0,,61.00,18.00,,,,,,,,,,,,,
USW00094053,"TORRINGTON MUNICIPAL AIRPORT, WY US",11/28/2013,8.5,0,,48.00,19.00,,,,,,,,,,,,,
USW00094053,"TORRINGTON MUNICIPAL AIRPORT, WY US",11/29/2013,4.25,0,,57.00,22.00,,,,,,,,,,,,,
USW00094053,"TORRINGTON MUNICIPAL AIRPORT, WY US",11/30/2013,7.16,0,,56.00,23.00,,,,,,,,,,,,,
USW00094053,"TORRINGTON MUNICIPAL AIRPORT, WY US",12/1/2013,14.76,0,,53.00,24.00,,,,,,,,,,,,,
USW00094053,"TORRINGTON MUNICIPAL AIRPORT, WY US",12/2/2013,18.12,0,,58.00,45.00,,,,,,,,,,,,,
USW00094053,"TORRINGTON MUNICIPAL AIRPORT, WY US",12/3/2013,14.09,0.29,,48.00,9.00,,,,,,,,,,,,,
USW00094053,"TORRINGTON MUNICIPAL AIRPORT, WY US",12/4/2013,16.33,0.05,,9.00,-7.00,,,,,,,,,,,,,
USW00094053,"TORRINGTON MUNICIPAL AIRPORT, WY US",12/5/2013,2.01,0,,6.00,-17.00,,,,,,,,,,,,,
USW00094053,"TORRINGTON MUNICIPAL AIRPORT, WY US",12/6/2013,5.37,0,,3.00,-8.00,,,,,,,,,,,,,
USW00094053,"TORRINGTON MUNICIPAL AIRPORT, WY US",12/7/2013,8.95,0,,10.00,-11.00,,,,,,,,,,,,,
USW00094053,"TORRINGTON MUNICIPAL AIRPORT, WY US",12/8/2013,8.28,0,,13.00,-3.00,,,,,,,,,,,,,
USW00094053,"TORRINGTON MUNICIPAL AIRPORT, WY US",12/9/2013,14.32,0,,22.00,-15.00,,,,,,,,,,,,,
USW00094053,"TORRINGTON MUNICIPAL AIRPORT, WY US",12/10/2013,18.12,0,,32.00,15.00,,,,,,,,,,,,,
USW00094053,"TORRINGTON MUNICIPAL AIRPORT, WY US",12/11/2013,4.25,0,,34.00,-2.00,,,,,,,,,,,,,
USW00094053,"TORRINGTON MUNICIPAL AIRPORT, WY US",12/12/2013,6.93,0,,52.00,15.00,,,,,,,,,,,,,
USW00094053,"TORRINGTON MUNICIPAL AIRPORT, WY US",12/13/2013,8.5,0,,43.00,19.00,,,,,,,,,,,,,
USW00094053,"TORRINGTON MUNICIPAL AIRPORT, WY US",12/14/2013,11.18,0,,43.00,30.00,,,,,,,,,,,,,
USW00094053,"TORRINGTON MUNICIPAL AIRPORT, WY US",12/15/2013,19.24,0,,51.00,31.00,,,,,,,,,,,,,
USW00094053,"TORRINGTON MUNICIPAL AIRPORT, WY US",12/16/2013,18.12,0,,55.00,37.00,,,,,,,,,,,,,
USW00094053,"TORRINGTON MUNICIPAL AIRPORT, WY US",12/17/2013,13.42,0,,56.00,25.00,,,,,,,,,,,,,
USW00094053,"TORRINGTON MUNICIPAL AIRPORT, WY US",12/18/2013,11.41,0,,62.00,35.00,,,,,,,,,,,,,
USW00094053,"TORRINGTON MUNICIPAL AIRPORT, WY US",12/19/2013,12.97,0,,37.00,11.00,,,,,,,,,,,,,
USW00094053,"TORRINGTON MUNICIPAL AIRPORT, WY US",12/20/2013,3.36,0,,31.00,9.00,,,,,,,,,,,,,
USW00094053,"TORRINGTON MUNICIPAL AIRPORT, WY US",12/21/2013,8.5,0,,32.00,11.00,,,,,,,,,,,,,
USW00094053,"TORRINGTON MUNICIPAL AIRPORT, WY US",12/22/2013,7.38,0.04,,35.00,8.00,,,,,,,,,,,,,
USW00094053,"TORRINGTON MUNICIPAL AIRPORT, WY US",12/23/2013,4.03,0,,32.00,-2.00,,,,,,,,,,,,,
USW00094053,"TORRINGTON MUNICIPAL AIRPORT, WY US",12/24/2013,15.43,0,,46.00,18.00,,,,,,,,,,,,,
USW00094053,"TORRINGTON MUNICIPAL AIRPORT, WY US",12/25/2013,8.05,0,,40.00,15.00,,,,,,,,,,,,,
USW00094053,"TORRINGTON MUNICIPAL AIRPORT, WY US",12/26/2013,8.05,0,,51.00,24.00,,,,,,,,,,,,,
USW00094053,"TORRINGTON MUNICIPAL AIRPORT, WY US",12/27/2013,7.16,0,,58.00,22.00,,,,,,,,,,,,,
USW00094053,"TORRINGTON MUNICIPAL AIRPORT, WY US",12/28/2013,13.42,0,,50.00,13.00,,,,,,,,,,,,,
USW00094053,"TORRINGTON MUNICIPAL AIRPORT, WY US",12/29/2013,5.37,0,,37.00,6.00,,,,,,,,,,,,,
USW00094053,"TORRINGTON MUNICIPAL AIRPORT, WY US",12/30/2013,9.62,0,,44.00,29.00,,,,,,,,,,,,,
USW00094053,"TORRINGTON MUNICIPAL AIRPORT, WY US",1/1/2015,8.05,0,,26.00,-9.00,,,,,,,,,,,,,
USW00094053,"TORRINGTON MUNICIPAL AIRPORT, WY US",1/2/2015,4.25,0,,29.00,9.00,,,,,,,,,,,,,
USW00094053,"TORRINGTON MUNICIPAL AIRPORT, WY US",1/3/2015,10.74,0.14,,32.00,-11.00,,,,,,,,,,,,,
USW00094053,"TORRINGTON MUNICIPAL AIRPORT, WY US",1/4/2015,0,0,,6.00,-14.00,,,,,,,,,,,,,
USW00094053,"TORRINGTON MUNICIPAL AIRPORT, WY US",1/5/2015,,0,,46.00,25.00,,,,,,,,,,,,,
USW00094053,"TORRINGTON MUNICIPAL AIRPORT, WY US",1/6/2015,6.04,0,,45.00,11.00,,,,,,,,,,,,,
USW00094053,"TORRINGTON MUNICIPAL AIRPORT, WY US",1/7/2015,9.84,0,,19.00,11.00,,,,,,,,,,,,,
USW00094053,"TORRINGTON MUNICIPAL AIRPORT, WY US",1/8/2015,13.2,0,,42.00,13.00,,,,,,,,,,,,,
USW00094053,"TORRINGTON MUNICIPAL AIRPORT, WY US",1/9/2015,5.82,0,,21.00,-2.00,,,,,,,,,,,,,
USW00094053,"TORRINGTON MUNICIPAL AIRPORT, WY US",1/10/2015,6.04,0,,41.00,8.00,,,,,,,,,,,,,
USW00094053,"TORRINGTON MUNICIPAL AIRPORT, WY US",1/11/2015,6.49,0.09,,39.00,18.00,,,,,,,,,,,,,
USW00094053,"TORRINGTON MUNICIPAL AIRPORT, WY US",1/12/2015,12.75,0.01,,23.00,15.00,,,,,,,,,,,,,
USW00094053,"TORRINGTON MUNICIPAL AIRPORT, WY US",1/13/2015,7.83,0,,35.00,10.00,,,,,,,,,,,,,
USW00094053,"TORRINGTON MUNICIPAL AIRPORT, WY US",1/14/2015,4.25,0,,31.00,4.00,,,,,,,,,,,,,
USW00094053,"TORRINGTON MUNICIPAL AIRPORT, WY US",1/15/2015,7.83,0,,42.00,18.00,,,,,,,,,,,,,
USW00094053,"TORRINGTON MUNICIPAL AIRPORT, WY US",1/16/2015,17,0,,53.00,32.00,,,,,,,,,,,,,
USW00094053,"TORRINGTON MUNICIPAL AIRPORT, WY US",1/17/2015,11.18,0,,46.00,31.00,,,,,,,,,,,,,
USW00094053,"TORRINGTON MUNICIPAL AIRPORT, WY US",1/18/2015,18.57,0,,57.00,38.00,,,,,,,,,,,,,
USW00094053,"TORRINGTON MUNICIPAL AIRPORT, WY US",1/19/2015,10.51,0,,52.00,28.00,,,,,,,,,,,,,
USW00094053,"TORRINGTON MUNICIPAL AIRPORT, WY US",1/20/2015,9.62,0,,44.00,23.00,,,,,,,,,,,,,
USW00094053,"TORRINGTON MUNICIPAL AIRPORT, WY US",1/21/2015,9.4,0,,35.00,17.00,,,,,,,,,,,,,
USW00094053,"TORRINGTON MUNICIPAL AIRPORT, WY US",1/22/2015,5.82,0,,45.00,7.00,,,,,,,,,,,,,
USW00094053,"TORRINGTON MUNICIPAL AIRPORT, WY US",1/23/2015,12.53,0,,47.00,23.00,,,,,,,,,,,,,
USW00094053,"TORRINGTON MUNICIPAL AIRPORT, WY US",1/24/2015,17.22,0,,50.00,25.00,,,,,,,,,,,,,
USW00094053,"TORRINGTON MUNICIPAL AIRPORT, WY US",1/25/2015,10.51,0,,58.00,28.00,,,,,,,,,,,,,
USW00094053,"TORRINGTON MUNICIPAL AIRPORT, WY US",1/26/2015,9.62,0,,69.00,32.00,,,,,,,,,,,,,
USW00094053,"TORRINGTON MUNICIPAL AIRPORT, WY US",1/27/2015,5.59,0,,75.00,28.00,,,,,,,,,,,,,
USW00094053,"TORRINGTON MUNICIPAL AIRPORT, WY US",1/28/2015,16.33,0,,57.00,38.00,,,,,,,,,,,,,
USW00094053,"TORRINGTON MUNICIPAL AIRPORT, WY US",1/29/2015,7.61,0,,48.00,25.00,,,,,,,,,,,,,
USW00094053,"TORRINGTON MUNICIPAL AIRPORT, WY US",1/30/2015,5.82,0,,47.00,25.00,,,,,,,,,,,,,
USW00094053,"TORRINGTON MUNICIPAL AIRPORT, WY US",1/31/2015,6.26,0,,41.00,25.00,,,,,,,,,,,,,
USW00094053,"TORRINGTON MUNICIPAL AIRPORT, WY US",2/1/2015,14.32,0,,27.00,12.00,,,,,,,,,,,,,
USW00094053,"TORRINGTON MUNICIPAL AIRPORT, WY US",2/2/2015,7.83,0,,56.00,14.00,,,,,,,,,,,,,
USW00094053,"TORRINGTON MUNICIPAL AIRPORT, WY US",2/3/2015,14.54,0.06,,59.00,28.00,,,,,,,,,,,,,
USW00094053,"TORRINGTON MUNICIPAL AIRPORT, WY US",2/4/2015,8.28,0.01,,32.00,11.00,,,,,,,,,,,,,
USW00094053,"TORRINGTON MUNICIPAL AIRPORT, WY US",2/5/2015,4.25,0,,53.00,6.00,,,,,,,,,,,,,
USW00094053,"TORRINGTON MUNICIPAL AIRPORT, WY US",2/6/2015,13.42,0,,69.00,40.00,,,,,,,,,,,,,
USW00094053,"TORRINGTON MUNICIPAL AIRPORT, WY US",2/7/2015,19.24,0,,70.00,42.00,,,,,,,,,,,,,
USW00094053,"TORRINGTON MUNICIPAL AIRPORT, WY US",2/8/2015,12.3,0,,63.00,31.00,,,,,,,,,,,,,
USW00094053,"TORRINGTON MUNICIPAL AIRPORT, WY US",2/9/2015,8.5,0,,70.00,26.00,,,,,,,,,,,,,
USW00094053,"TORRINGTON MUNICIPAL AIRPORT, WY US",2/10/2015,12.08,0,,59.00,33.00,,,,,,,,,,,,,
USW00094053,"TORRINGTON MUNICIPAL AIRPORT, WY US",2/11/2015,7.83,0,,55.00,24.00,,,,,,,,,,,,,
USW00094053,"TORRINGTON MUNICIPAL AIRPORT, WY US",2/12/2015,8.05,0,,62.00,24.00,,,,,,,,,,,,,
USW00094053,"TORRINGTON MUNICIPAL AIRPORT, WY US",2/13/2015,7.16,0,,63.00,30.00,,,,,,,,,,,,,
USW00094053,"TORRINGTON MUNICIPAL AIRPORT, WY US",2/14/2015,9.4,0,,55.00,24.00,,,,,,,,,,,,,
USW00094053,"TORRINGTON MUNICIPAL AIRPORT, WY US",2/15/2015,7.83,0.03,,38.00,24.00,,,,,,,,,,,,,
USW00094053,"TORRINGTON MUNICIPAL AIRPORT, WY US",2/16/2015,11.41,0,,38.00,21.00,,,,,,,,,,,,,
USW00094053,"TORRINGTON MUNICIPAL AIRPORT, WY US",2/17/2015,16.55,0,,33.00,21.00,,,,,,,,,,,,,
USW00094053,"TORRINGTON MUNICIPAL AIRPORT, WY US",2/18/2015,5.82,0,,38.00,22.00,,,,,,,,,,,,,
USW00094053,"TORRINGTON MUNICIPAL AIRPORT, WY US",2/19/2015,6.71,0,,62.00,20.00,,,,,,,,,,,,,
USW00094053,"TORRINGTON MUNICIPAL AIRPORT, WY US",2/20/2015,8.28,0,,45.00,25.00,,,,,,,,,,,,,
USW00094053,"TORRINGTON MUNICIPAL AIRPORT, WY US",2/21/2015,12.75,0,,30.00,17.00,,,,,,,,,,,,,
USW00094053,"TORRINGTON MUNICIPAL AIRPORT, WY US",2/22/2015,6.04,0,,20.00,8.00,,,,,,,,,,,,,
USW00094053,"TORRINGTON MUNICIPAL AIRPORT, WY US",2/23/2015,6.71,0,,31.00,0.00,,,,,,,,,,,,,
USW00094053,"TORRINGTON MUNICIPAL AIRPORT, WY US",2/24/2015,9.17,0,,52.00,19.00,,,,,,,,,,,,,
USW00094053,"TORRINGTON MUNICIPAL AIRPORT, WY US",2/25/2015,15.21,0,,41.00,12.00,,,,,,,,,,,,,
USW00094053,"TORRINGTON MUNICIPAL AIRPORT, WY US",2/26/2015,9.62,0,,18.00,6.00,,,,,,,,,,,,,
USW00094053,"TORRINGTON MUNICIPAL AIRPORT, WY US",2/27/2015,16.11,0,,27.00,6.00,,,,,,,,,,,,,
USW00094053,"TORRINGTON MUNICIPAL AIRPORT, WY US",2/28/2015,6.93,0,,32.00,4.00,,,,,,,,,,,,,
USW00094053,"TORRINGTON MUNICIPAL AIRPORT, WY US",3/1/2015,7.16,0,,35.00,14.00,,,,,,,,,,,,,
USW00094053,"TORRINGTON MUNICIPAL AIRPORT, WY US",3/2/2015,12.3,0,,48.00,25.00,,,,,,,,,,,,,
USW00094053,"TORRINGTON MUNICIPAL AIRPORT, WY US",3/3/2015,12.3,0,,30.00,7.00,,,,,,,,,,,,,
USW00094053,"TORRINGTON MUNICIPAL AIRPORT, WY US",3/4/2015,6.71,0,,24.00,4.00,,,,,,,,,,,,,
USW00094053,"TORRINGTON MUNICIPAL AIRPORT, WY US",3/5/2015,6.49,0,,45.00,1.00,,,,,,,,,,,,,
USW00094053,"TORRINGTON MUNICIPAL AIRPORT, WY US",3/6/2015,10.51,0,,55.00,27.00,,,,,,,,,,,,,
USW00094053,"TORRINGTON MUNICIPAL AIRPORT, WY US",3/7/2015,6.71,0,,62.00,23.00,,,,,,,,,,,,,
USW00094053,"TORRINGTON MUNICIPAL AIRPORT, WY US",3/8/2015,6.71,0,,57.00,24.00,,,,,,,,,,,,,
USW00094053,"TORRINGTON MUNICIPAL AIRPORT, WY US",3/9/2015,6.49,0,,62.00,22.00,,,,,,,,,,,,,
USW00094053,"TORRINGTON MUNICIPAL AIRPORT, WY US",3/10/2015,5.59,0,,65.00,23.00,,,,,,,,,,,,,
USW00094053,"TORRINGTON MUNICIPAL AIRPORT, WY US",3/11/2015,6.71,0,,74.00,24.00,,,,,,,,,,,,,
USW00094053,"TORRINGTON MUNICIPAL AIRPORT, WY US",3/12/2015,8.72,0,,65.00,33.00,,,,,,,,,,,,,
USW00094053,"TORRINGTON MUNICIPAL AIRPORT, WY US",3/13/2015,7.83,0,,65.00,31.00,,,,,,,,,,,,,
USW00094053,"TORRINGTON MUNICIPAL AIRPORT, WY US",3/14/2015,8.95,0,,74.00,23.00,,,,,,,,,,,,,
USW00094053,"TORRINGTON MUNICIPAL AIRPORT, WY US",3/15/2015,10.29,0,,83.00,47.00,,,,,,,,,,,,,
USW00094053,"TORRINGTON MUNICIPAL AIRPORT, WY US",3/16/2015,13.87,0,,76.00,35.00,,,,,,,,,,,,,
USW00094053,"TORRINGTON MUNICIPAL AIRPORT, WY US",3/17/2015,15.21,0,,51.00,31.00,,,,,,,,,,,,,
USW00094053,"TORRINGTON MUNICIPAL AIRPORT, WY US",3/18/2015,9.4,0,,64.00,31.00,,,,,,,,,,,,,
USW00094053,"TORRINGTON MUNICIPAL AIRPORT, WY US",3/19/2015,7.38,0,,59.00,29.00,,,,,,,,,,,,,
USW00094053,"TORRINGTON MUNICIPAL AIRPORT, WY US",3/20/2015,4.92,0,,71.00,22.00,,,,,,,,,,,,,
USW00094053,"TORRINGTON MUNICIPAL AIRPORT, WY US",3/21/2015,6.71,0,,76.00,27.00,,,,,,,,,,,,,
USW00094053,"TORRINGTON MUNICIPAL AIRPORT, WY US",3/22/2015,11.18,0,,64.00,35.00,,,,,,,,,,,,,
USW00094053,"TORRINGTON MUNICIPAL AIRPORT, WY US",3/23/2015,12.75,0.08,,64.00,33.00,,,,,,,,,,,,,
USW00094053,"TORRINGTON MUNICIPAL AIRPORT, WY US",3/24/2015,17.22,0,,58.00,40.00,,,,,,,,,,,,,
USW00094053,"TORRINGTON MUNICIPAL AIRPORT, WY US",3/25/2015,9.84,0,,51.00,27.00,,,,,,,,,,,,,
USW00094053,"TORRINGTON MUNICIPAL AIRPORT, WY US",3/26/2015,9.17,0,,54.00,22.00,,,,,,,,,,,,,
USW00094053,"TORRINGTON MUNICIPAL AIRPORT, WY US",3/27/2015,11.18,0,,73.00,37.00,,,,,,,,,,,,,
USW00094053,"TORRINGTON MUNICIPAL AIRPORT, WY US",3/28/2015,12.3,0,,82.00,31.00,,,,,,,,,,,,,
USW00094053,"TORRINGTON MUNICIPAL AIRPORT, WY US",3/29/2015,12.75,0,,65.00,35.00,,,,,,,,,,,,,
USW00094053,"TORRINGTON MUNICIPAL AIRPORT, WY US",3/30/2015,7.16,0,,71.00,28.00,,,,,,,,,,,,,
USW00094053,"TORRINGTON MUNICIPAL AIRPORT, WY US",3/31/2015,5.59,0,,81.00,28.00,,,,,,,,,,,,,
USW00094053,"TORRINGTON MUNICIPAL AIRPORT, WY US",4/1/2015,11.63,0,,71.00,30.00,,,,,,,,,,,,,
USW00094053,"TORRINGTON MUNICIPAL AIRPORT, WY US",4/2/2015,9.17,0,,43.00,24.00,,,,,,,,,,,,,
USW00094053,"TORRINGTON MUNICIPAL AIRPORT, WY US",4/3/2015,7.38,0,,53.00,22.00,,,,,,,,,,,,,
USW00094053,"TORRINGTON MUNICIPAL AIRPORT, WY US",4/4/2015,8.72,0,,66.00,22.00,,,,,,,,,,,,,
USW00094053,"TORRINGTON MUNICIPAL AIRPORT, WY US",4/5/2015,6.26,0,,76.00,25.00,,,,,,,,,,,,,
USW00094053,"TORRINGTON MUNICIPAL AIRPORT, WY US",4/6/2015,11.41,0,,65.00,28.00,,,,,,,,,,,,,
USW00094053,"TORRINGTON MUNICIPAL AIRPORT, WY US",4/7/2015,8.72,0.02,,57.00,33.00,,,,,,,,,,,,,
USW00094053,"TORRINGTON MUNICIPAL AIRPORT, WY US",4/8/2015,15.21,0.17,,63.00,35.00,,,,,,,,,,,,,
USW00094053,"TORRINGTON MUNICIPAL AIRPORT, WY US",4/9/2015,10.29,0.02,,54.00,30.00,,,,,,,,,,,,,
USW00094053,"TORRINGTON MUNICIPAL AIRPORT, WY US",4/10/2015,6.49,0,,66.00,24.00,,,,,,,,,,,,,
USW00094053,"TORRINGTON MUNICIPAL AIRPORT, WY US",4/11/2015,6.49,0,,76.00,31.00,,,,,,,,,,,,,
USW00094053,"TORRINGTON MUNICIPAL AIRPORT, WY US",4/12/2015,11.63,0,,63.00,29.00,,,,,,,,,,,,,
USW00094053,"TORRINGTON MUNICIPAL AIRPORT, WY US",4/13/2015,5.59,0,,68.00,24.00,,,,,,,,,,,,,
USW00094053,"TORRINGTON MUNICIPAL AIRPORT, WY US",4/14/2015,17.22,0,,80.00,38.00,,,,,,,,,,,,,
USW00094053,"TORRINGTON MUNICIPAL AIRPORT, WY US",4/15/2015,17.22,0.16,,59.00,34.00,,,,,,,,,,,,,
USW00094053,"TORRINGTON MUNICIPAL AIRPORT, WY US",4/16/2015,10.96,0.31,,47.00,35.00,,,,,,,,,,,,,
USW00094053,"TORRINGTON MUNICIPAL AIRPORT, WY US",4/17/2015,15.21,0.96,,46.00,40.00,,,,,,,,,,,,,
USW00094053,"TORRINGTON MUNICIPAL AIRPORT, WY US",4/18/2015,8.05,0.57,,60.00,40.00,,,,,,,,,,,,,
USW00094053,"TORRINGTON MUNICIPAL AIRPORT, WY US",4/19/2015,16.78,0,,51.00,32.00,,,,,,,,,,,,,
USW00094053,"TORRINGTON MUNICIPAL AIRPORT, WY US",4/20/2015,10.96,0,,56.00,29.00,,,,,,,,,,,,,
USW00094053,"TORRINGTON MUNICIPAL AIRPORT, WY US",4/21/2015,10.07,0,,67.00,26.00,,,,,,,,,,,,,
USW00094053,"TORRINGTON MUNICIPAL AIRPORT, WY US",4/22/2015,7.83,0,,72.00,30.00,,,,,,,,,,,,,
USW00094053,"TORRINGTON MUNICIPAL AIRPORT, WY US",4/23/2015,5.82,0,,75.00,34.00,,,,,,,,,,,,,
USW00094053,"TORRINGTON MUNICIPAL AIRPORT, WY US",4/24/2015,6.93,0.07,,71.00,37.00,,,,,,,,,,,,,
USW00094053,"TORRINGTON MUNICIPAL AIRPORT, WY US",4/25/2015,8.28,0,,69.00,38.00,,,,,,,,,,,,,
USW00094053,"TORRINGTON MUNICIPAL AIRPORT, WY US",4/26/2015,10.96,0.77,,50.00,42.00,,,,,,,,,,,,,
USW00094053,"TORRINGTON MUNICIPAL AIRPORT, WY US",4/27/2015,5.14,0.02,,54.00,41.00,,,,,,,,,,,,,
USW00094053,"TORRINGTON MUNICIPAL AIRPORT, WY US",4/28/2015,6.71,0,,63.00,35.00,,,,,,,,,,,,,
USW00094053,"TORRINGTON MUNICIPAL AIRPORT, WY US",4/29/2015,7.16,0,,77.00,38.00,,,,,,,,,,,,,
USW00094053,"TORRINGTON MUNICIPAL AIRPORT, WY US",4/30/2015,12.53,0.12,,75.00,42.00,,,,,,,,,,,,,
USW00094053,"TORRINGTON MUNICIPAL AIRPORT, WY US",5/1/2015,6.93,0,,72.00,46.00,,,,,,,,,,,,,
USW00094053,"TORRINGTON MUNICIPAL AIRPORT, WY US",5/2/2015,8.72,0,,82.00,43.00,,,,,,,,,,,,,
USW00094053,"TORRINGTON MUNICIPAL AIRPORT, WY US",5/3/2015,9.84,0,,73.00,47.00,,,,,,,,,,,,,
USW00094053,"TORRINGTON MUNICIPAL AIRPORT, WY US",5/4/2015,12.3,0,,60.00,44.00,,,,,,,,,,,,,
USW00094053,"TORRINGTON MUNICIPAL AIRPORT, WY US",5/5/2015,12.3,0.02,,62.00,45.00,,,,,,,,,,,,,
USW00094053,"TORRINGTON MUNICIPAL AIRPORT, WY US",5/6/2015,11.63,0.79,,61.00,48.00,,,,,,,,,,,,,
USW00094053,"TORRINGTON MUNICIPAL AIRPORT, WY US",5/7/2015,10.51,0.01,,60.00,42.00,,,,,,,,,,,,,
USW00094053,"TORRINGTON MUNICIPAL AIRPORT, WY US",5/8/2015,11.63,0.09,,54.00,42.00,,,,,,,,,,,,,
USW00094053,"TORRINGTON MUNICIPAL AIRPORT, WY US",5/9/2015,17.45,1.82,,49.00,29.00,,,,,,,,,,,,,
USW00094053,"TORRINGTON MUNICIPAL AIRPORT, WY US",5/10/2015,15.21,0.37,,38.00,29.00,,,,,,,,,,,,,
USW00094053,"TORRINGTON MUNICIPAL AIRPORT, WY US",5/11/2015,8.72,0,,53.00,26.00,,,,,,,,,,,,,
USW00094053,"TORRINGTON MUNICIPAL AIRPORT, WY US",5/12/2015,10.96,0,,75.00,30.00,,,,,,,,,,,,,
USW00094053,"TORRINGTON MUNICIPAL AIRPORT, WY US",5/13/2015,5.37,0,,61.00,44.00,,,,,,,,,,,,,
USW00094053,"TORRINGTON MUNICIPAL AIRPORT, WY US",5/14/2015,8.72,0,,74.00,37.00,,,,,,,,,,,,,
USW00094053,"TORRINGTON MUNICIPAL AIRPORT, WY US",5/15/2015,11.86,0.81,,66.00,43.00,,,,,,,,,,,,,
USW00094053,"TORRINGTON MUNICIPAL AIRPORT, WY US",5/16/2015,5.82,0,,69.00,39.00,,,,,,,,,,,,,
USW00094053,"TORRINGTON MUNICIPAL AIRPORT, WY US",5/17/2015,16.11,0,,64.00,42.00,,,,,,,,,,,,,
USW00094053,"TORRINGTON MUNICIPAL AIRPORT, WY US",5/18/2015,8.05,0.02,,59.00,41.00,,,,,,,,,,,,,
USW00094053,"TORRINGTON MUNICIPAL AIRPORT, WY US",5/19/2015,12.75,0.69,,47.00,32.00,,,,,,,,,,,,,
USW00094053,"TORRINGTON MUNICIPAL AIRPORT, WY US",5/20/2015,5.59,0,,46.00,33.00,,,,,,,,,,,,,
USW00094053,"TORRINGTON MUNICIPAL AIRPORT, WY US",5/21/2015,10.96,0,,56.00,40.00,,,,,,,,,,,,,
USW00094053,"TORRINGTON MUNICIPAL AIRPORT, WY US",5/22/2015,14.32,0.13,,50.00,44.00,,,,,,,,,,,,,
USW00094053,"TORRINGTON MUNICIPAL AIRPORT, WY US",5/23/2015,9.62,0.42,,63.00,44.00,,,,,,,,,,,,,
USW00094053,"TORRINGTON MUNICIPAL AIRPORT, WY US",5/24/2015,5.82,0.11,,68.00,49.00,,,,,,,,,,,,,
USW00094053,"TORRINGTON MUNICIPAL AIRPORT, WY US",5/25/2015,6.71,1.1,,62.00,46.00,,,,,,,,,,,,,
USW00094053,"TORRINGTON MUNICIPAL AIRPORT, WY US",5/26/2015,6.71,0.18,,70.00,43.00,,,,,,,,,,,,,
USW00094053,"TORRINGTON MUNICIPAL AIRPORT, WY US",5/27/2015,8.5,0.04,,73.00,50.00,,,,,,,,,,,,,
USW00094053,"TORRINGTON MUNICIPAL AIRPORT, WY US",5/28/2015,8.5,0.02,,75.00,49.00,,,,,,,,,,,,,
USW00094053,"TORRINGTON MUNICIPAL AIRPORT, WY US",5/29/2015,8.95,0.25,,56.00,45.00,,,,,,,,,,,,,
USW00094053,"TORRINGTON MUNICIPAL AIRPORT, WY US",5/30/2015,13.87,0,,71.00,46.00,,,,,,,,,,,,,
USW00094053,"TORRINGTON MUNICIPAL AIRPORT, WY US",5/31/2015,9.62,0,,82.00,48.00,,,,,,,,,,,,,
USW00094053,"TORRINGTON MUNICIPAL AIRPORT, WY US",6/1/2015,8.95,0,,86.00,51.00,,,,,,,,,,,,,
USW00094053,"TORRINGTON MUNICIPAL AIRPORT, WY US",6/2/2015,7.83,0,,88.00,54.00,,,,,,,,,,,,,
USW00094053,"TORRINGTON MUNICIPAL AIRPORT, WY US",6/3/2015,12.08,0,,79.00,50.00,,,,,,,,,,,,,
USW00094053,"TORRINGTON MUNICIPAL AIRPORT, WY US",6/4/2015,11.41,0,,77.00,61.00,,,,,,,,,,,,,
USW00094053,"TORRINGTON MUNICIPAL AIRPORT, WY US",6/5/2015,14.54,0.19,,77.00,61.00,,,,,,,,,,,,,
USW00094053,"TORRINGTON MUNICIPAL AIRPORT, WY US",6/6/2015,6.71,0,,82.00,56.00,,,,,,,,,,,,,
USW00094053,"TORRINGTON MUNICIPAL AIRPORT, WY US",6/7/2015,7.16,0.15,,76.00,56.00,,,,,,,,,,,,,
USW00094053,"TORRINGTON MUNICIPAL AIRPORT, WY US",6/8/2015,4.7,0,,84.00,51.00,,,,,,,,,,,,,
USW00094053,"TORRINGTON MUNICIPAL AIRPORT, WY US",6/9/2015,4.92,0,,92.00,55.00,,,,,,,,,,,,,
USW00094053,"TORRINGTON MUNICIPAL AIRPORT, WY US",6/10/2015,9.84,0.8,,80.00,58.00,,,,,,,,,,,,,
USW00094053,"TORRINGTON MUNICIPAL AIRPORT, WY US",6/11/2015,8.5,0.01,,69.00,57.00,,,,,,,,,,,,,
USW00094053,"TORRINGTON MUNICIPAL AIRPORT, WY US",6/12/2015,8.5,0,,78.00,55.00,,,,,,,,,,,,,
USW00094053,"TORRINGTON MUNICIPAL AIRPORT, WY US",6/13/2015,8.05,0.04,,87.00,54.00,,,,,,,,,,,,,
USW00094053,"TORRINGTON MUNICIPAL AIRPORT, WY US",6/14/2015,9.62,0.16,,80.00,54.00,,,,,,,,,,,,,
USW00094053,"TORRINGTON MUNICIPAL AIRPORT, WY US",6/15/2015,11.41,0.07,,73.00,56.00,,,,,,,,,,,,,
USW00094053,"TORRINGTON MUNICIPAL AIRPORT, WY US",6/16/2015,,1.08,,81.00,48.00,,,,,,,,,,,,,
USW00094053,"TORRINGTON MUNICIPAL AIRPORT, WY US",6/17/2015,10.96,0.04,,81.00,47.00,,,,,,,,,,,,,
USW00094053,"TORRINGTON MUNICIPAL AIRPORT, WY US",6/18/2015,10.96,0,,81.00,56.00,,,,,,,,,,,,,
USW00094053,"TORRINGTON MUNICIPAL AIRPORT, WY US",6/19/2015,10.07,0,,93.00,60.00,,,,,,,,,,,,,
USW00094053,"TORRINGTON MUNICIPAL AIRPORT, WY US",6/20/2015,7.61,0,,86.00,60.00,,,,,,,,,,,,,
USW00094053,"TORRINGTON MUNICIPAL AIRPORT, WY US",6/21/2015,11.63,0,,89.00,57.00,,,,,,,,,,,,,
USW00094053,"TORRINGTON MUNICIPAL AIRPORT, WY US",6/22/2015,11.41,0,,81.00,57.00,,,,,,,,,,,,,
USW00094053,"TORRINGTON MUNICIPAL AIRPORT, WY US",6/23/2015,13.42,0,,86.00,54.00,,,,,,,,,,,,,
USW00094053,"TORRINGTON MUNICIPAL AIRPORT, WY US",6/24/2015,8.05,0,,85.00,56.00,,,,,,,,,,,,,
USW00094053,"TORRINGTON MUNICIPAL AIRPORT, WY US",6/25/2015,11.18,0,,87.00,61.00,,,,,,,,,,,,,
USW00094053,"TORRINGTON MUNICIPAL AIRPORT, WY US",6/26/2015,6.49,0,,85.00,55.00,,,,,,,,,,,,,
USW00094053,"TORRINGTON MUNICIPAL AIRPORT, WY US",6/27/2015,5.82,0,,92.00,54.00,,,,,,,,,,,,,
USW00094053,"TORRINGTON MUNICIPAL AIRPORT, WY US",6/28/2015,5.59,0,,91.00,56.00,,,,,,,,,,,,,
USW00094053,"TORRINGTON MUNICIPAL AIRPORT, WY US",6/29/2015,7.83,0,,92.00,59.00,,,,,,,,,,,,,
USW00094053,"TORRINGTON MUNICIPAL AIRPORT, WY US",6/30/2015,6.04,0,,97.00,56.00,,,,,,,,,,,,,
USW00094053,"TORRINGTON MUNICIPAL AIRPORT, WY US",7/1/2015,6.93,0,,93.00,61.00,,,,,,,,,,,,,
USW00094053,"TORRINGTON MUNICIPAL AIRPORT, WY US",7/2/2015,10.96,0.11,,84.00,59.00,,,,,,,,,,,,,
USW00094053,"TORRINGTON MUNICIPAL AIRPORT, WY US",7/3/2015,7.83,0.01,,87.00,59.00,,,,,,,,,,,,,
USW00094053,"TORRINGTON MUNICIPAL AIRPORT, WY US",7/4/2015,8.05,0,,96.00,62.00,,,,,,,,,,,,,
USW00094053,"TORRINGTON MUNICIPAL AIRPORT, WY US",7/5/2015,10.51,0.72,,96.00,59.00,,,,,,,,,,,,,
USW00094053,"TORRINGTON MUNICIPAL AIRPORT, WY US",7/6/2015,5.59,0.24,,67.00,57.00,,,,,,,,,,,,,
USW00094053,"TORRINGTON MUNICIPAL AIRPORT, WY US",7/7/2015,12.53,0,,75.00,60.00,,,,,,,,,,,,,
USW00094053,"TORRINGTON MUNICIPAL AIRPORT, WY US",7/8/2015,7.83,0.19,,63.00,56.00,,,,,,,,,,,,,
USW00094053,"TORRINGTON MUNICIPAL AIRPORT, WY US",7/9/2015,8.72,0,,77.00,56.00,,,,,,,,,,,,,
USW00094053,"TORRINGTON MUNICIPAL AIRPORT, WY US",7/10/2015,7.16,0,,82.00,59.00,,,,,,,,,,,,,
USW00094053,"TORRINGTON MUNICIPAL AIRPORT, WY US",7/11/2015,8.5,0,,90.00,56.00,,,,,,,,,,,,,
USW00094053,"TORRINGTON MUNICIPAL AIRPORT, WY US",7/12/2015,10.51,0,,93.00,57.00,,,,,,,,,,,,,
USW00094053,"TORRINGTON MUNICIPAL AIRPORT, WY US",7/13/2015,7.61,0,,93.00,55.00,,,,,,,,,,,,,
USW00094053,"TORRINGTON MUNICIPAL AIRPORT, WY US",7/14/2015,7.61,0,,92.00,55.00,,,,,,,,,,,,,
USW00094053,"TORRINGTON MUNICIPAL AIRPORT, WY US",7/15/2015,7.38,0,,87.00,59.00,,,,,,,,,,,,,
USW00094053,"TORRINGTON MUNICIPAL AIRPORT, WY US",7/16/2015,5.82,0,,91.00,53.00,,,,,,,,,,,,,
USW00094053,"TORRINGTON MUNICIPAL AIRPORT, WY US",7/17/2015,7.38,0.28,,87.00,56.00,,,,,,,,,,,,,
USW00094053,"TORRINGTON MUNICIPAL AIRPORT, WY US",7/18/2015,6.71,0.11,,82.00,54.00,,,,,,,,,,,,,
USW00094053,"TORRINGTON MUNICIPAL AIRPORT, WY US",7/19/2015,7.16,0,,88.00,55.00,,,,,,,,,,,,,
USW00094053,"TORRINGTON MUNICIPAL AIRPORT, WY US",7/20/2015,7.38,0,,84.00,53.00,,,,,,,,,,,,,
USW00094053,"TORRINGTON MUNICIPAL AIRPORT, WY US",7/21/2015,10.51,0.17,,74.00,60.00,,,,,,,,,,,,,
USW00094053,"TORRINGTON MUNICIPAL AIRPORT, WY US",7/22/2015,5.82,0.09,,92.00,55.00,,,,,,,,,,,,,
USW00094053,"TORRINGTON MUNICIPAL AIRPORT, WY US",7/23/2015,8.05,0,,95.00,56.00,,,,,,,,,,,,,
USW00094053,"TORRINGTON MUNICIPAL AIRPORT, WY US",7/24/2015,8.95,0,,92.00,55.00,,,,,,,,,,,,,
USW00094053,"TORRINGTON MUNICIPAL AIRPORT, WY US",7/25/2015,6.49,0,,90.00,58.00,,,,,,,,,,,,,
USW00094053,"TORRINGTON MUNICIPAL AIRPORT, WY US",7/26/2015,8.5,0,,98.00,60.00,,,,,,,,,,,,,
USW00094053,"TORRINGTON MUNICIPAL AIRPORT, WY US",7/27/2015,10.07,0,,94.00,59.00,,,,,,,,,,,,,
USW00094053,"TORRINGTON MUNICIPAL AIRPORT, WY US",7/28/2015,8.95,0,,83.00,51.00,,,,,,,,,,,,,
USW00094053,"TORRINGTON MUNICIPAL AIRPORT, WY US",7/29/2015,6.26,0,,86.00,46.00,,,,,,,,,,,,,
USW00094053,"TORRINGTON MUNICIPAL AIRPORT, WY US",7/30/2015,6.93,0,,90.00,52.00,,,,,,,,,,,,,
USW00094053,"TORRINGTON MUNICIPAL AIRPORT, WY US",7/31/2015,7.83,0,,94.00,55.00,,,,,,,,,,,,,
USW00094053,"TORRINGTON MUNICIPAL AIRPORT, WY US",8/1/2015,6.04,0,,97.00,58.00,,,,,,,,,,,,,
USW00094053,"TORRINGTON MUNICIPAL AIRPORT, WY US",8/2/2015,7.38,0,,95.00,56.00,,,,,,,,,,,,,
USW00094053,"TORRINGTON MUNICIPAL AIRPORT, WY US",8/3/2015,6.04,0,,88.00,58.00,,,,,,,,,,,,,
USW00094053,"TORRINGTON MUNICIPAL AIRPORT, WY US",8/4/2015,5.59,0,,86.00,57.00,,,,,,,,,,,,,
USW00094053,"TORRINGTON MUNICIPAL AIRPORT, WY US",8/5/2015,7.61,0,,91.00,54.00,,,,,,,,,,,,,
USW00094053,"TORRINGTON MUNICIPAL AIRPORT, WY US",8/6/2015,9.62,0,,89.00,59.00,,,,,,,,,,,,,
USW00094053,"TORRINGTON MUNICIPAL AIRPORT, WY US",8/7/2015,7.16,0,,94.00,55.00,,,,,,,,,,,,,
USW00094053,"TORRINGTON MUNICIPAL AIRPORT, WY US",8/8/2015,5.59,0,,90.00,61.00,,,,,,,,,,,,,
USW00094053,"TORRINGTON MUNICIPAL AIRPORT, WY US",8/9/2015,8.28,0,,91.00,57.00,,,,,,,,,,,,,
USW00094053,"TORRINGTON MUNICIPAL AIRPORT, WY US",8/10/2015,6.93,0,,89.00,57.00,,,,,,,,,,,,,
USW00094053,"TORRINGTON MUNICIPAL AIRPORT, WY US",8/11/2015,11.86,0,,89.00,61.00,,,,,,,,,,,,,
USW00094053,"TORRINGTON MUNICIPAL AIRPORT, WY US",8/12/2015,6.04,0,,96.00,60.00,,,,,,,,,,,,,
USW00094053,"TORRINGTON MUNICIPAL AIRPORT, WY US",8/13/2015,8.95,0,,98.00,63.00,,,,,,,,,,,,,
USW00094053,"TORRINGTON MUNICIPAL AIRPORT, WY US",8/14/2015,8.5,0,,96.00,59.00,,,,,,,,,,,,,
USW00094053,"TORRINGTON MUNICIPAL AIRPORT, WY US",8/15/2015,8.5,0.01,,102.00,64.00,,,,,,,,,,,,,
USW00094053,"TORRINGTON MUNICIPAL AIRPORT, WY US",8/16/2015,10.29,0.02,,82.00,60.00,,,,,,,,,,,,,
USW00094053,"TORRINGTON MUNICIPAL AIRPORT, WY US",8/17/2015,13.2,0.17,,72.00,52.00,,,,,,,,,,,,,
USW00094053,"TORRINGTON MUNICIPAL AIRPORT, WY US",8/18/2015,14.32,0.02,,68.00,51.00,,,,,,,,,,,,,
USW00094053,"TORRINGTON MUNICIPAL AIRPORT, WY US",8/19/2015,7.61,0,,71.00,50.00,,,,,,,,,,,,,
USW00094053,"TORRINGTON MUNICIPAL AIRPORT, WY US",8/20/2015,6.04,0,,86.00,47.00,,,,,,,,,,,,,
USW00094053,"TORRINGTON MUNICIPAL AIRPORT, WY US",8/21/2015,5.37,0,,94.00,50.00,,,,,,,,,,,,,
USW00094053,"TORRINGTON MUNICIPAL AIRPORT, WY US",8/22/2015,14.54,0,,71.00,46.00,,,,,,,,,,,,,
USW00094053,"TORRINGTON MUNICIPAL AIRPORT, WY US",8/23/2015,6.93,0,,75.00,38.00,,,,,,,,,,,,,
USW00094053,"TORRINGTON MUNICIPAL AIRPORT, WY US",8/24/2015,5.59,0,,86.00,44.00,,,,,,,,,,,,,
USW00094053,"TORRINGTON MUNICIPAL AIRPORT, WY US",8/25/2015,6.71,0,,95.00,50.00,,,,,,,,,,,,,
USW00094053,"TORRINGTON MUNICIPAL AIRPORT, WY US",8/26/2015,6.71,0.07,,97.00,57.00,,,,,,,,,,,,,
USW00094053,"TORRINGTON MUNICIPAL AIRPORT, WY US",8/27/2015,7.61,0,,84.00,62.00,,,,,,,,,,,,,
USW00094053,"TORRINGTON MUNICIPAL AIRPORT, WY US",8/28/2015,7.38,0,,89.00,55.00,,,,,,,,,,,,,
USW00094053,"TORRINGTON MUNICIPAL AIRPORT, WY US",8/29/2015,7.83,0,,96.00,52.00,,,,,,,,,,,,,
USW00094053,"TORRINGTON MUNICIPAL AIRPORT, WY US",8/30/2015,8.72,0,,99.00,57.00,,,,,,,,,,,,,
USW00094053,"TORRINGTON MUNICIPAL AIRPORT, WY US",8/31/2015,9.17,0,,90.00,61.00,,,,,,,,,,,,,
USW00094053,"TORRINGTON MUNICIPAL AIRPORT, WY US",9/1/2015,4.92,0,,95.00,50.00,,,,,,,,,,,,,
USW00094053,"TORRINGTON MUNICIPAL AIRPORT, WY US",9/2/2015,4.92,0,,96.00,54.00,,,,,,,,,,,,,
USW00094053,"TORRINGTON MUNICIPAL AIRPORT, WY US",9/3/2015,6.71,0,,95.00,61.00,,,,,,,,,,,,,
USW00094053,"TORRINGTON MUNICIPAL AIRPORT, WY US",9/4/2015,6.04,0,,93.00,51.00,,,,,,,,,,,,,
USW00094053,"TORRINGTON MUNICIPAL AIRPORT, WY US",9/5/2015,6.04,0,,92.00,63.00,,,,,,,,,,,,,
USW00094053,"TORRINGTON MUNICIPAL AIRPORT, WY US",9/6/2015,9.62,0,,87.00,55.00,,,,,,,,,,,,,
USW00094053,"TORRINGTON MUNICIPAL AIRPORT, WY US",9/7/2015,6.71,0,,85.00,53.00,,,,,,,,,,,,,
USW00094053,"TORRINGTON MUNICIPAL AIRPORT, WY US",9/8/2015,6.49,0,,77.00,47.00,,,,,,,,,,,,,
USW00094053,"TORRINGTON MUNICIPAL AIRPORT, WY US",9/9/2015,6.04,0,,86.00,42.00,,,,,,,,,,,,,
USW00094053,"TORRINGTON MUNICIPAL AIRPORT, WY US",9/10/2015,7.61,0,,78.00,44.00,,,,,,,,,,,,,
USW00094053,"TORRINGTON MUNICIPAL AIRPORT, WY US",9/11/2015,4.7,0,,79.00,46.00,,,,,,,,,,,,,
USW00094053,"TORRINGTON MUNICIPAL AIRPORT, WY US",9/12/2015,5.14,0,,86.00,44.00,,,,,,,,,,,,,
USW00094053,"TORRINGTON MUNICIPAL AIRPORT, WY US",9/13/2015,5.82,0,,93.00,46.00,,,,,,,,,,,,,
USW00094053,"TORRINGTON MUNICIPAL AIRPORT, WY US",9/14/2015,5.82,0,,93.00,48.00,,,,,,,,,,,,,
USW00094053,"TORRINGTON MUNICIPAL AIRPORT, WY US",9/15/2015,10.51,0,,88.00,57.00,,,,,,,,,,,,,
USW00094053,"TORRINGTON MUNICIPAL AIRPORT, WY US",9/16/2015,10.07,0,,89.00,55.00,,,,,,,,,,,,,
USW00094053,"TORRINGTON MUNICIPAL AIRPORT, WY US",9/17/2015,8.72,0.03,,73.00,53.00,,,,,,,,,,,,,
USW00094053,"TORRINGTON MUNICIPAL AIRPORT, WY US",9/18/2015,12.97,0.04,,66.00,43.00,,,,,,,,,,,,,
USW00094053,"TORRINGTON MUNICIPAL AIRPORT, WY US",9/19/2015,7.83,0,,80.00,40.00,,,,,,,,,,,,,
USW00094053,"TORRINGTON MUNICIPAL AIRPORT, WY US",9/20/2015,4.92,0,,82.00,39.00,,,,,,,,,,,,,
USW00094053,"TORRINGTON MUNICIPAL AIRPORT, WY US",9/21/2015,7.38,0,,89.00,45.00,,,,,,,,,,,,,
USW00094053,"TORRINGTON MUNICIPAL AIRPORT, WY US",9/22/2015,8.95,0,,74.00,50.00,,,,,,,,,,,,,
USW00094053,"TORRINGTON MUNICIPAL AIRPORT, WY US",9/23/2015,4.47,0,,79.00,53.00,,,,,,,,,,,,,
USW00094053,"TORRINGTON MUNICIPAL AIRPORT, WY US",9/24/2015,6.71,0,,87.00,47.00,,,,,,,,,,,,,
USW00094053,"TORRINGTON MUNICIPAL AIRPORT, WY US",9/25/2015,8.5,0,,78.00,48.00,,,,,,,,,,,,,
USW00094053,"TORRINGTON MUNICIPAL AIRPORT, WY US",9/26/2015,11.18,0,,86.00,51.00,,,,,,,,,,,,,
USW00094053,"TORRINGTON MUNICIPAL AIRPORT, WY US",9/27/2015,6.93,0,,89.00,48.00,,,,,,,,,,,,,
USW00094053,"TORRINGTON MUNICIPAL AIRPORT, WY US",9/28/2015,9.17,0.01,,72.00,55.00,,,,,,,,,,,,,
USW00094053,"TORRINGTON MUNICIPAL AIRPORT, WY US",9/29/2015,12.3,0,,75.00,54.00,,,,,,,,,,,,,
USW00094053,"TORRINGTON MUNICIPAL AIRPORT, WY US",9/30/2015,6.93,0,,71.00,50.00,,,,,,,,,,,,,
USW00094053,"TORRINGTON MUNICIPAL AIRPORT, WY US",10/1/2015,10.51,0,,75.00,53.00,,,,,,,,,,,,,
USW00094053,"TORRINGTON MUNICIPAL AIRPORT, WY US",10/2/2015,19.91,0,,62.00,46.00,,,,,,,,,,,,,
USW00094053,"TORRINGTON MUNICIPAL AIRPORT, WY US",10/3/2015,12.75,0.01,,51.00,45.00,,,,,,,,,,,,,
USW00094053,"TORRINGTON MUNICIPAL AIRPORT, WY US",10/4/2015,7.61,0,,53.00,47.00,,,,,,,,,,,,,
USW00094053,"TORRINGTON MUNICIPAL AIRPORT, WY US",10/5/2015,9.4,0,,67.00,49.00,,,,,,,,,,,,,
USW00094053,"TORRINGTON MUNICIPAL AIRPORT, WY US",10/6/2015,4.92,0,,61.00,51.00,,,,,,,,,,,,,
USW00094053,"TORRINGTON MUNICIPAL AIRPORT, WY US",10/7/2015,7.38,0,,80.00,49.00,,,,,,,,,,,,,
USW00094053,"TORRINGTON MUNICIPAL AIRPORT, WY US",10/8/2015,4.47,0,,64.00,43.00,,,,,,,,,,,,,
USW00094053,"TORRINGTON MUNICIPAL AIRPORT, WY US",10/9/2015,5.59,0,,77.00,41.00,,,,,,,,,,,,,
USW00094053,"TORRINGTON MUNICIPAL AIRPORT, WY US",10/10/2015,5.14,0,,88.00,40.00,,,,,,,,,,,,,
USW00094053,"TORRINGTON MUNICIPAL AIRPORT, WY US",10/11/2015,10.51,0,,86.00,47.00,,,,,,,,,,,,,
USW00094053,"TORRINGTON MUNICIPAL AIRPORT, WY US",10/12/2015,5.82,0,,72.00,40.00,,,,,,,,,,,,,
USW00094053,"TORRINGTON MUNICIPAL AIRPORT, WY US",10/13/2015,5.37,0,,78.00,36.00,,,,,,,,,,,,,
USW00094053,"TORRINGTON MUNICIPAL AIRPORT, WY US",10/14/2015,8.28,0,,80.00,38.00,,,,,,,,,,,,,
USW00094053,"TORRINGTON MUNICIPAL AIRPORT, WY US",10/15/2015,6.04,0,,67.00,36.00,,,,,,,,,,,,,
USW00094053,"TORRINGTON MUNICIPAL AIRPORT, WY US",10/16/2015,7.61,0,,71.00,31.00,,,,,,,,,,,,,
USW00094053,"TORRINGTON MUNICIPAL AIRPORT, WY US",10/17/2015,6.71,0,,74.00,32.00,,,,,,,,,,,,,
USW00094053,"TORRINGTON MUNICIPAL AIRPORT, WY US",10/18/2015,6.26,0,,83.00,39.00,,,,,,,,,,,,,
USW00094053,"TORRINGTON MUNICIPAL AIRPORT, WY US",10/19/2015,4.7,0,,75.00,45.00,,,,,,,,,,,,,
USW00094053,"TORRINGTON MUNICIPAL AIRPORT, WY US",10/20/2015,7.83,0.03,,74.00,39.00,,,,,,,,,,,,,
USW00094053,"TORRINGTON MUNICIPAL AIRPORT, WY US",10/21/2015,6.93,0,,55.00,45.00,,,,,,,,,,,,,
USW00094053,"TORRINGTON MUNICIPAL AIRPORT, WY US",10/22/2015,6.93,0.59,,50.00,45.00,,,,,,,,,,,,,
USW00094053,"TORRINGTON MUNICIPAL AIRPORT, WY US",10/23/2015,13.42,0.06,,59.00,34.00,,,,,,,,,,,,,
USW00094053,"TORRINGTON MUNICIPAL AIRPORT, WY US",10/24/2015,6.04,0,,66.00,29.00,,,,,,,,,,,,,
USW00094053,"TORRINGTON MUNICIPAL AIRPORT, WY US",10/25/2015,3.8,0,,68.00,31.00,,,,,,,,,,,,,
USW00094053,"TORRINGTON MUNICIPAL AIRPORT, WY US",10/26/2015,8.05,0.03,,58.00,37.00,,,,,,,,,,,,,
USW00094053,"TORRINGTON MUNICIPAL AIRPORT, WY US",10/27/2015,10.96,0.03,,61.00,35.00,,,,,,,,,,,,,
USW00094053,"TORRINGTON MUNICIPAL AIRPORT, WY US",10/28/2015,9.62,0,,58.00,32.00,,,,,,,,,,,,,
USW00094053,"TORRINGTON MUNICIPAL AIRPORT, WY US",10/29/2015,6.04,0,,60.00,24.00,,,,,,,,,,,,,
USW00094053,"TORRINGTON MUNICIPAL AIRPORT, WY US",10/30/2015,7.38,0,,58.00,37.00,,,,,,,,,,,,,
USW00094053,"TORRINGTON MUNICIPAL AIRPORT, WY US",10/31/2015,13.65,0,,69.00,45.00,,,,,,,,,,,,,
USW00094053,"TORRINGTON MUNICIPAL AIRPORT, WY US",11/1/2015,11.86,0,,72.00,48.00,,,,,,,,,,,,,
USW00094053,"TORRINGTON MUNICIPAL AIRPORT, WY US",11/2/2015,6.71,0,,67.00,38.00,,,,,,,,,,,,,
USW00094053,"TORRINGTON MUNICIPAL AIRPORT, WY US",11/3/2015,7.61,0,,76.00,26.00,,,,,,,,,,,,,
USW00094053,"TORRINGTON MUNICIPAL AIRPORT, WY US",11/4/2015,7.61,0.77,,63.00,35.00,,,,,,,,,,,,,
USW00094053,"TORRINGTON MUNICIPAL AIRPORT, WY US",11/5/2015,8.28,0.06,,49.00,33.00,,,,,,,,,,,,,
USW00094053,"TORRINGTON MUNICIPAL AIRPORT, WY US",11/6/2015,4.03,0.01,,44.00,26.00,,,,,,,,,,,,,
USW00094053,"TORRINGTON MUNICIPAL AIRPORT, WY US",11/7/2015,4.03,0,,57.00,20.00,,,,,,,,,,,,,
USW00094053,"TORRINGTON MUNICIPAL AIRPORT, WY US",11/8/2015,5.37,0,,66.00,24.00,,,,,,,,,,,,,
USW00094053,"TORRINGTON MUNICIPAL AIRPORT, WY US",11/9/2015,5.59,0,,63.00,23.00,,,,,,,,,,,,,
USW00094053,"TORRINGTON MUNICIPAL AIRPORT, WY US",11/10/2015,7.83,0,,62.00,26.00,,,,,,,,,,,,,
USW00094053,"TORRINGTON MUNICIPAL AIRPORT, WY US",11/11/2015,17.22,0,,44.00,31.00,,,,,,,,,,,,,
USW00094053,"TORRINGTON MUNICIPAL AIRPORT, WY US",11/12/2015,8.5,0,,47.00,26.00,,,,,,,,,,,,,
USW00094053,"TORRINGTON MUNICIPAL AIRPORT, WY US",11/13/2015,7.61,0,,56.00,21.00,,,,,,,,,,,,,
USW00094053,"TORRINGTON MUNICIPAL AIRPORT, WY US",11/14/2015,5.37,0,,68.00,25.00,,,,,,,,,,,,,
USW00094053,"TORRINGTON MUNICIPAL AIRPORT, WY US",11/15/2015,4.25,0,,66.00,23.00,,,,,,,,,,,,,
USW00094053,"TORRINGTON MUNICIPAL AIRPORT, WY US",11/16/2015,10.96,0,,48.00,22.00,,,,,,,,,,,,,
USW00094053,"TORRINGTON MUNICIPAL AIRPORT, WY US",11/17/2015,17.22,0,,47.00,28.00,,,,,,,,,,,,,
USW00094053,"TORRINGTON MUNICIPAL AIRPORT, WY US",11/18/2015,20.36,0,,52.00,17.00,,,,,,,,,,,,,
USW00094053,"TORRINGTON MUNICIPAL AIRPORT, WY US",11/19/2015,5.82,0,,41.00,12.00,,,,,,,,,,,,,
USW00094053,"TORRINGTON MUNICIPAL AIRPORT, WY US",11/20/2015,11.41,0.01,,34.00,16.00,,,,,,,,,,,,,
USW00094053,"TORRINGTON MUNICIPAL AIRPORT, WY US",11/21/2015,2.91,0,,34.00,0.00,,,,,,,,,,,,,
USW00094053,"TORRINGTON MUNICIPAL AIRPORT, WY US",11/22/2015,4.92,0,,53.00,8.00,,,,,,,,,,,,,
USW00094053,"TORRINGTON MUNICIPAL AIRPORT, WY US",11/23/2015,3.8,0,,56.00,20.00,,,,,,,,,,,,,
USW00094053,"TORRINGTON MUNICIPAL AIRPORT, WY US",11/24/2015,4.03,0,,63.00,24.00,,,,,,,,,,,,,
USW00094053,"TORRINGTON MUNICIPAL AIRPORT, WY US",11/25/2015,12.3,0,,36.00,20.00,,,,,,,,,,,,,
USW00094053,"TORRINGTON MUNICIPAL AIRPORT, WY US",11/26/2015,7.16,0,,20.00,13.00,,,,,,,,,,,,,
USW00094053,"TORRINGTON MUNICIPAL AIRPORT, WY US",11/27/2015,4.47,0,,22.00,12.00,,,,,,,,,,,,,
USW00094053,"TORRINGTON MUNICIPAL AIRPORT, WY US",11/28/2015,6.04,0.02,,28.00,6.00,,,,,,,,,,,,,
USW00094053,"TORRINGTON MUNICIPAL AIRPORT, WY US",11/29/2015,2.91,0,,29.00,6.00,,,,,,,,,,,,,
USW00094053,"TORRINGTON MUNICIPAL AIRPORT, WY US",11/30/2015,10.51,0,,32.00,11.00,,,,,,,,,,,,,
USW00094053,"TORRINGTON MUNICIPAL AIRPORT, WY US",12/1/2015,16.78,0,,37.00,25.00,,,,,,,,,,,,,
USW00094053,"TORRINGTON MUNICIPAL AIRPORT, WY US",12/2/2015,7.16,0,,48.00,18.00,,,,,,,,,,,,,
USW00094053,"TORRINGTON MUNICIPAL AIRPORT, WY US",12/3/2015,7.61,0,,51.00,19.00,,,,,,,,,,,,,
USW00094053,"TORRINGTON MUNICIPAL AIRPORT, WY US",12/4/2015,5.14,0,,56.00,21.00,,,,,,,,,,,,,
USW00094053,"TORRINGTON MUNICIPAL AIRPORT, WY US",12/5/2015,7.83,0,,50.00,25.00,,,,,,,,,,,,,
USW00094053,"TORRINGTON MUNICIPAL AIRPORT, WY US",12/6/2015,8.95,0,,55.00,15.00,,,,,,,,,,,,,
USW00094053,"TORRINGTON MUNICIPAL AIRPORT, WY US",12/7/2015,17.9,0,,59.00,41.00,,,,,,,,,,,,,
USW00094053,"TORRINGTON MUNICIPAL AIRPORT, WY US",12/8/2015,16.11,0,,60.00,43.00,,,,,,,,,,,,,
USW00094053,"TORRINGTON MUNICIPAL AIRPORT, WY US",12/9/2015,20.13,0,,66.00,47.00,,,,,,,,,,,,,
USW00094053,"TORRINGTON MUNICIPAL AIRPORT, WY US",12/10/2015,8.72,0,,52.00,26.00,,,,,,,,,,,,,
USW00094053,"TORRINGTON MUNICIPAL AIRPORT, WY US",12/11/2015,11.18,0,,46.00,31.00,,,,,,,,,,,,,
USW00094053,"TORRINGTON MUNICIPAL AIRPORT, WY US",12/12/2015,3.8,0.02,,37.00,26.00,,,,,,,,,,,,,
USW00094053,"TORRINGTON MUNICIPAL AIRPORT, WY US",12/13/2015,4.25,0,,43.00,18.00,,,,,,,,,,,,,
USW00094053,"TORRINGTON MUNICIPAL AIRPORT, WY US",12/14/2015,5.82,0,,43.00,15.00,,,,,,,,,,,,,
USW00094053,"TORRINGTON MUNICIPAL AIRPORT, WY US",12/15/2015,14.54,0.35,,26.00,20.00,,,,,,,,,,,,,
USW00094053,"TORRINGTON MUNICIPAL AIRPORT, WY US",12/16/2015,12.53,0,,32.00,4.00,,,,,,,,,,,,,
USW00094053,"TORRINGTON MUNICIPAL AIRPORT, WY US",12/17/2015,6.04,0.02,,22.00,-2.00,,,,,,,,,,,,,
USW00094053,"TORRINGTON MUNICIPAL AIRPORT, WY US",12/18/2015,9.17,0,,45.00,-1.00,,,,,,,,,,,,,
USW00094053,"TORRINGTON MUNICIPAL AIRPORT, WY US",12/19/2015,4.7,0,,46.00,18.00,,,,,,,,,,,,,
USW00094053,"TORRINGTON MUNICIPAL AIRPORT, WY US",12/20/2015,8.95,0,,43.00,22.00,,,,,,,,,,,,,
USW00094053,"TORRINGTON MUNICIPAL AIRPORT, WY US",12/21/2015,8.5,0,,44.00,21.00,,,,,,,,,,,,,
USW00094053,"TORRINGTON MUNICIPAL AIRPORT, WY US",12/22/2015,11.63,0,,47.00,22.00,,,,,,,,,,,,,
USW00094053,"TORRINGTON MUNICIPAL AIRPORT, WY US",12/23/2015,6.71,0,,36.00,16.00,,,,,,,,,,,,,
USW00094053,"TORRINGTON MUNICIPAL AIRPORT, WY US",12/24/2015,12.08,0,,37.00,16.00,,,,,,,,,,,,,
USW00094053,"TORRINGTON MUNICIPAL AIRPORT, WY US",12/25/2015,8.95,0.05,,27.00,11.00,,,,,,,,,,,,,
USW00094053,"TORRINGTON MUNICIPAL AIRPORT, WY US",12/26/2015,13.42,0.12,,20.00,4.00,,,,,,,,,,,,,
USW00094053,"TORRINGTON MUNICIPAL AIRPORT, WY US",12/27/2015,6.49,0,,20.00,-8.00,,,,,,,,,,,,,
USW00094053,"TORRINGTON MUNICIPAL AIRPORT, WY US",12/28/2015,5.59,0,,18.00,-2.00,,,,,,,,,,,,,
USW00094053,"TORRINGTON MUNICIPAL AIRPORT, WY US",12/29/2015,2.68,0,,22.00,-4.00,,,,,,,,,,,,,
USW00094053,"TORRINGTON MUNICIPAL AIRPORT, WY US",12/30/2015,2.91,0,,24.00,-4.00,,,,,,,,,,,,,
USW00094053,"TORRINGTON MUNICIPAL AIRPORT, WY US",12/31/2015,8.95,0,,27.00,0.00,,,,,,,,,,,,,
USW00094053,"TORRINGTON MUNICIPAL AIRPORT, WY US",1/1/2016,8.72,0,,35.00,0.00,,,,,,,,,,,,,
USW00094053,"TORRINGTON MUNICIPAL AIRPORT, WY US",1/2/2016,8.05,0,,41.00,13.00,,,,,,,,,,,,,
USW00094053,"TORRINGTON MUNICIPAL AIRPORT, WY US",1/3/2016,3.8,0,,36.00,6.00,,,,,,,,,,,,,
USW00094053,"TORRINGTON MUNICIPAL AIRPORT, WY US",1/4/2016,3.8,0,,28.00,8.00,,,,,,,,,,,,,
USW00094053,"TORRINGTON MUNICIPAL AIRPORT, WY US",1/5/2016,2.46,0,,41.00,8.00,,,,,,,,,,,,,
USW00094053,"TORRINGTON MUNICIPAL AIRPORT, WY US",1/6/2016,3.58,0,,45.00,11.00,,,,,,,,,,,,,
USW00094053,"TORRINGTON MUNICIPAL AIRPORT, WY US",1/7/2016,2.91,0,,33.00,16.00,,,,,,,,,,,,,
USW00094053,"TORRINGTON MUNICIPAL AIRPORT, WY US",1/8/2016,6.71,0,,27.00,13.00,,,,,,,,,,,,,
USW00094053,"TORRINGTON MUNICIPAL AIRPORT, WY US",1/9/2016,3.58,0.07,,24.00,5.00,,,,,,,,,,,,,
USW00094053,"TORRINGTON MUNICIPAL AIRPORT, WY US",1/10/2016,8.28,0,,35.00,6.00,,,,,,,,,,,,,
USW00094053,"TORRINGTON MUNICIPAL AIRPORT, WY US",1/11/2016,13.2,0,,37.00,21.00,,,,,,,,,,,,,
USW00094053,"TORRINGTON MUNICIPAL AIRPORT, WY US",1/12/2016,11.18,0,,42.00,10.00,,,,,,,,,,,,,
USW00094053,"TORRINGTON MUNICIPAL AIRPORT, WY US",1/13/2016,10.96,0,,51.00,22.00,,,,,,,,,,,,,
USW00094053,"TORRINGTON MUNICIPAL AIRPORT, WY US",1/14/2016,17,0,,45.00,33.00,,,,,,,,,,,,,
USW00094053,"TORRINGTON MUNICIPAL AIRPORT, WY US",1/15/2016,10.74,0,,35.00,24.00,,,,,,,,,,,,,
USW00094053,"TORRINGTON MUNICIPAL AIRPORT, WY US",1/16/2016,9.62,0,,37.00,16.00,,,,,,,,,,,,,
USW00094053,"TORRINGTON MUNICIPAL AIRPORT, WY US",1/17/2016,4.92,0,,26.00,11.00,,,,,,,,,,,,,
USW00094053,"TORRINGTON MUNICIPAL AIRPORT, WY US",1/18/2016,6.71,0.05,,47.00,8.00,,,,,,,,,,,,,
USW00094053,"TORRINGTON MUNICIPAL AIRPORT, WY US",1/19/2016,7.16,0.02,,45.00,27.00,,,,,,,,,,,,,
USW00094053,"TORRINGTON MUNICIPAL AIRPORT, WY US",1/20/2016,13.65,0,,48.00,21.00,,,,,,,,,,,,,
USW00094053,"TORRINGTON MUNICIPAL AIRPORT, WY US",1/21/2016,10.51,0,,43.00,21.00,,,,,,,,,,,,,
USW00094053,"TORRINGTON MUNICIPAL AIRPORT, WY US",1/22/2016,5.37,0,,45.00,19.00,,,,,,,,,,,,,
USW00094053,"TORRINGTON MUNICIPAL AIRPORT, WY US",1/23/2016,6.26,0,,56.00,25.00,,,,,,,,,,,,,
USW00094053,"TORRINGTON MUNICIPAL AIRPORT, WY US",1/24/2016,8.5,0,,46.00,26.00,,,,,,,,,,,,,
USW00094053,"TORRINGTON MUNICIPAL AIRPORT, WY US",1/25/2016,14.99,0,,37.00,23.00,,,,,,,,,,,,,
USW00094053,"TORRINGTON MUNICIPAL AIRPORT, WY US",1/26/2016,8.95,0,,43.00,19.00,,,,,,,,,,,,,
USW00094053,"TORRINGTON MUNICIPAL AIRPORT, WY US",1/27/2016,9.62,0,,54.00,24.00,,,,,,,,,,,,,
USW00094053,"TORRINGTON MUNICIPAL AIRPORT, WY US",1/28/2016,11.41,0,,58.00,30.00,,,,,,,,,,,,,
USW00094053,"TORRINGTON MUNICIPAL AIRPORT, WY US",1/29/2016,16.33,0,,54.00,37.00,,,,,,,,,,,,,
USW00094053,"TORRINGTON MUNICIPAL AIRPORT, WY US",1/30/2016,10.51,0,,51.00,29.00,,,,,,,,,,,,,
USW00094053,"TORRINGTON MUNICIPAL AIRPORT, WY US",1/31/2016,6.71,0,,39.00,22.00,,,,,,,,,,,,,
USW00094053,"TORRINGTON MUNICIPAL AIRPORT, WY US",2/1/2016,14.99,0.42,,30.00,24.00,,,,,,,,,,,,,
USW00094053,"TORRINGTON MUNICIPAL AIRPORT, WY US",2/2/2016,10.74,0.02,,27.00,16.00,,,,,,,,,,,,,
USW00094053,"TORRINGTON MUNICIPAL AIRPORT, WY US",2/3/2016,10.51,0,,25.00,5.00,,,,,,,,,,,,,
USW00094053,"TORRINGTON MUNICIPAL AIRPORT, WY US",2/4/2016,14.32,0,,32.00,18.00,,,,,,,,,,,,,
USW00094053,"TORRINGTON MUNICIPAL AIRPORT, WY US",2/5/2016,10.07,0,,35.00,18.00,,,,,,,,,,,,,
USW00094053,"TORRINGTON MUNICIPAL AIRPORT, WY US",2/6/2016,15.21,0,,43.00,25.00,,,,,,,,,,,,,
USW00094053,"TORRINGTON MUNICIPAL AIRPORT, WY US",2/7/2016,17.45,0,,35.00,23.00,,,,,,,,,,,,,
USW00094053,"TORRINGTON MUNICIPAL AIRPORT, WY US",2/8/2016,11.63,0,,45.00,21.00,,,,,,,,,,,,,
USW00094053,"TORRINGTON MUNICIPAL AIRPORT, WY US",2/9/2016,12.08,0,,52.00,32.00,,,,,,,,,,,,,
USW00094053,"TORRINGTON MUNICIPAL AIRPORT, WY US",2/10/2016,11.63,0,,63.00,31.00,,,,,,,,,,,,,
USW00094053,"TORRINGTON MUNICIPAL AIRPORT, WY US",2/11/2016,10.74,0,,57.00,27.00,,,,,,,,,,,,,
USW00094053,"TORRINGTON MUNICIPAL AIRPORT, WY US",2/12/2016,9.62,0,,46.00,30.00,,,,,,,,,,,,,
USW00094053,"TORRINGTON MUNICIPAL AIRPORT, WY US",2/13/2016,12.53,0,,61.00,25.00,,,,,,,,,,,,,
USW00094053,"TORRINGTON MUNICIPAL AIRPORT, WY US",2/14/2016,12.08,0,,52.00,26.00,,,,,,,,,,,,,
USW00094053,"TORRINGTON MUNICIPAL AIRPORT, WY US",2/15/2016,10.51,0.18,,58.00,23.00,,,,,,,,,,,,,
USW00094053,"TORRINGTON MUNICIPAL AIRPORT, WY US",2/16/2016,7.61,0,,59.00,33.00,,,,,,,,,,,,,
USW00094053,"TORRINGTON MUNICIPAL AIRPORT, WY US",2/17/2016,7.16,0,,61.00,26.00,,,,,,,,,,,,,
USW00094053,"TORRINGTON MUNICIPAL AIRPORT, WY US",2/18/2016,19.46,0,,72.00,28.00,,,,,,,,,,,,,
USW00094053,"TORRINGTON MUNICIPAL AIRPORT, WY US",2/19/2016,19.91,0,,59.00,40.00,,,,,,,,,,,,,
USW00094053,"TORRINGTON MUNICIPAL AIRPORT, WY US",2/20/2016,12.08,0,,58.00,29.00,,,,,,,,,,,,,
USW00094053,"TORRINGTON MUNICIPAL AIRPORT, WY US",2/21/2016,6.26,0,,47.00,22.00,,,,,,,,,,,,,
USW00094053,"TORRINGTON MUNICIPAL AIRPORT, WY US",2/22/2016,8.95,0,,51.00,20.00,,,,,,,,,,,,,
USW00094053,"TORRINGTON MUNICIPAL AIRPORT, WY US",2/23/2016,10.74,0,,46.00,21.00,,,,,,,,,,,,,
USW00094053,"TORRINGTON MUNICIPAL AIRPORT, WY US",2/24/2016,14.32,0,,44.00,16.00,,,,,,,,,,,,,
USW00094053,"TORRINGTON MUNICIPAL AIRPORT, WY US",2/25/2016,4.47,0,,49.00,15.00,,,,,,,,,,,,,
USW00094053,"TORRINGTON MUNICIPAL AIRPORT, WY US",2/26/2016,7.61,0,,64.00,22.00,,,,,,,,,,,,,
USW00094053,"TORRINGTON MUNICIPAL AIRPORT, WY US",2/27/2016,14.32,0,,69.00,24.00,,,,,,,,,,,,,
USW00094053,"TORRINGTON MUNICIPAL AIRPORT, WY US",2/28/2016,13.87,0,,60.00,40.00,,,,,,,,,,,,,
USW00094053,"TORRINGTON MUNICIPAL AIRPORT, WY US",2/29/2016,14.76,0.01,,57.00,26.00,,,,,,,,,,,,,
USW00094053,"TORRINGTON MUNICIPAL AIRPORT, WY US",3/1/2016,6.71,0,,54.00,20.00,,,,,,,,,,,,,
USW00094053,"TORRINGTON MUNICIPAL AIRPORT, WY US",3/2/2016,14.32,0,,63.00,31.00,,,,,,,,,,,,,
USW00094053,"TORRINGTON MUNICIPAL AIRPORT, WY US",3/3/2016,5.59,0,,66.00,25.00,,,,,,,,,,,,,
USW00094053,"TORRINGTON MUNICIPAL AIRPORT, WY US",3/4/2016,10.07,0,,61.00,27.00,,,,,,,,,,,,,
USW00094053,"TORRINGTON MUNICIPAL AIRPORT, WY US",3/5/2016,7.83,0,,72.00,25.00,,,,,,,,,,,,,
USW00094053,"TORRINGTON MUNICIPAL AIRPORT, WY US",3/6/2016,7.38,0,,73.00,32.00,,,,,,,,,,,,,
USW00094053,"TORRINGTON MUNICIPAL AIRPORT, WY US",3/7/2016,11.86,0.49,,59.00,33.00,,,,,,,,,,,,,
USW00094053,"TORRINGTON MUNICIPAL AIRPORT, WY US",3/8/2016,9.62,0.1,,55.00,29.00,,,,,,,,,,,,,
USW00094053,"TORRINGTON MUNICIPAL AIRPORT, WY US",3/9/2016,6.04,0.04,,56.00,21.00,,,,,,,,,,,,,
USW00094053,"TORRINGTON MUNICIPAL AIRPORT, WY US",3/10/2016,5.14,0,,66.00,23.00,,,,,,,,,,,,,
USW00094053,"TORRINGTON MUNICIPAL AIRPORT, WY US",3/11/2016,6.49,0,,75.00,31.00,,,,,,,,,,,,,
USW00094053,"TORRINGTON MUNICIPAL AIRPORT, WY US",3/12/2016,6.93,0,,72.00,37.00,,,,,,,,,,,,,
USW00094053,"TORRINGTON MUNICIPAL AIRPORT, WY US",3/13/2016,10.51,0,,65.00,42.00,,,,,,,,,,,,,
USW00094053,"TORRINGTON MUNICIPAL AIRPORT, WY US",3/14/2016,12.53,0,,64.00,32.00,,,,,,,,,,,,,
USW00094053,"TORRINGTON MUNICIPAL AIRPORT, WY US",3/15/2016,13.42,0,,49.00,27.00,,,,,,,,,,,,,
USW00094053,"TORRINGTON MUNICIPAL AIRPORT, WY US",3/16/2016,9.62,0,,47.00,22.00,,,,,,,,,,,,,
USW00094053,"TORRINGTON MUNICIPAL AIRPORT, WY US",3/17/2016,9.17,0,,47.00,18.00,,,,,,,,,,,,,
USW00094053,"TORRINGTON MUNICIPAL AIRPORT, WY US",3/18/2016,9.4,0,,39.00,18.00,,,,,,,,,,,,,
USW00094053,"TORRINGTON MUNICIPAL AIRPORT, WY US",3/19/2016,10.74,0,,42.00,13.00,,,,,,,,,,,,,
USW00094053,"TORRINGTON MUNICIPAL AIRPORT, WY US",3/20/2016,4.92,0,,64.00,9.00,,,,,,,,,,,,,
USW00094053,"TORRINGTON MUNICIPAL AIRPORT, WY US",3/21/2016,11.63,0,,74.00,27.00,,,,,,,,,,,,,
USW00094053,"TORRINGTON MUNICIPAL AIRPORT, WY US",3/22/2016,11.63,0,,70.00,38.00,,,,,,,,,,,,,
USW00094053,"TORRINGTON MUNICIPAL AIRPORT, WY US",3/23/2016,19.91,0.02,,38.00,21.00,,,,,,,,,,,,,
USW00094053,"TORRINGTON MUNICIPAL AIRPORT, WY US",3/24/2016,8.95,0,,52.00,15.00,,,,,,,,,,,,,
USW00094053,"TORRINGTON MUNICIPAL AIRPORT, WY US",3/25/2016,14.32,0,,48.00,26.00,,,,,,,,,,,,,
USW00094053,"TORRINGTON MUNICIPAL AIRPORT, WY US",3/26/2016,7.61,0,,41.00,19.00,,,,,,,,,,,,,
USW00094053,"TORRINGTON MUNICIPAL AIRPORT, WY US",3/27/2016,8.5,0,,60.00,14.00,,,,,,,,,,,,,
USW00094053,"TORRINGTON MUNICIPAL AIRPORT, WY US",3/28/2016,11.18,0,,69.00,26.00,,,,,,,,,,,,,
USW00094053,"TORRINGTON MUNICIPAL AIRPORT, WY US",3/29/2016,11.18,0.35,,55.00,32.00,,,,,,,,,,,,,
USW00094053,"TORRINGTON MUNICIPAL AIRPORT, WY US",3/30/2016,11.41,0.6,,35.00,32.00,,,,,,,,,,,,,
USW00094053,"TORRINGTON MUNICIPAL AIRPORT, WY US",3/31/2016,16.11,0.04,,39.00,31.00,,,,,,,,,,,,,
USW00094053,"TORRINGTON MUNICIPAL AIRPORT, WY US",4/1/2016,13.65,0,,47.00,30.00,,,,,,,,,,,,,
USW00094053,"TORRINGTON MUNICIPAL AIRPORT, WY US",4/2/2016,11.63,0,,63.00,33.00,,,,,,,,,,,,,
USW00094053,"TORRINGTON MUNICIPAL AIRPORT, WY US",4/3/2016,11.41,0,,69.00,40.00,,,,,,,,,,,,,
USW00094053,"TORRINGTON MUNICIPAL AIRPORT, WY US",4/4/2016,7.38,0,,73.00,31.00,,,,,,,,,,,,,
USW00094053,"TORRINGTON MUNICIPAL AIRPORT, WY US",4/5/2016,17.22,0,,58.00,40.00,,,,,,,,,,,,,
USW00094053,"TORRINGTON MUNICIPAL AIRPORT, WY US",4/6/2016,15.66,0,,70.00,32.00,,,,,,,,,,,,,
USW00094053,"TORRINGTON MUNICIPAL AIRPORT, WY US",4/7/2016,10.07,0,,61.00,35.00,,,,,,,,,,,,,
USW00094053,"TORRINGTON MUNICIPAL AIRPORT, WY US",4/8/2016,6.26,0,,68.00,27.00,,,,,,,,,,,,,
USW00094053,"TORRINGTON MUNICIPAL AIRPORT, WY US",4/9/2016,10.96,0,,80.00,34.00,,,,,,,,,,,,,
USW00094053,"TORRINGTON MUNICIPAL AIRPORT, WY US",4/10/2016,6.93,0.04,,53.00,35.00,,,,,,,,,,,,,
USW00094053,"TORRINGTON MUNICIPAL AIRPORT, WY US",4/11/2016,8.5,0,,60.00,29.00,,,,,,,,,,,,,
USW00094053,"TORRINGTON MUNICIPAL AIRPORT, WY US",4/12/2016,6.04,0,,77.00,32.00,,,,,,,,,,,,,
USW00094053,"TORRINGTON MUNICIPAL AIRPORT, WY US",4/13/2016,8.05,0,,77.00,37.00,,,,,,,,,,,,,
USW00094053,"TORRINGTON MUNICIPAL AIRPORT, WY US",4/14/2016,10.74,0.02,,81.00,42.00,,,,,,,,,,,,,
USW00094053,"TORRINGTON MUNICIPAL AIRPORT, WY US",4/15/2016,12.08,0.14,,59.00,40.00,,,,,,,,,,,,,
USW00094053,"TORRINGTON MUNICIPAL AIRPORT, WY US",4/16/2016,17.45,0.38,,45.00,33.00,,,,,,,,,,,,,
USW00094053,"TORRINGTON MUNICIPAL AIRPORT, WY US",4/17/2016,8.05,0.3,,43.00,32.00,,,,,,,,,,,,,
USW00094053,"TORRINGTON MUNICIPAL AIRPORT, WY US",4/18/2016,8.05,0,,48.00,34.00,,,,,,,,,,,,,
USW00094053,"TORRINGTON MUNICIPAL AIRPORT, WY US",4/19/2016,5.59,0.01,,57.00,34.00,,,,,,,,,,,,,
USW00094053,"TORRINGTON MUNICIPAL AIRPORT, WY US",4/20/2016,4.7,0,,63.00,36.00,,,,,,,,,,,,,
USW00094053,"TORRINGTON MUNICIPAL AIRPORT, WY US",4/21/2016,6.49,0,,70.00,34.00,,,,,,,,,,,,,
USW00094053,"TORRINGTON MUNICIPAL AIRPORT, WY US",4/22/2016,11.41,0,,80.00,37.00,,,,,,,,,,,,,
USW00094053,"TORRINGTON MUNICIPAL AIRPORT, WY US",4/23/2016,10.07,0,,78.00,44.00,,,,,,,,,,,,,
USW00094053,"TORRINGTON MUNICIPAL AIRPORT, WY US",4/24/2016,16.11,0.02,,55.00,36.00,,,,,,,,,,,,,
USW00094053,"TORRINGTON MUNICIPAL AIRPORT, WY US",4/25/2016,9.4,0.59,,66.00,32.00,,,,,,,,,,,,,
USW00094053,"TORRINGTON MUNICIPAL AIRPORT, WY US",4/26/2016,11.41,0.65,,43.00,33.00,,,,,,,,,,,,,
USW00094053,"TORRINGTON MUNICIPAL AIRPORT, WY US",4/27/2016,19.24,0,,46.00,31.00,,,,,,,,,,,,,
USW00094053,"TORRINGTON MUNICIPAL AIRPORT, WY US",4/28/2016,7.16,0.07,,45.00,28.00,,,,,,,,,,,,,
USW00094053,"TORRINGTON MUNICIPAL AIRPORT, WY US",4/29/2016,7.38,0.29,,44.00,32.00,,,,,,,,,,,,,
USW00094053,"TORRINGTON MUNICIPAL AIRPORT, WY US",4/30/2016,10.51,0.39,,40.00,32.00,,,,,,,,,,,,,
USW00094053,"TORRINGTON MUNICIPAL AIRPORT, WY US",5/1/2016,6.93,0,,55.00,33.00,,,,,,,,,,,,,
USW00094053,"TORRINGTON MUNICIPAL AIRPORT, WY US",5/2/2016,10.51,0,,66.00,29.00,,,,,,,,,,,,,
USW00094053,"TORRINGTON MUNICIPAL AIRPORT, WY US",5/3/2016,9.84,0,,72.00,40.00,,,,,,,,,,,,,
USW00094053,"TORRINGTON MUNICIPAL AIRPORT, WY US",5/4/2016,6.04,0,,76.00,39.00,,,,,,,,,,,,,
USW00094053,"TORRINGTON MUNICIPAL AIRPORT, WY US",5/5/2016,6.04,0,,82.00,45.00,,,,,,,,,,,,,
USW00094053,"TORRINGTON MUNICIPAL AIRPORT, WY US",5/6/2016,13.2,0.71,,81.00,49.00,,,,,,,,,,,,,
USW00094053,"TORRINGTON MUNICIPAL AIRPORT, WY US",5/7/2016,18.57,0.56,,64.00,45.00,,,,,,,,,,,,,
USW00094053,"TORRINGTON MUNICIPAL AIRPORT, WY US",5/8/2016,10.51,0.39,,64.00,42.00,,,,,,,,,,,,,
USW00094053,"TORRINGTON MUNICIPAL AIRPORT, WY US",5/9/2016,5.37,0.03,,68.00,38.00,,,,,,,,,,,,,
USW00094053,"TORRINGTON MUNICIPAL AIRPORT, WY US",5/10/2016,14.54,0,,63.00,37.00,,,,,,,,,,,,,
USW00094053,"TORRINGTON MUNICIPAL AIRPORT, WY US",5/11/2016,10.07,0,,58.00,33.00,,,,,,,,,,,,,
USW00094053,"TORRINGTON MUNICIPAL AIRPORT, WY US",5/12/2016,4.03,0,,71.00,34.00,,,,,,,,,,,,,
USW00094053,"TORRINGTON MUNICIPAL AIRPORT, WY US",5/13/2016,12.08,0,,55.00,38.00,,,,,,,,,,,,,
USW00094053,"TORRINGTON MUNICIPAL AIRPORT, WY US",5/14/2016,8.72,0,,48.00,33.00,,,,,,,,,,,,,
USW00094053,"TORRINGTON MUNICIPAL AIRPORT, WY US",5/15/2016,13.42,0.06,,51.00,41.00,,,,,,,,,,,,,
USW00094053,"TORRINGTON MUNICIPAL AIRPORT, WY US",5/16/2016,9.62,0.16,,45.00,36.00,,,,,,,,,,,,,
USW00094053,"TORRINGTON MUNICIPAL AIRPORT, WY US",5/17/2016,7.16,0,,60.00,32.00,,,,,,,,,,,,,
USW00094053,"TORRINGTON MUNICIPAL AIRPORT, WY US",5/18/2016,11.63,0,,69.00,37.00,,,,,,,,,,,,,
USW00094053,"TORRINGTON MUNICIPAL AIRPORT, WY US",5/19/2016,11.18,0,,77.00,41.00,,,,,,,,,,,,,
USW00094053,"TORRINGTON MUNICIPAL AIRPORT, WY US",5/20/2016,12.3,0,,80.00,46.00,,,,,,,,,,,,,
USW00094053,"TORRINGTON MUNICIPAL AIRPORT, WY US",5/21/2016,13.2,0,,74.00,56.00,,,,,,,,,,,,,
USW00094053,"TORRINGTON MUNICIPAL AIRPORT, WY US",5/22/2016,11.86,0.15,,76.00,50.00,,,,,,,,,,,,,
USW00094053,"TORRINGTON MUNICIPAL AIRPORT, WY US",5/23/2016,12.3,0,,73.00,44.00,,,,,,,,,,,,,
USW00094053,"TORRINGTON MUNICIPAL AIRPORT, WY US",5/24/2016,12.53,0,,77.00,39.00,,,,,,,,,,,,,
USW00094053,"TORRINGTON MUNICIPAL AIRPORT, WY US",5/25/2016,9.17,0,,75.00,39.00,,,,,,,,,,,,,
USW00094053,"TORRINGTON MUNICIPAL AIRPORT, WY US",5/26/2016,7.61,0,,70.00,37.00,,,,,,,,,,,,,
USW00094053,"TORRINGTON MUNICIPAL AIRPORT, WY US",5/27/2016,8.72,0.43,,66.00,43.00,,,,,,,,,,,,,
USW00094053,"TORRINGTON MUNICIPAL AIRPORT, WY US",5/28/2016,6.71,0,,73.00,39.00,,,,,,,,,,,,,
USW00094053,"TORRINGTON MUNICIPAL AIRPORT, WY US",5/29/2016,6.49,0,,79.00,42.00,,,,,,,,,,,,,
USW00094053,"TORRINGTON MUNICIPAL AIRPORT, WY US",5/30/2016,8.5,0.11,,79.00,46.00,,,,,,,,,,,,,
USW00094053,"TORRINGTON MUNICIPAL AIRPORT, WY US",5/31/2016,9.62,0.03,,71.00,46.00,,,,,,,,,,,,,
USW00094053,"TORRINGTON MUNICIPAL AIRPORT, WY US",6/1/2016,4.7,0,,76.00,42.00,,,,,,,,,,,,,
USW00094053,"TORRINGTON MUNICIPAL AIRPORT, WY US",6/2/2016,8.28,0,,89.00,48.00,,,,,,,,,,,,,
USW00094053,"TORRINGTON MUNICIPAL AIRPORT, WY US",6/3/2016,10.96,0,,80.00,51.00,,,,,,,,,,,,,
USW00094053,"TORRINGTON MUNICIPAL AIRPORT, WY US",6/4/2016,9.62,0,,82.00,46.00,,,,,,,,,,,,,
USW00094053,"TORRINGTON MUNICIPAL AIRPORT, WY US",6/5/2016,4.92,0,,87.00,44.00,,,,,,,,,,,,,
USW00094053,"TORRINGTON MUNICIPAL AIRPORT, WY US",6/6/2016,7.83,0,,86.00,50.00,,,,,,,,,,,,,
USW00094053,"TORRINGTON MUNICIPAL AIRPORT, WY US",6/7/2016,10.29,0,,92.00,53.00,,,,,,,,,,,,,
USW00094053,"TORRINGTON MUNICIPAL AIRPORT, WY US",6/8/2016,6.71,0,,92.00,55.00,,,,,,,,,,,,,
USW00094053,"TORRINGTON MUNICIPAL AIRPORT, WY US",6/9/2016,4.7,0,,96.00,57.00,,,,,,,,,,,,,
USW00094053,"TORRINGTON MUNICIPAL AIRPORT, WY US",6/10/2016,6.49,0,,97.00,57.00,,,,,,,,,,,,,
USW00094053,"TORRINGTON MUNICIPAL AIRPORT, WY US",6/11/2016,11.63,0,,99.00,59.00,,,,,,,,,,,,,
USW00094053,"TORRINGTON MUNICIPAL AIRPORT, WY US",6/12/2016,7.38,0,,88.00,60.00,,,,,,,,,,,,,
USW00094053,"TORRINGTON MUNICIPAL AIRPORT, WY US",6/13/2016,10.74,0.01,,83.00,55.00,,,,,,,,,,,,,
USW00094053,"TORRINGTON MUNICIPAL AIRPORT, WY US",6/14/2016,9.17,0,,85.00,54.00,,,,,,,,,,,,,
USW00094053,"TORRINGTON MUNICIPAL AIRPORT, WY US",6/15/2016,10.07,0,,93.00,50.00,,,,,,,,,,,,,
USW00094053,"TORRINGTON MUNICIPAL AIRPORT, WY US",6/16/2016,4.92,0,,96.00,55.00,,,,,,,,,,,,,
USW00094053,"TORRINGTON MUNICIPAL AIRPORT, WY US",6/17/2016,11.41,0,,87.00,57.00,,,,,,,,,,,,,
USW00094053,"TORRINGTON MUNICIPAL AIRPORT, WY US",6/18/2016,12.3,0,,96.00,58.00,,,,,,,,,,,,,
USW00094053,"TORRINGTON MUNICIPAL AIRPORT, WY US",6/19/2016,7.83,0,,95.00,65.00,,,,,,,,,,,,,
USW00094053,"TORRINGTON MUNICIPAL AIRPORT, WY US",6/20/2016,9.84,0,,83.00,62.00,,,,,,,,,,,,,
USW00094053,"TORRINGTON MUNICIPAL AIRPORT, WY US",6/21/2016,8.72,0,,101.00,57.00,,,,,,,,,,,,,
USW00094053,"TORRINGTON MUNICIPAL AIRPORT, WY US",6/22/2016,9.17,0,,87.00,62.00,,,,,,,,,,,,,
USW00094053,"TORRINGTON MUNICIPAL AIRPORT, WY US",6/23/2016,11.18,0.01,,95.00,61.00,,,,,,,,,,,,,
USW00094053,"TORRINGTON MUNICIPAL AIRPORT, WY US",6/24/2016,7.83,0.02,,97.00,57.00,,,,,,,,,,,,,
USW00094053,"TORRINGTON MUNICIPAL AIRPORT, WY US",6/25/2016,9.62,0,,87.00,56.00,,,,,,,,,,,,,
USW00094053,"TORRINGTON MUNICIPAL AIRPORT, WY US",6/26/2016,5.59,0,,92.00,49.00,,,,,,,,,,,,,
USW00094053,"TORRINGTON MUNICIPAL AIRPORT, WY US",6/27/2016,9.62,0,,89.00,56.00,,,,,,,,,,,,,
USW00094053,"TORRINGTON MUNICIPAL AIRPORT, WY US",6/28/2016,9.4,0.01,,94.00,57.00,,,,,,,,,,,,,
USW00094053,"TORRINGTON MUNICIPAL AIRPORT, WY US",6/29/2016,10.29,0.01,,90.00,55.00,,,,,,,,,,,,,
USW00094053,"TORRINGTON MUNICIPAL AIRPORT, WY US",6/30/2016,8.5,0,,79.00,55.00,,,,,,,,,,,,,
USW00094053,"TORRINGTON MUNICIPAL AIRPORT, WY US",7/1/2016,12.75,0.02,,82.00,60.00,,,,,,,,,,,,,
USW00094053,"TORRINGTON MUNICIPAL AIRPORT, WY US",7/2/2016,6.04,0,,84.00,58.00,,,,,,,,,,,,,
USW00094053,"TORRINGTON MUNICIPAL AIRPORT, WY US",7/3/2016,6.71,0,,94.00,58.00,,,,,,,,,,,,,
USW00094053,"TORRINGTON MUNICIPAL AIRPORT, WY US",7/4/2016,6.71,0,,96.00,58.00,,,,,,,,,,,,,
USW00094053,"TORRINGTON MUNICIPAL AIRPORT, WY US",7/5/2016,8.28,0,,94.00,64.00,,,,,,,,,,,,,
USW00094053,"TORRINGTON MUNICIPAL AIRPORT, WY US",7/6/2016,10.74,0,,98.00,55.00,,,,,,,,,,,,,
USW00094053,"TORRINGTON MUNICIPAL AIRPORT, WY US",7/7/2016,8.28,0,,87.00,57.00,,,,,,,,,,,,,
USW00094053,"TORRINGTON MUNICIPAL AIRPORT, WY US",7/8/2016,6.93,0,,96.00,57.00,,,,,,,,,,,,,
USW00094053,"TORRINGTON MUNICIPAL AIRPORT, WY US",7/9/2016,6.49,0,,103.00,57.00,,,,,,,,,,,,,
USW00094053,"TORRINGTON MUNICIPAL AIRPORT, WY US",7/10/2016,6.71,0,,103.00,58.00,,,,,,,,,,,,,
USW00094053,"TORRINGTON MUNICIPAL AIRPORT, WY US",7/11/2016,17.9,0,,83.00,54.00,,,,,,,,,,,,,
USW00094053,"TORRINGTON MUNICIPAL AIRPORT, WY US",7/12/2016,9.17,0,,91.00,47.00,,,,,,,,,,,,,
USW00094053,"TORRINGTON MUNICIPAL AIRPORT, WY US",7/13/2016,8.72,0,,90.00,55.00,,,,,,,,,,,,,
USW00094053,"TORRINGTON MUNICIPAL AIRPORT, WY US",7/14/2016,7.16,0,,86.00,52.00,,,,,,,,,,,,,
USW00094053,"TORRINGTON MUNICIPAL AIRPORT, WY US",7/15/2016,14.32,0,,80.00,59.00,,,,,,,,,,,,,
USW00094053,"TORRINGTON MUNICIPAL AIRPORT, WY US",7/16/2016,10.51,0,,94.00,62.00,,,,,,,,,,,,,
USW00094053,"TORRINGTON MUNICIPAL AIRPORT, WY US",7/17/2016,9.17,0,,80.00,57.00,,,,,,,,,,,,,
USW00094053,"TORRINGTON MUNICIPAL AIRPORT, WY US",7/18/2016,11.86,0.12,,96.00,60.00,,,,,,,,,,,,,
USW00094053,"TORRINGTON MUNICIPAL AIRPORT, WY US",7/19/2016,6.49,0,,100.00,61.00,,,,,,,,,,,,,
USW00094053,"TORRINGTON MUNICIPAL AIRPORT, WY US",7/20/2016,7.83,0,,103.00,63.00,,,,,,,,,,,,,
USW00094053,"TORRINGTON MUNICIPAL AIRPORT, WY US",7/21/2016,8.28,0,,101.00,63.00,,,,,,,,,,,,,
USW00094053,"TORRINGTON MUNICIPAL AIRPORT, WY US",7/22/2016,8.5,0,,102.00,66.00,,,,,,,,,,,,,
USW00094053,"TORRINGTON MUNICIPAL AIRPORT, WY US",7/23/2016,9.17,0,,97.00,60.00,,,,,,,,,,,,,
USW00094053,"TORRINGTON MUNICIPAL AIRPORT, WY US",7/24/2016,14.54,0.01,,87.00,61.00,,,,,,,,,,,,,
USW00094053,"TORRINGTON MUNICIPAL AIRPORT, WY US",7/25/2016,12.3,0,,96.00,57.00,,,,,,,,,,,,,
USW00094053,"TORRINGTON MUNICIPAL AIRPORT, WY US",7/26/2016,8.72,0.02,,98.00,61.00,,,,,,,,,,,,,
USW00094053,"TORRINGTON MUNICIPAL AIRPORT, WY US",7/27/2016,9.62,0.08,,90.00,59.00,,,,,,,,,,,,,
USW00094053,"TORRINGTON MUNICIPAL AIRPORT, WY US",7/28/2016,8.28,0.18,,81.00,60.00,,,,,,,,,,,,,
USW00094053,"TORRINGTON MUNICIPAL AIRPORT, WY US",7/29/2016,8.28,0.2,,88.00,56.00,,,,,,,,,,,,,
USW00094053,"TORRINGTON MUNICIPAL AIRPORT, WY US",7/30/2016,10.07,0,,91.00,58.00,,,,,,,,,,,,,
USW00094053,"TORRINGTON MUNICIPAL AIRPORT, WY US",7/31/2016,7.16,0.06,,97.00,64.00,,,,,,,,,,,,,
USW00094053,"TORRINGTON MUNICIPAL AIRPORT, WY US",8/1/2016,6.93,0,,98.00,64.00,,,,,,,,,,,,,
USW00094053,"TORRINGTON MUNICIPAL AIRPORT, WY US",8/2/2016,11.18,0.02,,91.00,62.00,,,,,,,,,,,,,
USW00094053,"TORRINGTON MUNICIPAL AIRPORT, WY US",8/3/2016,10.51,0,,101.00,61.00,,,,,,,,,,,,,
USW00094053,"TORRINGTON MUNICIPAL AIRPORT, WY US",8/4/2016,8.5,0,,78.00,59.00,,,,,,,,,,,,,
USW00094053,"TORRINGTON MUNICIPAL AIRPORT, WY US",8/5/2016,10.74,0,,78.00,59.00,,,,,,,,,,,,,
USW00094053,"TORRINGTON MUNICIPAL AIRPORT, WY US",8/6/2016,15.66,0,,78.00,59.00,,,,,,,,,,,,,
USW00094053,"TORRINGTON MUNICIPAL AIRPORT, WY US",8/7/2016,14.09,0.33,,87.00,61.00,,,,,,,,,,,,,
USW00094053,"TORRINGTON MUNICIPAL AIRPORT, WY US",8/8/2016,8.5,0.23,,91.00,61.00,,,,,,,,,,,,,
USW00094053,"TORRINGTON MUNICIPAL AIRPORT, WY US",8/9/2016,11.86,0.01,,93.00,58.00,,,,,,,,,,,,,
USW00094053,"TORRINGTON MUNICIPAL AIRPORT, WY US",8/10/2016,7.61,0.02,,98.00,59.00,,,,,,,,,,,,,
USW00094053,"TORRINGTON MUNICIPAL AIRPORT, WY US",8/11/2016,8.05,0.16,,89.00,58.00,,,,,,,,,,,,,
USW00094053,"TORRINGTON MUNICIPAL AIRPORT, WY US",8/12/2016,5.59,0,,84.00,52.00,,,,,,,,,,,,,
USW00094053,"TORRINGTON MUNICIPAL AIRPORT, WY US",8/13/2016,6.93,0,,85.00,51.00,,,,,,,,,,,,,
USW00094053,"TORRINGTON MUNICIPAL AIRPORT, WY US",8/14/2016,9.62,0,,92.00,55.00,,,,,,,,,,,,,
USW00094053,"TORRINGTON MUNICIPAL AIRPORT, WY US",8/15/2016,8.28,0.01,,90.00,54.00,,,,,,,,,,,,,
USW00094053,"TORRINGTON MUNICIPAL AIRPORT, WY US",8/16/2016,7.16,0,,88.00,51.00,,,,,,,,,,,,,
USW00094053,"TORRINGTON MUNICIPAL AIRPORT, WY US",8/17/2016,7.61,0,,95.00,55.00,,,,,,,,,,,,,
USW00094053,"TORRINGTON MUNICIPAL AIRPORT, WY US",8/18/2016,9.4,0.19,,88.00,53.00,,,,,,,,,,,,,
USW00094053,"TORRINGTON MUNICIPAL AIRPORT, WY US",8/19/2016,7.16,0.11,,70.00,46.00,,,,,,,,,,,,,
USW00094053,"TORRINGTON MUNICIPAL AIRPORT, WY US",8/20/2016,6.49,0,,77.00,41.00,,,,,,,,,,,,,
USW00094053,"TORRINGTON MUNICIPAL AIRPORT, WY US",8/21/2016,7.61,0,,88.00,45.00,,,,,,,,,,,,,
USW00094053,"TORRINGTON MUNICIPAL AIRPORT, WY US",8/22/2016,5.82,0,,98.00,51.00,,,,,,,,,,,,,
USW00094053,"TORRINGTON MUNICIPAL AIRPORT, WY US",8/23/2016,10.29,0,,87.00,51.00,,,,,,,,,,,,,
USW00094053,"TORRINGTON MUNICIPAL AIRPORT, WY US",8/24/2016,12.08,0,,77.00,52.00,,,,,,,,,,,,,
USW00094053,"TORRINGTON MUNICIPAL AIRPORT, WY US",8/25/2016,8.72,0,,72.00,50.00,,,,,,,,,,,,,
USW00094053,"TORRINGTON MUNICIPAL AIRPORT, WY US",8/26/2016,7.16,0.03,,77.00,53.00,,,,,,,,,,,,,
USW00094053,"TORRINGTON MUNICIPAL AIRPORT, WY US",8/27/2016,7.16,0,,89.00,51.00,,,,,,,,,,,,,
USW00094053,"TORRINGTON MUNICIPAL AIRPORT, WY US",8/28/2016,6.49,0,,93.00,49.00,,,,,,,,,,,,,
USW00094053,"TORRINGTON MUNICIPAL AIRPORT, WY US",8/29/2016,6.71,0.03,,91.00,52.00,,,,,,,,,,,,,
USW00094053,"TORRINGTON MUNICIPAL AIRPORT, WY US",8/30/2016,6.71,0,,86.00,52.00,,,,,,,,,,,,,
USW00094053,"TORRINGTON MUNICIPAL AIRPORT, WY US",8/31/2016,10.74,0,,81.00,53.00,,,,,,,,,,,,,
USW00094053,"TORRINGTON MUNICIPAL AIRPORT, WY US",9/1/2016,16.11,0,,85.00,59.00,,,,,,,,,,,,,
USW00094053,"TORRINGTON MUNICIPAL AIRPORT, WY US",9/2/2016,10.51,0,,85.00,61.00,,,,,,,,,,,,,
USW00094053,"TORRINGTON MUNICIPAL AIRPORT, WY US",9/3/2016,7.83,0,,93.00,54.00,,,,,,,,,,,,,
USW00094053,"TORRINGTON MUNICIPAL AIRPORT, WY US",9/4/2016,6.71,0.03,,84.00,52.00,,,,,,,,,,,,,
USW00094053,"TORRINGTON MUNICIPAL AIRPORT, WY US",9/5/2016,7.83,0.14,,86.00,56.00,,,,,,,,,,,,,
USW00094053,"TORRINGTON MUNICIPAL AIRPORT, WY US",9/6/2016,9.84,0.03,,72.00,58.00,,,,,,,,,,,,,
USW00094053,"TORRINGTON MUNICIPAL AIRPORT, WY US",9/7/2016,10.07,0,,87.00,53.00,,,,,,,,,,,,,
USW00094053,"TORRINGTON MUNICIPAL AIRPORT, WY US",9/8/2016,11.63,0,,90.00,44.00,,,,,,,,,,,,,
USW00094053,"TORRINGTON MUNICIPAL AIRPORT, WY US",9/9/2016,12.53,0,,64.00,41.00,,,,,,,,,,,,,
USW00094053,"TORRINGTON MUNICIPAL AIRPORT, WY US",9/10/2016,5.82,0,,84.00,32.00,,,,,,,,,,,,,
USW00094053,"TORRINGTON MUNICIPAL AIRPORT, WY US",9/11/2016,9.84,0,,93.00,37.00,,,,,,,,,,,,,
USW00094053,"TORRINGTON MUNICIPAL AIRPORT, WY US",9/12/2016,12.3,0,,67.00,47.00,,,,,,,,,,,,,
USW00094053,"TORRINGTON MUNICIPAL AIRPORT, WY US",9/13/2016,11.18,0,,58.00,44.00,,,,,,,,,,,,,
USW00094053,"TORRINGTON MUNICIPAL AIRPORT, WY US",9/14/2016,13.65,0.47,,75.00,47.00,,,,,,,,,,,,,
USW00094053,"TORRINGTON MUNICIPAL AIRPORT, WY US",9/15/2016,8.72,0,,75.00,44.00,,,,,,,,,,,,,
USW00094053,"TORRINGTON MUNICIPAL AIRPORT, WY US",9/16/2016,8.05,0,,75.00,41.00,,,,,,,,,,,,,
USW00094053,"TORRINGTON MUNICIPAL AIRPORT, WY US",9/17/2016,3.8,0,,81.00,40.00,,,,,,,,,,,,,
USW00094053,"TORRINGTON MUNICIPAL AIRPORT, WY US",9/18/2016,11.63,0,,90.00,47.00,,,,,,,,,,,,,
USW00094053,"TORRINGTON MUNICIPAL AIRPORT, WY US",9/19/2016,9.17,0,,89.00,50.00,,,,,,,,,,,,,
USW00094053,"TORRINGTON MUNICIPAL AIRPORT, WY US",9/20/2016,5.82,0,,91.00,49.00,,,,,,,,,,,,,
USW00094053,"TORRINGTON MUNICIPAL AIRPORT, WY US",9/21/2016,7.38,0,,84.00,52.00,,,,,,,,,,,,,
USW00094053,"TORRINGTON MUNICIPAL AIRPORT, WY US",9/22/2016,11.41,0,,69.00,57.00,,,,,,,,,,,,,
USW00094053,"TORRINGTON MUNICIPAL AIRPORT, WY US",9/23/2016,8.5,0.12,,82.00,49.00,,,,,,,,,,,,,
USW00094053,"TORRINGTON MUNICIPAL AIRPORT, WY US",9/24/2016,11.18,0.1,,68.00,41.00,,,,,,,,,,,,,
USW00094053,"TORRINGTON MUNICIPAL AIRPORT, WY US",9/25/2016,7.83,0,,66.00,38.00,,,,,,,,,,,,,
USW00094053,"TORRINGTON MUNICIPAL AIRPORT, WY US",9/26/2016,6.49,0,,76.00,36.00,,,,,,,,,,,,,
USW00094053,"TORRINGTON MUNICIPAL AIRPORT, WY US",9/27/2016,5.14,0,,86.00,38.00,,,,,,,,,,,,,
USW00094053,"TORRINGTON MUNICIPAL AIRPORT, WY US",9/28/2016,6.93,0,,82.00,42.00,,,,,,,,,,,,,
USW00094053,"TORRINGTON MUNICIPAL AIRPORT, WY US",9/29/2016,11.86,0,,85.00,44.00,,,,,,,,,,,,,
USW00094053,"TORRINGTON MUNICIPAL AIRPORT, WY US",9/30/2016,8.05,0,,76.00,46.00,,,,,,,,,,,,,
USW00094053,"TORRINGTON MUNICIPAL AIRPORT, WY US",10/1/2016,5.14,0,,84.00,44.00,,,,,,,,,,,,,
USW00094053,"TORRINGTON MUNICIPAL AIRPORT, WY US",10/2/2016,7.61,0,,83.00,46.00,,,,,,,,,,,,,
USW00094053,"TORRINGTON MUNICIPAL AIRPORT, WY US",10/3/2016,16.55,0.15,,75.00,51.00,,,,,,,,,,,,,
USW00094053,"TORRINGTON MUNICIPAL AIRPORT, WY US",10/4/2016,11.41,0,,60.00,39.00,,,,,,,,,,,,,
USW00094053,"TORRINGTON MUNICIPAL AIRPORT, WY US",10/5/2016,8.72,0,,68.00,30.00,,,,,,,,,,,,,
USW00094053,"TORRINGTON MUNICIPAL AIRPORT, WY US",10/6/2016,6.93,0,,47.00,29.00,,,,,,,,,,,,,
USW00094053,"TORRINGTON MUNICIPAL AIRPORT, WY US",10/7/2016,6.49,0,,68.00,24.00,,,,,,,,,,,,,
USW00094053,"TORRINGTON MUNICIPAL AIRPORT, WY US",10/8/2016,4.92,0,,75.00,32.00,,,,,,,,,,,,,
USW00094053,"TORRINGTON MUNICIPAL AIRPORT, WY US",10/9/2016,7.38,0,,83.00,40.00,,,,,,,,,,,,,
USW00094053,"TORRINGTON MUNICIPAL AIRPORT, WY US",10/10/2016,8.95,0,,85.00,35.00,,,,,,,,,,,,,
USW00094053,"TORRINGTON MUNICIPAL AIRPORT, WY US",10/11/2016,11.41,0.03,,65.00,35.00,,,,,,,,,,,,,
USW00094053,"TORRINGTON MUNICIPAL AIRPORT, WY US",10/12/2016,7.16,0,,59.00,25.00,,,,,,,,,,,,,
USW00094053,"TORRINGTON MUNICIPAL AIRPORT, WY US",10/13/2016,3.8,0,,77.00,25.00,,,,,,,,,,,,,
USW00094053,"TORRINGTON MUNICIPAL AIRPORT, WY US",10/14/2016,7.61,0,,83.00,39.00,,,,,,,,,,,,,
USW00094053,"TORRINGTON MUNICIPAL AIRPORT, WY US",10/15/2016,6.49,0,,79.00,43.00,,,,,,,,,,,,,
USW00094053,"TORRINGTON MUNICIPAL AIRPORT, WY US",10/16/2016,12.08,0,,79.00,40.00,,,,,,,,,,,,,
USW00094053,"TORRINGTON MUNICIPAL AIRPORT, WY US",10/17/2016,20.13,0,,64.00,34.00,,,,,,,,,,,,,
USW00094053,"TORRINGTON MUNICIPAL AIRPORT, WY US",10/18/2016,7.38,0,,64.00,33.00,,,,,,,,,,,,,
USW00094053,"TORRINGTON MUNICIPAL AIRPORT, WY US",10/19/2016,9.62,0.02,,60.00,35.00,,,,,,,,,,,,,
USW00094053,"TORRINGTON MUNICIPAL AIRPORT, WY US",10/20/2016,6.93,0,,63.00,27.00,,,,,,,,,,,,,
USW00094053,"TORRINGTON MUNICIPAL AIRPORT, WY US",10/21/2016,5.14,0,,74.00,32.00,,,,,,,,,,,,,
USW00094053,"TORRINGTON MUNICIPAL AIRPORT, WY US",10/22/2016,8.28,0,,83.00,31.00,,,,,,,,,,,,,
USW00094053,"TORRINGTON MUNICIPAL AIRPORT, WY US",10/23/2016,9.62,0,,69.00,29.00,,,,,,,,,,,,,
USW00094053,"TORRINGTON MUNICIPAL AIRPORT, WY US",10/24/2016,7.61,0,,74.00,34.00,,,,,,,,,,,,,
USW00094053,"TORRINGTON MUNICIPAL AIRPORT, WY US",10/25/2016,9.84,0,,75.00,43.00,,,,,,,,,,,,,
USW00094053,"TORRINGTON MUNICIPAL AIRPORT, WY US",10/26/2016,4.47,0,,77.00,34.00,,,,,,,,,,,,,
USW00094053,"TORRINGTON MUNICIPAL AIRPORT, WY US",10/27/2016,5.82,0,,84.00,34.00,,,,,,,,,,,,,
USW00094053,"TORRINGTON MUNICIPAL AIRPORT, WY US",10/28/2016,7.38,0,,78.00,55.00,,,,,,,,,,,,,
USW00094053,"TORRINGTON MUNICIPAL AIRPORT, WY US",10/29/2016,10.07,0,,62.00,43.00,,,,,,,,,,,,,
USW00094053,"TORRINGTON MUNICIPAL AIRPORT, WY US",10/30/2016,8.28,0,,66.00,40.00,,,,,,,,,,,,,
USW00094053,"TORRINGTON MUNICIPAL AIRPORT, WY US",10/31/2016,15.66,0,,67.00,36.00,,,,,,,,,,,,,
USW00094053,"TORRINGTON MUNICIPAL AIRPORT, WY US",11/1/2016,7.38,0.02,,62.00,32.00,,,,,,,,,,,,,
USW00094053,"TORRINGTON MUNICIPAL AIRPORT, WY US",11/2/2016,6.26,0.03,,63.00,37.00,,,,,,,,,,,,,
USW00094053,"TORRINGTON MUNICIPAL AIRPORT, WY US",11/3/2016,2.91,0,,71.00,24.00,,,,,,,,,,,,,
USW00094053,"TORRINGTON MUNICIPAL AIRPORT, WY US",11/4/2016,6.26,0,,76.00,28.00,,,,,,,,,,,,,
USW00094053,"TORRINGTON MUNICIPAL AIRPORT, WY US",11/5/2016,5.82,0,,71.00,30.00,,,,,,,,,,,,,
USW00094053,"TORRINGTON MUNICIPAL AIRPORT, WY US",11/6/2016,7.38,0,,75.00,33.00,,,,,,,,,,,,,
USW00094053,"TORRINGTON MUNICIPAL AIRPORT, WY US",11/7/2016,5.82,0,,65.00,32.00,,,,,,,,,,,,,
USW00094053,"TORRINGTON MUNICIPAL AIRPORT, WY US",11/8/2016,4.7,0,,62.00,25.00,,,,,,,,,,,,,
USW00094053,"TORRINGTON MUNICIPAL AIRPORT, WY US",11/9/2016,3.36,0,,74.00,25.00,,,,,,,,,,,,,
USW00094053,"TORRINGTON MUNICIPAL AIRPORT, WY US",11/10/2016,10.51,0,,70.00,33.00,,,,,,,,,,,,,
USW00094053,"TORRINGTON MUNICIPAL AIRPORT, WY US",11/11/2016,9.84,0,,63.00,22.00,,,,,,,,,,,,,
USW00094053,"TORRINGTON MUNICIPAL AIRPORT, WY US",11/12/2016,6.49,0,,73.00,27.00,,,,,,,,,,,,,
USW00094053,"TORRINGTON MUNICIPAL AIRPORT, WY US",11/13/2016,7.38,0,,65.00,31.00,,,,,,,,,,,,,
USW00094053,"TORRINGTON MUNICIPAL AIRPORT, WY US",11/14/2016,5.59,0,,70.00,24.00,,,,,,,,,,,,,
USW00094053,"TORRINGTON MUNICIPAL AIRPORT, WY US",11/15/2016,8.95,0,,70.00,38.00,,,,,,,,,,,,,
USW00094053,"TORRINGTON MUNICIPAL AIRPORT, WY US",11/16/2016,7.61,0,,76.00,30.00,,,,,,,,,,,,,
USW00094053,"TORRINGTON MUNICIPAL AIRPORT, WY US",11/17/2016,12.97,0,,38.00,26.00,,,,,,,,,,,,,
USW00094053,"TORRINGTON MUNICIPAL AIRPORT, WY US",11/18/2016,12.53,0,,35.00,15.00,,,,,,,,,,,,,
USW00094053,"TORRINGTON MUNICIPAL AIRPORT, WY US",11/19/2016,9.84,0,,44.00,12.00,,,,,,,,,,,,,
USW00094053,"TORRINGTON MUNICIPAL AIRPORT, WY US",11/20/2016,6.71,0,,70.00,20.00,,,,,,,,,,,,,
USW00094053,"TORRINGTON MUNICIPAL AIRPORT, WY US",11/21/2016,5.37,0,,56.00,29.00,,,,,,,,,,,,,
USW00094053,"TORRINGTON MUNICIPAL AIRPORT, WY US",11/22/2016,13.87,0.09,,45.00,27.00,,,,,,,,,,,,,
USW00094053,"TORRINGTON MUNICIPAL AIRPORT, WY US",11/23/2016,7.61,0,,53.00,16.00,,,,,,,,,,,,,
USW00094053,"TORRINGTON MUNICIPAL AIRPORT, WY US",11/24/2016,10.51,0,,45.00,24.00,,,,,,,,,,,,,
USW00094053,"TORRINGTON MUNICIPAL AIRPORT, WY US",11/25/2016,4.92,0,,56.00,15.00,,,,,,,,,,,,,
USW00094053,"TORRINGTON MUNICIPAL AIRPORT, WY US",11/26/2016,7.61,0,,60.00,23.00,,,,,,,,,,,,,
USW00094053,"TORRINGTON MUNICIPAL AIRPORT, WY US",11/27/2016,12.53,0.01,,48.00,25.00,,,,,,,,,,,,,
USW00094053,"TORRINGTON MUNICIPAL AIRPORT, WY US",11/28/2016,16.55,0,,47.00,30.00,,,,,,,,,,,,,
USW00094053,"TORRINGTON MUNICIPAL AIRPORT, WY US",11/29/2016,24.83,0,,34.00,28.00,,,,,,,,,,,,,
USW00094053,"TORRINGTON MUNICIPAL AIRPORT, WY US",11/30/2016,12.53,0,,40.00,13.00,,,,,,,,,,,,,
USW00094053,"TORRINGTON MUNICIPAL AIRPORT, WY US",12/1/2016,4.7,0,,42.00,7.00,,,,,,,,,,,,,
USW00094053,"TORRINGTON MUNICIPAL AIRPORT, WY US",12/2/2016,3.8,0,,40.00,14.00,,,,,,,,,,,,,
USW00094053,"TORRINGTON MUNICIPAL AIRPORT, WY US",12/3/2016,12.08,0,,43.00,15.00,,,,,,,,,,,,,
USW00094053,"TORRINGTON MUNICIPAL AIRPORT, WY US",12/4/2016,12.3,0,,49.00,24.00,,,,,,,,,,,,,
USW00094053,"TORRINGTON MUNICIPAL AIRPORT, WY US",12/5/2016,15.21,0.04,,49.00,14.00,,,,,,,,,,,,,
USW00094053,"TORRINGTON MUNICIPAL AIRPORT, WY US",12/6/2016,7.61,0,,24.00,2.00,,,,,,,,,,,,,
USW00094053,"TORRINGTON MUNICIPAL AIRPORT, WY US",12/7/2016,11.41,0.03,,13.00,-7.00,,,,,,,,,,,,,
USW00094053,"TORRINGTON MUNICIPAL AIRPORT, WY US",12/8/2016,6.71,0,,16.00,-13.00,,,,,,,,,,,,,
USW00094053,"TORRINGTON MUNICIPAL AIRPORT, WY US",12/9/2016,8.5,0,,27.00,7.00,,,,,,,,,,,,,
USW00094053,"TORRINGTON MUNICIPAL AIRPORT, WY US",12/10/2016,9.62,0,,48.00,13.00,,,,,,,,,,,,,
USW00094053,"TORRINGTON MUNICIPAL AIRPORT, WY US",12/11/2016,5.82,0.03,,35.00,14.00,,,,,,,,,,,,,
USW00094053,"TORRINGTON MUNICIPAL AIRPORT, WY US",12/12/2016,9.84,0,,41.00,4.00,,,,,,,,,,,,,
USW00094053,"TORRINGTON MUNICIPAL AIRPORT, WY US",12/13/2016,7.16,0,,37.00,-5.00,,,,,,,,,,,,,
USW00094053,"TORRINGTON MUNICIPAL AIRPORT, WY US",12/14/2016,5.59,0.04,,21.00,7.00,,,,,,,,,,,,,
USW00094053,"TORRINGTON MUNICIPAL AIRPORT, WY US",12/15/2016,9.84,0.02,,26.00,17.00,,,,,,,,,,,,,
USW00094053,"TORRINGTON MUNICIPAL AIRPORT, WY US",12/16/2016,10.51,0.17,,18.00,0.00,,,,,,,,,,,,,
USW00094053,"TORRINGTON MUNICIPAL AIRPORT, WY US",12/17/2016,6.26,0,,0.00,-23.00,,,,,,,,,,,,,
USW00094053,"TORRINGTON MUNICIPAL AIRPORT, WY US",12/18/2016,2.91,0,,17.00,-27.00,,,,,,,,,,,,,
USW00094053,"TORRINGTON MUNICIPAL AIRPORT, WY US",12/19/2016,14.32,0,,43.00,-2.00,,,,,,,,,,,,,
USW00094053,"TORRINGTON MUNICIPAL AIRPORT, WY US",12/20/2016,9.62,0,,51.00,32.00,,,,,,,,,,,,,
USW00094053,"TORRINGTON MUNICIPAL AIRPORT, WY US",12/21/2016,11.18,0,,49.00,15.00,,,,,,,,,,,,,
USW00094053,"TORRINGTON MUNICIPAL AIRPORT, WY US",12/22/2016,5.14,0,,38.00,11.00,,,,,,,,,,,,,
USW00094053,"TORRINGTON MUNICIPAL AIRPORT, WY US",12/23/2016,8.05,0,,49.00,17.00,,,,,,,,,,,,,
USW00094053,"TORRINGTON MUNICIPAL AIRPORT, WY US",12/24/2016,9.17,0,,50.00,21.00,,,,,,,,,,,,,
USW00094053,"TORRINGTON MUNICIPAL AIRPORT, WY US",12/25/2016,21.7,0.27,,33.00,10.00,,,,,,,,,,,,,
USW00094053,"TORRINGTON MUNICIPAL AIRPORT, WY US",12/26/2016,13.42,0,,36.00,10.00,,,,,,,,,,,,,
USW00094053,"TORRINGTON MUNICIPAL AIRPORT, WY US",12/27/2016,14.32,0,,50.00,25.00,,,,,,,,,,,,,
USW00094053,"TORRINGTON MUNICIPAL AIRPORT, WY US",12/28/2016,17,0,,45.00,21.00,,,,,,,,,,,,,
USW00094053,"TORRINGTON MUNICIPAL AIRPORT, WY US",12/29/2016,7.16,0,,44.00,15.00,,,,,,,,,,,,,
USW00094053,"TORRINGTON MUNICIPAL AIRPORT, WY US",12/30/2016,10.74,0,,53.00,22.00,,,,,,,,,,,,,
USW00094053,"TORRINGTON MUNICIPAL AIRPORT, WY US",12/31/2016,5.37,0,,46.00,16.00,,,,,,,,,,,,,
USW00094053,"TORRINGTON MUNICIPAL AIRPORT, WY US",1/1/2017,5.59,0,,40.00,12.00,,,,,,,,,,,,,
USW00094053,"TORRINGTON MUNICIPAL AIRPORT, WY US",1/2/2017,11.86,0,,27.00,8.00,,,,,,,,,,,,,
USW00094053,"TORRINGTON MUNICIPAL AIRPORT, WY US",1/3/2017,6.04,0.09,,13.00,7.00,,,,,,,,,,,,,
USW00094053,"TORRINGTON MUNICIPAL AIRPORT, WY US",1/4/2017,7.61,0.3,,9.00,4.00,,,,,,,,,,,,,
USW00094053,"TORRINGTON MUNICIPAL AIRPORT, WY US",1/5/2017,7.38,0,,6.00,-14.00,,,,,,,,,,,,,
USW00094053,"TORRINGTON MUNICIPAL AIRPORT, WY US",1/6/2017,5.59,0,,17.00,-20.00,,,,,,,,,,,,,
USW00094053,"TORRINGTON MUNICIPAL AIRPORT, WY US",1/7/2017,6.04,0,,15.00,-15.00,,,,,,,,,,,,,
USW00094053,"TORRINGTON MUNICIPAL AIRPORT, WY US",1/8/2017,14.32,0.03,,45.00,6.00,,,,,,,,,,,,,
USW00094053,"TORRINGTON MUNICIPAL AIRPORT, WY US",1/9/2017,12.3,0,,53.00,29.00,,,,,,,,,,,,,
USW00094053,"TORRINGTON MUNICIPAL AIRPORT, WY US",1/10/2017,13.42,0,,48.00,27.00,,,,,,,,,,,,,
USW00094053,"TORRINGTON MUNICIPAL AIRPORT, WY US",1/11/2017,11.63,0,,48.00,8.00,,,,,,,,,,,,,
USW00094053,"TORRINGTON MUNICIPAL AIRPORT, WY US",1/12/2017,8.5,0,,24.00,6.00,,,,,,,,,,,,,
USW00094053,"TORRINGTON MUNICIPAL AIRPORT, WY US",1/13/2017,4.92,0,,34.00,10.00,,,,,,,,,,,,,
USW00094053,"TORRINGTON MUNICIPAL AIRPORT, WY US",1/14/2017,4.03,0,,46.00,18.00,,,,,,,,,,,,,
USW00094053,"TORRINGTON MUNICIPAL AIRPORT, WY US",1/15/2017,2.46,0,,41.00,16.00,,,,,,,,,,,,,
USW00094053,"TORRINGTON MUNICIPAL AIRPORT, WY US",1/16/2017,8.28,0,,43.00,20.00,,,,,,,,,,,,,
USW00094053,"TORRINGTON MUNICIPAL AIRPORT, WY US",1/17/2017,4.47,0,,52.00,9.00,,,,,,,,,,,,,
USW00094053,"TORRINGTON MUNICIPAL AIRPORT, WY US",1/18/2017,3.8,0,,57.00,17.00,,,,,,,,,,,,,
USW00094053,"TORRINGTON MUNICIPAL AIRPORT, WY US",1/19/2017,6.49,0,,58.00,21.00,,,,,,,,,,,,,
USW00094053,"TORRINGTON MUNICIPAL AIRPORT, WY US",1/20/2017,7.61,0,,41.00,23.00,,,,,,,,,,,,,
USW00094053,"TORRINGTON MUNICIPAL AIRPORT, WY US",1/21/2017,3.36,0,,45.00,15.00,,,,,,,,,,,,,
USW00094053,"TORRINGTON MUNICIPAL AIRPORT, WY US",1/22/2017,9.17,0,,46.00,23.00,,,,,,,,,,,,,
USW00094053,"TORRINGTON MUNICIPAL AIRPORT, WY US",1/23/2017,6.49,0.03,,48.00,21.00,,,,,,,,,,,,,
USW00094053,"TORRINGTON MUNICIPAL AIRPORT, WY US",1/24/2017,10.74,0.07,,26.00,18.00,,,,,,,,,,,,,
USW00094053,"TORRINGTON MUNICIPAL AIRPORT, WY US",1/25/2017,10.96,0,,28.00,15.00,,,,,,,,,,,,,
USW00094053,"TORRINGTON MUNICIPAL AIRPORT, WY US",1/26/2017,10.51,0,,31.00,11.00,,,,,,,,,,,,,
USW00094053,"TORRINGTON MUNICIPAL AIRPORT, WY US",1/27/2017,10.96,0,,35.00,9.00,,,,,,,,,,,,,
USW00094053,"TORRINGTON MUNICIPAL AIRPORT, WY US",1/28/2017,14.32,0,,44.00,16.00,,,,,,,,,,,,,
USW00094053,"TORRINGTON MUNICIPAL AIRPORT, WY US",1/29/2017,14.99,0,,53.00,29.00,,,,,,,,,,,,,
USW00094053,"TORRINGTON MUNICIPAL AIRPORT, WY US",1/30/2017,17,0,,55.00,34.00,,,,,,,,,,,,,
USW00094053,"TORRINGTON MUNICIPAL AIRPORT, WY US",1/31/2017,10.51,0,,48.00,23.00,,,,,,,,,,,,,
USW00094053,"TORRINGTON MUNICIPAL AIRPORT, WY US",2/1/2017,9.84,0.02,,23.00,15.00,,,,,,,,,,,,,
USW00094053,"TORRINGTON MUNICIPAL AIRPORT, WY US",2/2/2017,10.51,0.03,,15.00,12.00,,,,,,,,,,,,,
USW00094053,"TORRINGTON MUNICIPAL AIRPORT, WY US",2/3/2017,10.74,0,,31.00,-7.00,,,,,,,,,,,,,
USW00094053,"TORRINGTON MUNICIPAL AIRPORT, WY US",2/4/2017,17,0,,54.00,14.00,,,,,,,,,,,,,
USW00094053,"TORRINGTON MUNICIPAL AIRPORT, WY US",2/5/2017,9.84,0,,59.00,38.00,,,,,,,,,,,,,
USW00094053,"TORRINGTON MUNICIPAL AIRPORT, WY US",2/6/2017,13.42,0,,57.00,31.00,,,,,,,,,,,,,
USW00094053,"TORRINGTON MUNICIPAL AIRPORT, WY US",2/7/2017,11.41,0.1,,49.00,18.00,,,,,,,,,,,,,
USW00094053,"TORRINGTON MUNICIPAL AIRPORT, WY US",2/8/2017,5.59,0.01,,34.00,11.00,,,,,,,,,,,,,
USW00094053,"TORRINGTON MUNICIPAL AIRPORT, WY US",2/9/2017,10.29,0,,67.00,21.00,,,,,,,,,,,,,
USW00094053,"TORRINGTON MUNICIPAL AIRPORT, WY US",2/10/2017,10.51,0,,69.00,46.00,,,,,,,,,,,,,
USW00094053,"TORRINGTON MUNICIPAL AIRPORT, WY US",2/11/2017,11.41,0,,54.00,30.00,,,,,,,,,,,,,
USW00094053,"TORRINGTON MUNICIPAL AIRPORT, WY US",2/12/2017,6.93,0,,53.00,19.00,,,,,,,,,,,,,
USW00094053,"TORRINGTON MUNICIPAL AIRPORT, WY US",2/13/2017,9.17,0,,54.00,19.00,,,,,,,,,,,,,
USW00094053,"TORRINGTON MUNICIPAL AIRPORT, WY US",2/14/2017,8.95,0,,53.00,22.00,,,,,,,,,,,,,
USW00094053,"TORRINGTON MUNICIPAL AIRPORT, WY US",2/15/2017,8.95,0,,65.00,20.00,,,,,,,,,,,,,
USW00094053,"TORRINGTON MUNICIPAL AIRPORT, WY US",2/16/2017,9.62,0,,71.00,28.00,,,,,,,,,,,,,
USW00094053,"TORRINGTON MUNICIPAL AIRPORT, WY US",2/17/2017,8.72,0,,65.00,31.00,,,,,,,,,,,,,
USW00094053,"TORRINGTON MUNICIPAL AIRPORT, WY US",2/18/2017,7.83,0,,67.00,34.00,,,,,,,,,,,,,
USW00094053,"TORRINGTON MUNICIPAL AIRPORT, WY US",2/19/2017,6.71,0,,63.00,29.00,,,,,,,,,,,,,
USW00094053,"TORRINGTON MUNICIPAL AIRPORT, WY US",2/20/2017,12.53,0,,63.00,32.00,,,,,,,,,,,,,
USW00094053,"TORRINGTON MUNICIPAL AIRPORT, WY US",2/21/2017,19.01,0,,70.00,32.00,,,,,,,,,,,,,
USW00094053,"TORRINGTON MUNICIPAL AIRPORT, WY US",2/22/2017,14.54,0.06,,54.00,32.00,,,,,,,,,,,,,
USW00094053,"TORRINGTON MUNICIPAL AIRPORT, WY US",2/23/2017,12.97,0.91,,32.00,21.00,,,,,,,,,,,,,
USW00094053,"TORRINGTON MUNICIPAL AIRPORT, WY US",2/24/2017,3.8,0.02,,26.00,5.00,,,,,,,,,,,,,
USW00094053,"TORRINGTON MUNICIPAL AIRPORT, WY US",2/25/2017,8.95,0,,27.00,-3.00,,,,,,,,,,,,,
USW00094053,"TORRINGTON MUNICIPAL AIRPORT, WY US",2/26/2017,8.72,0,,31.00,7.00,,,,,,,,,,,,,
USW00094053,"TORRINGTON MUNICIPAL AIRPORT, WY US",2/27/2017,6.71,0,,35.00,5.00,,,,,,,,,,,,,
USW00094053,"TORRINGTON MUNICIPAL AIRPORT, WY US",2/28/2017,12.75,0,,33.00,22.00,,,,,,,,,,,,,
USW00094053,"TORRINGTON MUNICIPAL AIRPORT, WY US",3/1/2017,17.22,0,,35.00,14.00,,,,,,,,,,,,,
USW00094053,"TORRINGTON MUNICIPAL AIRPORT, WY US",3/2/2017,7.16,0,,34.00,17.00,,,,,,,,,,,,,
USW00094053,"TORRINGTON MUNICIPAL AIRPORT, WY US",3/3/2017,8.5,0,,49.00,19.00,,,,,,,,,,,,,
USW00094053,"TORRINGTON MUNICIPAL AIRPORT, WY US",3/4/2017,4.7,0,,55.00,26.00,,,,,,,,,,,,,
USW00094053,"TORRINGTON MUNICIPAL AIRPORT, WY US",3/5/2017,4.25,0,,57.00,24.00,,,,,,,,,,,,,
USW00094053,"TORRINGTON MUNICIPAL AIRPORT, WY US",3/6/2017,19.24,0,,40.00,26.00,,,,,,,,,,,,,
USW00094053,"TORRINGTON MUNICIPAL AIRPORT, WY US",3/7/2017,21.03,0,,45.00,26.00,,,,,,,,,,,,,
USW00094053,"TORRINGTON MUNICIPAL AIRPORT, WY US",3/8/2017,21.25,0,,59.00,31.00,,,,,,,,,,,,,
USW00094053,"TORRINGTON MUNICIPAL AIRPORT, WY US",3/9/2017,15.88,0,,64.00,24.00,,,,,,,,,,,,,
USW00094053,"TORRINGTON MUNICIPAL AIRPORT, WY US",3/10/2017,12.3,0.05,,63.00,24.00,,,,,,,,,,,,,
USW00094053,"TORRINGTON MUNICIPAL AIRPORT, WY US",3/11/2017,8.05,0.1,,55.00,32.00,,,,,,,,,,,,,
USW00094053,"TORRINGTON MUNICIPAL AIRPORT, WY US",3/12/2017,18.12,0,,55.00,30.00,,,,,,,,,,,,,
USW00094053,"TORRINGTON MUNICIPAL AIRPORT, WY US",3/13/2017,7.38,0,,46.00,19.00,,,,,,,,,,,,,
USW00094053,"TORRINGTON MUNICIPAL AIRPORT, WY US",3/14/2017,6.93,0,,62.00,33.00,,,,,,,,,,,,,
USW00094053,"TORRINGTON MUNICIPAL AIRPORT, WY US",3/15/2017,3.8,0,,74.00,29.00,,,,,,,,,,,,,
USW00094053,"TORRINGTON MUNICIPAL AIRPORT, WY US",3/16/2017,13.65,0,,76.00,34.00,,,,,,,,,,,,,
USW00094053,"TORRINGTON MUNICIPAL AIRPORT, WY US",3/17/2017,6.71,0,,61.00,36.00,,,,,,,,,,,,,
USW00094053,"TORRINGTON MUNICIPAL AIRPORT, WY US",3/18/2017,6.93,0,,82.00,33.00,,,,,,,,,,,,,
USW00094053,"TORRINGTON MUNICIPAL AIRPORT, WY US",3/19/2017,12.53,0,,78.00,40.00,,,,,,,,,,,,,
USW00094053,"TORRINGTON MUNICIPAL AIRPORT, WY US",3/20/2017,8.72,0.01,,62.00,42.00,,,,,,,,,,,,,
USW00094053,"TORRINGTON MUNICIPAL AIRPORT, WY US",3/21/2017,15.21,0,,59.00,32.00,,,,,,,,,,,,,
USW00094053,"TORRINGTON MUNICIPAL AIRPORT, WY US",3/22/2017,14.54,0,,73.00,32.00,,,,,,,,,,,,,
USW00094053,"TORRINGTON MUNICIPAL AIRPORT, WY US",3/23/2017,10.29,0.02,,70.00,35.00,,,,,,,,,,,,,
USW00094053,"TORRINGTON MUNICIPAL AIRPORT, WY US",3/24/2017,11.18,0,,61.00,32.00,,,,,,,,,,,,,
USW00094053,"TORRINGTON MUNICIPAL AIRPORT, WY US",3/25/2017,6.93,0,,66.00,28.00,,,,,,,,,,,,,
USW00094053,"TORRINGTON MUNICIPAL AIRPORT, WY US",3/26/2017,8.72,0,,50.00,29.00,,,,,,,,,,,,,
USW00094053,"TORRINGTON MUNICIPAL AIRPORT, WY US",3/27/2017,7.38,0.33,,67.00,24.00,,,,,,,,,,,,,
USW00094053,"TORRINGTON MUNICIPAL AIRPORT, WY US",3/28/2017,10.74,0.31,,46.00,39.00,,,,,,,,,,,,,
USW00094053,"TORRINGTON MUNICIPAL AIRPORT, WY US",3/29/2017,7.61,0.02,,61.00,37.00,,,,,,,,,,,,,
USW00094053,"TORRINGTON MUNICIPAL AIRPORT, WY US",3/30/2017,7.16,0,,64.00,33.00,,,,,,,,,,,,,
USW00094053,"TORRINGTON MUNICIPAL AIRPORT, WY US",3/31/2017,9.62,0.67,,44.00,32.00,,,,,,,,,,,,,
USW00094053,"TORRINGTON MUNICIPAL AIRPORT, WY US",4/1/2017,5.37,0.03,,48.00,33.00,,,,,,,,,,,,,
USW00094053,"TORRINGTON MUNICIPAL AIRPORT, WY US",4/2/2017,8.95,0.03,,61.00,28.00,,,,,,,,,,,,,
USW00094053,"TORRINGTON MUNICIPAL AIRPORT, WY US",4/3/2017,11.63,0,,50.00,31.00,,,,,,,,,,,,,
USW00094053,"TORRINGTON MUNICIPAL AIRPORT, WY US",4/4/2017,8.95,0.1,,46.00,29.00,,,,,,,,,,,,,
USW00094053,"TORRINGTON MUNICIPAL AIRPORT, WY US",4/5/2017,8.28,0,,58.00,26.00,,,,,,,,,,,,,
USW00094053,"TORRINGTON MUNICIPAL AIRPORT, WY US",4/6/2017,7.38,0,,69.00,27.00,,,,,,,,,,,,,
USW00094053,"TORRINGTON MUNICIPAL AIRPORT, WY US",4/7/2017,10.29,0,,81.00,39.00,,,,,,,,,,,,,
USW00094053,"TORRINGTON MUNICIPAL AIRPORT, WY US",4/8/2017,8.28,0,,76.00,43.00,,,,,,,,,,,,,
USW00094053,"TORRINGTON MUNICIPAL AIRPORT, WY US",4/9/2017,19.91,0,,58.00,35.00,,,,,,,,,,,,,
USW00094053,"TORRINGTON MUNICIPAL AIRPORT, WY US",4/10/2017,13.87,0,,55.00,31.00,,,,,,,,,,,,,
USW00094053,"TORRINGTON MUNICIPAL AIRPORT, WY US",4/11/2017,8.72,0,,68.00,27.00,,,,,,,,,,,,,
USW00094053,"TORRINGTON MUNICIPAL AIRPORT, WY US",4/12/2017,8.95,0,,71.00,37.00,,,,,,,,,,,,,
USW00094053,"TORRINGTON MUNICIPAL AIRPORT, WY US",4/13/2017,19.01,0,,79.00,34.00,,,,,,,,,,,,,
USW00094053,"TORRINGTON MUNICIPAL AIRPORT, WY US",4/14/2017,10.51,0,,76.00,47.00,,,,,,,,,,,,,
USW00094053,"TORRINGTON MUNICIPAL AIRPORT, WY US",4/15/2017,9.62,0,,65.00,36.00,,,,,,,,,,,,,
USW00094053,"TORRINGTON MUNICIPAL AIRPORT, WY US",4/16/2017,6.93,0,,71.00,28.00,,,,,,,,,,,,,
USW00094053,"TORRINGTON MUNICIPAL AIRPORT, WY US",4/17/2017,12.3,0,,78.00,41.00,,,,,,,,,,,,,
USW00094053,"TORRINGTON MUNICIPAL AIRPORT, WY US",4/18/2017,8.95,0,,70.00,36.00,,,,,,,,,,,,,
USW00094053,"TORRINGTON MUNICIPAL AIRPORT, WY US",4/19/2017,16.33,0,,65.00,38.00,,,,,,,,,,,,,
USW00094053,"TORRINGTON MUNICIPAL AIRPORT, WY US",4/20/2017,6.93,0,,65.00,29.00,,,,,,,,,,,,,
USW00094053,"TORRINGTON MUNICIPAL AIRPORT, WY US",4/21/2017,9.62,0.33,,48.00,42.00,,,,,,,,,,,,,
USW00094053,"TORRINGTON MUNICIPAL AIRPORT, WY US",4/22/2017,9.62,0,,63.00,36.00,,,,,,,,,,,,,
USW00094053,"TORRINGTON MUNICIPAL AIRPORT, WY US",4/23/2017,9.84,0,,76.00,39.00,,,,,,,,,,,,,
USW00094053,"TORRINGTON MUNICIPAL AIRPORT, WY US",4/24/2017,10.51,0.39,,68.00,44.00,,,,,,,,,,,,,
USW00094053,"TORRINGTON MUNICIPAL AIRPORT, WY US",4/25/2017,11.86,0.01,,52.00,30.00,,,,,,,,,,,,,
USW00094053,"TORRINGTON MUNICIPAL AIRPORT, WY US",4/26/2017,5.82,0.02,,59.00,26.00,,,,,,,,,,,,,
USW00094053,"TORRINGTON MUNICIPAL AIRPORT, WY US",4/27/2017,8.5,0.08,,50.00,35.00,,,,,,,,,,,,,
USW00094053,"TORRINGTON MUNICIPAL AIRPORT, WY US",4/28/2017,11.86,0.33,,41.00,32.00,,,,,,,,,,,,,
USW00094053,"TORRINGTON MUNICIPAL AIRPORT, WY US",4/29/2017,9.84,0,,46.00,30.00,,,,,,,,,,,,,
USW00094053,"TORRINGTON MUNICIPAL AIRPORT, WY US",4/30/2017,13.42,0,,60.00,28.00,,,,,,,,,,,,,
USW00094053,"TORRINGTON MUNICIPAL AIRPORT, WY US",5/1/2017,13.87,0,,56.00,32.00,,,,,,,,,,,,,
USW00094053,"TORRINGTON MUNICIPAL AIRPORT, WY US",5/2/2017,6.93,0.2,,58.00,40.00,,,,,,,,,,,,,
USW00094053,"TORRINGTON MUNICIPAL AIRPORT, WY US",5/3/2017,11.86,0,,58.00,35.00,,,,,,,,,,,,,
USW00094053,"TORRINGTON MUNICIPAL AIRPORT, WY US",5/4/2017,6.93,0,,75.00,30.00,,,,,,,,,,,,,
USW00094053,"TORRINGTON MUNICIPAL AIRPORT, WY US",5/5/2017,4.03,0,,80.00,39.00,,,,,,,,,,,,,
USW00094053,"TORRINGTON MUNICIPAL AIRPORT, WY US",5/6/2017,8.72,0,,89.00,45.00,,,,,,,,,,,,,
USW00094053,"TORRINGTON MUNICIPAL AIRPORT, WY US",5/7/2017,8.28,0.06,,85.00,47.00,,,,,,,,,,,,,
USW00094053,"TORRINGTON MUNICIPAL AIRPORT, WY US",5/8/2017,9.4,0,,69.00,48.00,,,,,,,,,,,,,
USW00094053,"TORRINGTON MUNICIPAL AIRPORT, WY US",5/9/2017,12.53,0.08,,65.00,49.00,,,,,,,,,,,,,
USW00094053,"TORRINGTON MUNICIPAL AIRPORT, WY US",5/10/2017,9.17,0.03,,56.00,42.00,,,,,,,,,,,,,
USW00094053,"TORRINGTON MUNICIPAL AIRPORT, WY US",5/11/2017,6.49,0,,70.00,37.00,,,,,,,,,,,,,
USW00094053,"TORRINGTON MUNICIPAL AIRPORT, WY US",5/12/2017,15.21,0,,83.00,43.00,,,,,,,,,,,,,
USW00094053,"TORRINGTON MUNICIPAL AIRPORT, WY US",5/13/2017,14.32,0,,89.00,48.00,,,,,,,,,,,,,
USW00094053,"TORRINGTON MUNICIPAL AIRPORT, WY US",5/14/2017,12.08,0,,75.00,50.00,,,,,,,,,,,,,
USW00094053,"TORRINGTON MUNICIPAL AIRPORT, WY US",5/15/2017,11.86,0.74,,79.00,50.00,,,,,,,,,,,,,
USW00094053,"TORRINGTON MUNICIPAL AIRPORT, WY US",5/16/2017,8.5,0.18,,71.00,48.00,,,,,,,,,,,,,
USW00094053,"TORRINGTON MUNICIPAL AIRPORT, WY US",5/17/2017,11.18,0.68,,65.00,42.00,,,,,,,,,,,,,
USW00094053,"TORRINGTON MUNICIPAL AIRPORT, WY US",5/18/2017,13.42,0.87,,46.00,32.00,,,,,,,,,,,,,
USW00094053,"TORRINGTON MUNICIPAL AIRPORT, WY US",5/19/2017,10.96,0.29,,42.00,36.00,,,,,,,,,,,,,
USW00094053,"TORRINGTON MUNICIPAL AIRPORT, WY US",5/20/2017,8.72,0.02,,59.00,37.00,,,,,,,,,,,,,
USW00094053,"TORRINGTON MUNICIPAL AIRPORT, WY US",5/21/2017,7.83,0.04,,64.00,35.00,,,,,,,,,,,,,
USW00094053,"TORRINGTON MUNICIPAL AIRPORT, WY US",5/22/2017,12.08,0,,57.00,38.00,,,,,,,,,,,,,
USW00094053,"TORRINGTON MUNICIPAL AIRPORT, WY US",5/23/2017,11.63,0,,64.00,39.00,,,,,,,,,,,,,
USW00094053,"TORRINGTON MUNICIPAL AIRPORT, WY US",5/24/2017,9.17,0,,86.00,37.00,,,,,,,,,,,,,
USW00094053,"TORRINGTON MUNICIPAL AIRPORT, WY US",5/25/2017,9.84,0,,73.00,47.00,,,,,,,,,,,,,
USW00094053,"TORRINGTON MUNICIPAL AIRPORT, WY US",5/26/2017,7.38,0.29,,63.00,39.00,,,,,,,,,,,,,
USW00094053,"TORRINGTON MUNICIPAL AIRPORT, WY US",5/27/2017,8.95,0.12,,67.00,45.00,,,,,,,,,,,,,
USW00094053,"TORRINGTON MUNICIPAL AIRPORT, WY US",5/28/2017,10.51,0.01,,73.00,40.00,,,,,,,,,,,,,
USW00094053,"TORRINGTON MUNICIPAL AIRPORT, WY US",5/29/2017,10.29,0,,72.00,44.00,,,,,,,,,,,,,
USW00094053,"TORRINGTON MUNICIPAL AIRPORT, WY US",5/30/2017,6.49,0,,78.00,38.00,,,,,,,,,,,,,
USW00094053,"TORRINGTON MUNICIPAL AIRPORT, WY US",5/31/2017,11.63,0,,81.00,45.00,,,,,,,,,,,,,
USW00094053,"TORRINGTON MUNICIPAL AIRPORT, WY US",6/1/2017,8.95,0,,87.00,49.00,,,,,,,,,,,,,
USW00094053,"TORRINGTON MUNICIPAL AIRPORT, WY US",6/2/2017,7.61,0,,80.00,49.00,,,,,,,,,,,,,
USW00094053,"TORRINGTON MUNICIPAL AIRPORT, WY US",6/3/2017,6.49,0,,81.00,49.00,,,,,,,,,,,,,
USW00094053,"TORRINGTON MUNICIPAL AIRPORT, WY US",6/4/2017,7.83,0,,85.00,47.00,,,,,,,,,,,,,
USW00094053,"TORRINGTON MUNICIPAL AIRPORT, WY US",6/5/2017,11.63,0,,92.00,53.00,,,,,,,,,,,,,
USW00094053,"TORRINGTON MUNICIPAL AIRPORT, WY US",6/6/2017,7.61,0,,78.00,57.00,,,,,,,,,,,,,
USW00094053,"TORRINGTON MUNICIPAL AIRPORT, WY US",6/7/2017,10.74,0.04,,85.00,51.00,,,,,,,,,,,,,
USW00094053,"TORRINGTON MUNICIPAL AIRPORT, WY US",6/8/2017,8.28,0,,88.00,56.00,,,,,,,,,,,,,
USW00094053,"TORRINGTON MUNICIPAL AIRPORT, WY US",6/9/2017,11.86,0,,95.00,55.00,,,,,,,,,,,,,
USW00094053,"TORRINGTON MUNICIPAL AIRPORT, WY US",6/10/2017,10.07,0,,84.00,56.00,,,,,,,,,,,,,
USW00094053,"TORRINGTON MUNICIPAL AIRPORT, WY US",6/11/2017,11.86,0,,82.00,58.00,,,,,,,,,,,,,
USW00094053,"TORRINGTON MUNICIPAL AIRPORT, WY US",6/12/2017,15.21,0,,84.00,61.00,,,,,,,,,,,,,
USW00094053,"TORRINGTON MUNICIPAL AIRPORT, WY US",6/13/2017,11.63,0.07,,76.00,44.00,,,,,,,,,,,,,
USW00094053,"TORRINGTON MUNICIPAL AIRPORT, WY US",6/14/2017,14.99,0,,83.00,53.00,,,,,,,,,,,,,
USW00094053,"TORRINGTON MUNICIPAL AIRPORT, WY US",6/15/2017,7.16,0,,87.00,45.00,,,,,,,,,,,,,
USW00094053,"TORRINGTON MUNICIPAL AIRPORT, WY US",6/16/2017,10.74,0,,91.00,51.00,,,,,,,,,,,,,
USW00094053,"TORRINGTON MUNICIPAL AIRPORT, WY US",6/17/2017,10.51,0.11,,72.00,50.00,,,,,,,,,,,,,
USW00094053,"TORRINGTON MUNICIPAL AIRPORT, WY US",6/18/2017,7.16,0,,82.00,46.00,,,,,,,,,,,,,
USW00094053,"TORRINGTON MUNICIPAL AIRPORT, WY US",6/19/2017,5.82,0,,84.00,50.00,,,,,,,,,,,,,
USW00094053,"TORRINGTON MUNICIPAL AIRPORT, WY US",6/20/2017,3.58,0,,94.00,52.00,,,,,,,,,,,,,
USW00094053,"TORRINGTON MUNICIPAL AIRPORT, WY US",6/21/2017,7.61,0,,97.00,56.00,,,,,,,,,,,,,
USW00094053,"TORRINGTON MUNICIPAL AIRPORT, WY US",6/22/2017,12.97,0.03,,83.00,59.00,,,,,,,,,,,,,
USW00094053,"TORRINGTON MUNICIPAL AIRPORT, WY US",6/23/2017,10.29,0,,74.00,51.00,,,,,,,,,,,,,
USW00094053,"TORRINGTON MUNICIPAL AIRPORT, WY US",6/24/2017,5.59,0,,78.00,49.00,,,,,,,,,,,,,
USW00094053,"TORRINGTON MUNICIPAL AIRPORT, WY US",6/25/2017,7.83,0,,81.00,52.00,,,,,,,,,,,,,
USW00094053,"TORRINGTON MUNICIPAL AIRPORT, WY US",6/26/2017,9.62,0,,85.00,48.00,,,,,,,,,,,,,
USW00094053,"TORRINGTON MUNICIPAL AIRPORT, WY US",6/27/2017,11.86,0.01,,93.00,57.00,,,,,,,,,,,,,
USW00094053,"TORRINGTON MUNICIPAL AIRPORT, WY US",6/28/2017,6.04,0,,90.00,51.00,,,,,,,,,,,,,
USW00094053,"TORRINGTON MUNICIPAL AIRPORT, WY US",6/29/2017,11.18,0.01,,81.00,53.00,,,,,,,,,,,,,
USW00094053,"TORRINGTON MUNICIPAL AIRPORT, WY US",6/30/2017,6.71,0,,79.00,50.00,,,,,,,,,,,,,
USW00094053,"TORRINGTON MUNICIPAL AIRPORT, WY US",7/1/2017,4.7,0,,91.00,49.00,,,,,,,,,,,,,
USW00094053,"TORRINGTON MUNICIPAL AIRPORT, WY US",7/2/2017,7.61,0.15,,95.00,54.00,,,,,,,,,,,,,
USW00094053,"TORRINGTON MUNICIPAL AIRPORT, WY US",7/3/2017,8.28,0.02,,95.00,60.00,,,,,,,,,,,,,
USW00094053,"TORRINGTON MUNICIPAL AIRPORT, WY US",7/4/2017,6.93,0,,98.00,55.00,,,,,,,,,,,,,
USW00094053,"TORRINGTON MUNICIPAL AIRPORT, WY US",7/5/2017,4.92,0,,101.00,57.00,,,,,,,,,,,,,
USW00094053,"TORRINGTON MUNICIPAL AIRPORT, WY US",7/6/2017,9.4,0,,99.00,62.00,,,,,,,,,,,,,
USW00094053,"TORRINGTON MUNICIPAL AIRPORT, WY US",7/7/2017,6.71,0,,91.00,58.00,,,,,,,,,,,,,
USW00094053,"TORRINGTON MUNICIPAL AIRPORT, WY US",7/8/2017,6.71,0,,96.00,59.00,,,,,,,,,,,,,
USW00094053,"TORRINGTON MUNICIPAL AIRPORT, WY US",7/9/2017,6.71,0,,102.00,57.00,,,,,,,,,,,,,
USW00094053,"TORRINGTON MUNICIPAL AIRPORT, WY US",7/10/2017,6.04,0,,94.00,63.00,,,,,,,,,,,,,
USW00094053,"TORRINGTON MUNICIPAL AIRPORT, WY US",7/11/2017,8.5,0.11,,99.00,60.00,,,,,,,,,,,,,
USW00094053,"TORRINGTON MUNICIPAL AIRPORT, WY US",7/12/2017,8.28,0,,83.00,62.00,,,,,,,,,,,,,
USW00094053,"TORRINGTON MUNICIPAL AIRPORT, WY US",7/13/2017,10.29,0,,92.00,55.00,,,,,,,,,,,,,
USW00094053,"TORRINGTON MUNICIPAL AIRPORT, WY US",7/14/2017,10.07,0,,95.00,59.00,,,,,,,,,,,,,
USW00094053,"TORRINGTON MUNICIPAL AIRPORT, WY US",7/15/2017,8.5,0,,94.00,60.00,,,,,,,,,,,,,
USW00094053,"TORRINGTON MUNICIPAL AIRPORT, WY US",7/16/2017,10.96,0,,95.00,56.00,,,,,,,,,,,,,
USW00094053,"TORRINGTON MUNICIPAL AIRPORT, WY US",7/17/2017,6.26,0,,99.00,62.00,,,,,,,,,,,,,
USW00094053,"TORRINGTON MUNICIPAL AIRPORT, WY US",7/18/2017,9.62,0,,93.00,64.00,,,,,,,,,,,,,
USW00094053,"TORRINGTON MUNICIPAL AIRPORT, WY US",7/19/2017,12.08,0.66,,105.00,66.00,,,,,,,,,,,,,
USW00094053,"TORRINGTON MUNICIPAL AIRPORT, WY US",7/20/2017,8.5,0,,92.00,67.00,,,,,,,,,,,,,
USW00094053,"TORRINGTON MUNICIPAL AIRPORT, WY US",7/21/2017,7.16,0,,97.00,63.00,,,,,,,,,,,,,
USW00094053,"TORRINGTON MUNICIPAL AIRPORT, WY US",7/22/2017,6.71,0,,93.00,61.00,,,,,,,,,,,,,
USW00094053,"TORRINGTON MUNICIPAL AIRPORT, WY US",7/23/2017,8.28,0,,95.00,60.00,,,,,,,,,,,,,
USW00094053,"TORRINGTON MUNICIPAL AIRPORT, WY US",7/24/2017,6.49,0,,102.00,69.00,,,,,,,,,,,,,
USW00094053,"TORRINGTON MUNICIPAL AIRPORT, WY US",7/25/2017,9.62,0,,94.00,65.00,,,,,,,,,,,,,
USW00094053,"TORRINGTON MUNICIPAL AIRPORT, WY US",7/26/2017,9.17,0.14,,81.00,61.00,,,,,,,,,,,,,
USW00094053,"TORRINGTON MUNICIPAL AIRPORT, WY US",7/27/2017,12.97,0.39,,90.00,62.00,,,,,,,,,,,,,
USW00094053,"TORRINGTON MUNICIPAL AIRPORT, WY US",7/28/2017,7.61,0.03,,87.00,63.00,,,,,,,,,,,,,
USW00094053,"TORRINGTON MUNICIPAL AIRPORT, WY US",7/29/2017,5.82,0,,86.00,62.00,,,,,,,,,,,,,
USW00094053,"TORRINGTON MUNICIPAL AIRPORT, WY US",7/30/2017,4.7,0.03,,91.00,59.00,,,,,,,,,,,,,
USW00094053,"TORRINGTON MUNICIPAL AIRPORT, WY US",7/31/2017,9.17,0,,92.00,60.00,,,,,,,,,,,,,
USW00094053,"TORRINGTON MUNICIPAL AIRPORT, WY US",8/1/2017,8.28,0,,90.00,56.00,,,,,,,,,,,,,
USW00094053,"TORRINGTON MUNICIPAL AIRPORT, WY US",8/2/2017,12.3,0,,87.00,59.00,,,,,,,,,,,,,
USW00094053,"TORRINGTON MUNICIPAL AIRPORT, WY US",8/3/2017,6.26,0,,74.00,54.00,,,,,,,,,,,,,
USW00094053,"TORRINGTON MUNICIPAL AIRPORT, WY US",8/4/2017,11.63,0.04,,89.00,49.00,,,,,,,,,,,,,
USW00094053,"TORRINGTON MUNICIPAL AIRPORT, WY US",8/5/2017,10.96,0,,84.00,57.00,,,,,,,,,,,,,
USW00094053,"TORRINGTON MUNICIPAL AIRPORT, WY US",8/6/2017,9.4,0.26,,79.00,55.00,,,,,,,,,,,,,
USW00094053,"TORRINGTON MUNICIPAL AIRPORT, WY US",8/7/2017,7.61,0,,77.00,57.00,,,,,,,,,,,,,
USW00094053,"TORRINGTON MUNICIPAL AIRPORT, WY US",8/8/2017,7.61,0,,84.00,58.00,,,,,,,,,,,,,
USW00094053,"TORRINGTON MUNICIPAL AIRPORT, WY US",8/9/2017,6.49,0.06,,82.00,62.00,,,,,,,,,,,,,
USW00094053,"TORRINGTON MUNICIPAL AIRPORT, WY US",8/10/2017,7.38,0.09,,68.00,52.00,,,,,,,,,,,,,
USW00094053,"TORRINGTON MUNICIPAL AIRPORT, WY US",8/11/2017,10.29,0,,83.00,48.00,,,,,,,,,,,,,
USW00094053,"TORRINGTON MUNICIPAL AIRPORT, WY US",8/12/2017,7.16,0,,86.00,52.00,,,,,,,,,,,,,
USW00094053,"TORRINGTON MUNICIPAL AIRPORT, WY US",8/13/2017,6.26,0,,85.00,53.00,,,,,,,,,,,,,
USW00094053,"TORRINGTON MUNICIPAL AIRPORT, WY US",8/14/2017,5.82,0.25,,92.00,53.00,,,,,,,,,,,,,
USW00094053,"TORRINGTON MUNICIPAL AIRPORT, WY US",8/15/2017,6.04,0.09,,81.00,58.00,,,,,,,,,,,,,
USW00094053,"TORRINGTON MUNICIPAL AIRPORT, WY US",8/16/2017,7.61,0,,79.00,53.00,,,,,,,,,,,,,
USW00094053,"TORRINGTON MUNICIPAL AIRPORT, WY US",8/17/2017,5.59,0,,90.00,49.00,,,,,,,,,,,,,
USW00094053,"TORRINGTON MUNICIPAL AIRPORT, WY US",8/18/2017,5.82,0,,90.00,51.00,,,,,,,,,,,,,
USW00094053,"TORRINGTON MUNICIPAL AIRPORT, WY US",8/19/2017,6.71,0,,95.00,52.00,,,,,,,,,,,,,
USW00094053,"TORRINGTON MUNICIPAL AIRPORT, WY US",8/20/2017,9.4,0,,87.00,52.00,,,,,,,,,,,,,
USW00094053,"TORRINGTON MUNICIPAL AIRPORT, WY US",8/21/2017,9.62,0,,85.00,57.00,,,,,,,,,,,,,
USW00094053,"TORRINGTON MUNICIPAL AIRPORT, WY US",8/22/2017,11.41,0,,87.00,49.00,,,,,,,,,,,,,
USW00094053,"TORRINGTON MUNICIPAL AIRPORT, WY US",8/23/2017,6.49,0.01,,92.00,52.00,,,,,,,,,,,,,
USW00094053,"TORRINGTON MUNICIPAL AIRPORT, WY US",8/24/2017,7.38,0.05,,91.00,57.00,,,,,,,,,,,,,
USW00094053,"TORRINGTON MUNICIPAL AIRPORT, WY US",8/25/2017,8.05,0,,90.00,55.00,,,,,,,,,,,,,
USW00094053,"TORRINGTON MUNICIPAL AIRPORT, WY US",8/26/2017,6.26,0,,97.00,56.00,,,,,,,,,,,,,
USW00094053,"TORRINGTON MUNICIPAL AIRPORT, WY US",8/27/2017,6.49,0,,87.00,54.00,,,,,,,,,,,,,
USW00094053,"TORRINGTON MUNICIPAL AIRPORT, WY US",8/28/2017,7.61,0,,93.00,53.00,,,,,,,,,,,,,
USW00094053,"TORRINGTON MUNICIPAL AIRPORT, WY US",8/29/2017,6.26,0,,95.00,54.00,,,,,,,,,,,,,
USW00094053,"TORRINGTON MUNICIPAL AIRPORT, WY US",8/30/2017,11.41,0,,90.00,57.00,,,,,,,,,,,,,
USW00094053,"TORRINGTON MUNICIPAL AIRPORT, WY US",8/31/2017,9.62,0.01,,88.00,57.00,,,,,,,,,,,,,
USW00094053,"TORRINGTON MUNICIPAL AIRPORT, WY US",9/1/2017,8.5,0,,90.00,58.00,,,,,,,,,,,,,
USW00094053,"TORRINGTON MUNICIPAL AIRPORT, WY US",9/2/2017,5.82,0,,91.00,50.00,,,,,,,,,,,,,
USW00094053,"TORRINGTON MUNICIPAL AIRPORT, WY US",9/3/2017,7.61,0,,98.00,51.00,,,,,,,,,,,,,
USW00094053,"TORRINGTON MUNICIPAL AIRPORT, WY US",9/4/2017,8.72,0,,77.00,46.00,,,,,,,,,,,,,
USW00094053,"TORRINGTON MUNICIPAL AIRPORT, WY US",9/5/2017,4.47,0,,74.00,45.00,,,,,,,,,,,,,
USW00094053,"TORRINGTON MUNICIPAL AIRPORT, WY US",9/6/2017,5.82,0,,78.00,37.00,,,,,,,,,,,,,
USW00094053,"TORRINGTON MUNICIPAL AIRPORT, WY US",9/7/2017,6.26,0,,86.00,48.00,,,,,,,,,,,,,
USW00094053,"TORRINGTON MUNICIPAL AIRPORT, WY US",9/8/2017,9.62,0,,87.00,50.00,,,,,,,,,,,,,
USW00094053,"TORRINGTON MUNICIPAL AIRPORT, WY US",9/9/2017,6.93,0,,94.00,57.00,,,,,,,,,,,,,
USW00094053,"TORRINGTON MUNICIPAL AIRPORT, WY US",9/10/2017,7.38,0,,95.00,51.00,,,,,,,,,,,,,
USW00094053,"TORRINGTON MUNICIPAL AIRPORT, WY US",9/11/2017,6.04,0,,92.00,60.00,,,,,,,,,,,,,
USW00094053,"TORRINGTON MUNICIPAL AIRPORT, WY US",9/12/2017,5.37,0,,95.00,56.00,,,,,,,,,,,,,
USW00094053,"TORRINGTON MUNICIPAL AIRPORT, WY US",9/13/2017,6.93,0,,94.00,53.00,,,,,,,,,,,,,
USW00094053,"TORRINGTON MUNICIPAL AIRPORT, WY US",9/14/2017,5.82,0,,87.00,56.00,,,,,,,,,,,,,
USW00094053,"TORRINGTON MUNICIPAL AIRPORT, WY US",9/15/2017,8.72,0.21,,80.00,49.00,,,,,,,,,,,,,
USW00094053,"TORRINGTON MUNICIPAL AIRPORT, WY US",9/16/2017,6.04,0.05,,67.00,43.00,,,,,,,,,,,,,
USW00094053,"TORRINGTON MUNICIPAL AIRPORT, WY US",9/17/2017,8.5,0.16,,76.00,40.00,,,,,,,,,,,,,
USW00094053,"TORRINGTON MUNICIPAL AIRPORT, WY US",9/18/2017,5.82,0,,84.00,40.00,,,,,,,,,,,,,
USW00094053,"TORRINGTON MUNICIPAL AIRPORT, WY US",9/19/2017,13.2,0,,83.00,50.00,,,,,,,,,,,,,
USW00094053,"TORRINGTON MUNICIPAL AIRPORT, WY US",9/20/2017,11.41,0,,76.00,45.00,,,,,,,,,,,,,
USW00094053,"TORRINGTON MUNICIPAL AIRPORT, WY US",9/21/2017,11.41,0,,89.00,45.00,,,,,,,,,,,,,
USW00094053,"TORRINGTON MUNICIPAL AIRPORT, WY US",9/22/2017,9.4,0,,70.00,40.00,,,,,,,,,,,,,
USW00094053,"TORRINGTON MUNICIPAL AIRPORT, WY US",9/23/2017,7.38,0.28,,48.00,43.00,,,,,,,,,,,,,
USW00094053,"TORRINGTON MUNICIPAL AIRPORT, WY US",9/24/2017,8.28,0.15,,51.00,44.00,,,,,,,,,,,,,
USW00094053,"TORRINGTON MUNICIPAL AIRPORT, WY US",9/25/2017,4.47,0.02,,56.00,38.00,,,,,,,,,,,,,
USW00094053,"TORRINGTON MUNICIPAL AIRPORT, WY US",9/26/2017,5.59,0,,65.00,35.00,,,,,,,,,,,,,
USW00094053,"TORRINGTON MUNICIPAL AIRPORT, WY US",9/27/2017,3.8,0,,58.00,35.00,,,,,,,,,,,,,
USW00094053,"TORRINGTON MUNICIPAL AIRPORT, WY US",9/28/2017,4.25,0.07,,60.00,45.00,,,,,,,,,,,,,
USW00094053,"TORRINGTON MUNICIPAL AIRPORT, WY US",9/29/2017,10.96,0,,60.00,47.00,,,,,,,,,,,,,
USW00094053,"TORRINGTON MUNICIPAL AIRPORT, WY US",9/30/2017,7.38,0,,75.00,46.00,,,,,,,,,,,,,
USW00094053,"TORRINGTON MUNICIPAL AIRPORT, WY US",10/1/2017,9.84,0,,63.00,43.00,,,,,,,,,,,,,
USW00094053,"TORRINGTON MUNICIPAL AIRPORT, WY US",10/2/2017,4.25,0.27,,47.00,34.00,,,,,,,,,,,,,
USW00094053,"TORRINGTON MUNICIPAL AIRPORT, WY US",10/3/2017,6.71,0,,62.00,30.00,,,,,,,,,,,,,
USW00094053,"TORRINGTON MUNICIPAL AIRPORT, WY US",10/4/2017,12.3,0,,60.00,38.00,,,,,,,,,,,,,
USW00094053,"TORRINGTON MUNICIPAL AIRPORT, WY US",10/5/2017,6.93,0.02,,64.00,44.00,,,,,,,,,,,,,
USW00094053,"TORRINGTON MUNICIPAL AIRPORT, WY US",10/6/2017,7.61,0.04,,69.00,40.00,,,,,,,,,,,,,
USW00094053,"TORRINGTON MUNICIPAL AIRPORT, WY US",10/7/2017,15.66,0,,78.00,36.00,,,,,,,,,,,,,
USW00094053,"TORRINGTON MUNICIPAL AIRPORT, WY US",10/8/2017,11.41,0.17,,62.00,32.00,,,,,,,,,,,,,
USW00094053,"TORRINGTON MUNICIPAL AIRPORT, WY US",10/9/2017,5.82,0.16,,48.00,27.00,,,,,,,,,,,,,
USW00094053,"TORRINGTON MUNICIPAL AIRPORT, WY US",10/10/2017,6.71,0,,61.00,20.00,,,,,,,,,,,,,
USW00094053,"TORRINGTON MUNICIPAL AIRPORT, WY US",10/11/2017,6.93,0,,71.00,27.00,,,,,,,,,,,,,
USW00094053,"TORRINGTON MUNICIPAL AIRPORT, WY US",10/12/2017,8.05,0,,75.00,30.00,,,,,,,,,,,,,
USW00094053,"TORRINGTON MUNICIPAL AIRPORT, WY US",10/13/2017,7.61,0,,67.00,31.00,,,,,,,,,,,,,
USW00094053,"TORRINGTON MUNICIPAL AIRPORT, WY US",10/14/2017,12.3,0,,51.00,26.00,,,,,,,,,,,,,
USW00094053,"TORRINGTON MUNICIPAL AIRPORT, WY US",10/15/2017,6.49,0,,63.00,20.00,,,,,,,,,,,,,
USW00094053,"TORRINGTON MUNICIPAL AIRPORT, WY US",10/16/2017,5.14,0,,78.00,26.00,,,,,,,,,,,,,
USW00094053,"TORRINGTON MUNICIPAL AIRPORT, WY US",10/17/2017,5.14,0,,79.00,26.00,,,,,,,,,,,,,
USW00094053,"TORRINGTON MUNICIPAL AIRPORT, WY US",10/18/2017,7.61,0,,74.00,41.00,,,,,,,,,,,,,
USW00094053,"TORRINGTON MUNICIPAL AIRPORT, WY US",10/19/2017,6.93,0,,83.00,32.00,,,,,,,,,,,,,
USW00094053,"TORRINGTON MUNICIPAL AIRPORT, WY US",10/20/2017,8.05,0,,81.00,34.00,,,,,,,,,,,,,
USW00094053,"TORRINGTON MUNICIPAL AIRPORT, WY US",10/21/2017,16.11,0,,58.00,37.00,,,,,,,,,,,,,
USW00094053,"TORRINGTON MUNICIPAL AIRPORT, WY US",10/22/2017,20.58,0,,68.00,38.00,,,,,,,,,,,,,
USW00094053,"TORRINGTON MUNICIPAL AIRPORT, WY US",10/23/2017,18.79,0,,60.00,35.00,,,,,,,,,,,,,
USW00094053,"TORRINGTON MUNICIPAL AIRPORT, WY US",10/24/2017,9.84,0,,63.00,28.00,,,,,,,,,,,,,
USW00094053,"TORRINGTON MUNICIPAL AIRPORT, WY US",10/25/2017,14.76,0,,83.00,28.00,,,,,,,,,,,,,
USW00094053,"TORRINGTON MUNICIPAL AIRPORT, WY US",10/26/2017,16.55,0,,58.00,22.00,,,,,,,,,,,,,
USW00094053,"TORRINGTON MUNICIPAL AIRPORT, WY US",10/27/2017,4.25,0,,47.00,14.00,,,,,,,,,,,,,
USW00094053,"TORRINGTON MUNICIPAL AIRPORT, WY US",10/28/2017,11.18,0,,62.00,37.00,,,,,,,,,,,,,
USW00094053,"TORRINGTON MUNICIPAL AIRPORT, WY US",10/29/2017,14.99,0,,65.00,31.00,,,,,,,,,,,,,
USW00094053,"TORRINGTON MUNICIPAL AIRPORT, WY US",10/30/2017,12.97,0,,37.00,11.00,,,,,,,,,,,,,
USW00094053,"TORRINGTON MUNICIPAL AIRPORT, WY US",10/31/2017,7.16,0,,55.00,9.00,,,,,,,,,,,,,
USW00094053,"TORRINGTON MUNICIPAL AIRPORT, WY US",11/1/2017,14.32,0,,69.00,36.00,,,,,,,,,,,,,
USW00094053,"TORRINGTON MUNICIPAL AIRPORT, WY US",11/2/2017,11.63,0.06,,40.00,32.00,,,,,,,,,,,,,
USW00094053,"TORRINGTON MUNICIPAL AIRPORT, WY US",11/3/2017,13.2,0,,59.00,31.00,,,,,,,,,,,,,
USW00094053,"TORRINGTON MUNICIPAL AIRPORT, WY US",11/4/2017,8.28,0.1,,61.00,26.00,,,,,,,,,,,,,
USW00094053,"TORRINGTON MUNICIPAL AIRPORT, WY US",11/5/2017,8.5,0.12,,39.00,26.00,,,,,,,,,,,,,
USW00094053,"TORRINGTON MUNICIPAL AIRPORT, WY US",11/6/2017,8.72,0.11,,48.00,24.00,,,,,,,,,,,,,
USW00094053,"TORRINGTON MUNICIPAL AIRPORT, WY US",11/7/2017,3.13,0,,29.00,17.00,,,,,,,,,,,,,
USW00094053,"TORRINGTON MUNICIPAL AIRPORT, WY US",11/8/2017,5.59,0,,54.00,12.00,,,,,,,,,,,,,
USW00094053,"TORRINGTON MUNICIPAL AIRPORT, WY US",11/9/2017,12.53,0,,44.00,21.00,,,,,,,,,,,,,
USW00094053,"TORRINGTON MUNICIPAL AIRPORT, WY US",11/10/2017,7.61,0,,55.00,26.00,,,,,,,,,,,,,
USW00094053,"TORRINGTON MUNICIPAL AIRPORT, WY US",11/11/2017,4.92,0,,60.00,27.00,,,,,,,,,,,,,
USW00094053,"TORRINGTON MUNICIPAL AIRPORT, WY US",11/12/2017,8.5,0,,59.00,18.00,,,,,,,,,,,,,
USW00094053,"TORRINGTON MUNICIPAL AIRPORT, WY US",11/13/2017,6.04,0,,72.00,27.00,,,,,,,,,,,,,
USW00094053,"TORRINGTON MUNICIPAL AIRPORT, WY US",11/14/2017,11.18,0,,68.00,29.00,,,,,,,,,,,,,
USW00094053,"TORRINGTON MUNICIPAL AIRPORT, WY US",11/15/2017,9.17,0,,56.00,22.00,,,,,,,,,,,,,
USW00094053,"TORRINGTON MUNICIPAL AIRPORT, WY US",11/16/2017,9.17,0,,74.00,28.00,,,,,,,,,,,,,
USW00094053,"TORRINGTON MUNICIPAL AIRPORT, WY US",11/17/2017,10.29,0.04,,48.00,36.00,,,,,,,,,,,,,
USW00094053,"TORRINGTON MUNICIPAL AIRPORT, WY US",11/18/2017,10.51,0,,44.00,20.00,,,,,,,,,,,,,
USW00094053,"TORRINGTON MUNICIPAL AIRPORT, WY US",11/19/2017,11.63,0,,58.00,17.00,,,,,,,,,,,,,
USW00094053,"TORRINGTON MUNICIPAL AIRPORT, WY US",11/20/2017,21.92,0,,61.00,45.00,,,,,,,,,,,,,
USW00094053,"TORRINGTON MUNICIPAL AIRPORT, WY US",11/21/2017,8.05,0,,50.00,30.00,,,,,,,,,,,,,
USW00094053,"TORRINGTON MUNICIPAL AIRPORT, WY US",11/22/2017,7.38,0,,71.00,26.00,,,,,,,,,,,,,
USW00094053,"TORRINGTON MUNICIPAL AIRPORT, WY US",11/23/2017,12.53,0,,70.00,37.00,,,,,,,,,,,,,
USW00094053,"TORRINGTON MUNICIPAL AIRPORT, WY US",11/24/2017,12.97,0,,63.00,26.00,,,,,,,,,,,,,
USW00094053,"TORRINGTON MUNICIPAL AIRPORT, WY US",11/25/2017,4.03,0,,60.00,23.00,,,,,,,,,,,,,
USW00094053,"TORRINGTON MUNICIPAL AIRPORT, WY US",11/26/2017,4.92,0,,75.00,27.00,,,,,,,,,,,,,
USW00094053,"TORRINGTON MUNICIPAL AIRPORT, WY US",11/27/2017,9.62,0,,74.00,37.00,,,,,,,,,,,,,
USW00094053,"TORRINGTON MUNICIPAL AIRPORT, WY US",11/28/2017,8.95,0,,47.00,24.00,,,,,,,,,,,,,
USW00094053,"TORRINGTON MUNICIPAL AIRPORT, WY US",11/29/2017,12.75,0,,60.00,21.00,,,,,,,,,,,,,
USW00094053,"TORRINGTON MUNICIPAL AIRPORT, WY US",11/30/2017,8.05,0,,60.00,16.00,,,,,,,,,,,,,
USW00094053,"TORRINGTON MUNICIPAL AIRPORT, WY US",12/1/2017,6.71,0,,56.00,25.00,,,,,,,,,,,,,
USW00094053,"TORRINGTON MUNICIPAL AIRPORT, WY US",12/2/2017,6.71,0,,62.00,23.00,,,,,,,,,,,,,
USW00094053,"TORRINGTON MUNICIPAL AIRPORT, WY US",12/3/2017,6.71,0,,62.00,29.00,,,,,,,,,,,,,
USW00094053,"TORRINGTON MUNICIPAL AIRPORT, WY US",12/4/2017,16.78,0,,46.00,13.00,,,,,,,,,,,,,
USW00094053,"TORRINGTON MUNICIPAL AIRPORT, WY US",12/5/2017,12.75,0,,42.00,11.00,,,,,,,,,,,,,
USW00094053,"TORRINGTON MUNICIPAL AIRPORT, WY US",12/6/2017,17.22,0,,35.00,19.00,,,,,,,,,,,,,
USW00094053,"TORRINGTON MUNICIPAL AIRPORT, WY US",12/7/2017,15.66,0,,43.00,14.00,,,,,,,,,,,,,
USW00094053,"TORRINGTON MUNICIPAL AIRPORT, WY US",12/8/2017,22.59,0,,51.00,28.00,,,,,,,,,,,,,
USW00094053,"TORRINGTON MUNICIPAL AIRPORT, WY US",12/9/2017,12.3,0,,58.00,23.00,,,,,,,,,,,,,
USW00094053,"TORRINGTON MUNICIPAL AIRPORT, WY US",12/10/2017,10.74,0,,60.00,24.00,,,,,,,,,,,,,
USW00094053,"TORRINGTON MUNICIPAL AIRPORT, WY US",12/11/2017,12.3,0,,52.00,24.00,,,,,,,,,,,,,
USW00094053,"TORRINGTON MUNICIPAL AIRPORT, WY US",12/12/2017,9.62,0,,65.00,19.00,,,,,,,,,,,,,
USW00094053,"TORRINGTON MUNICIPAL AIRPORT, WY US",12/13/2017,13.65,0,,51.00,36.00,,,,,,,,,,,,,
USW00094053,"TORRINGTON MUNICIPAL AIRPORT, WY US",12/14/2017,12.08,0,,38.00,11.00,,,,,,,,,,,,,
USW00094053,"TORRINGTON MUNICIPAL AIRPORT, WY US",12/15/2017,9.4,0,,57.00,9.00,,,,,,,,,,,,,
USW00094053,"TORRINGTON MUNICIPAL AIRPORT, WY US",12/16/2017,10.07,0,,50.00,30.00,,,,,,,,,,,,,
USW00094053,"TORRINGTON MUNICIPAL AIRPORT, WY US",12/17/2017,8.05,0,,47.00,21.00,,,,,,,,,,,,,
USW00094053,"TORRINGTON MUNICIPAL AIRPORT, WY US",12/18/2017,14.54,0,,54.00,28.00,,,,,,,,,,,,,
USW00094053,"TORRINGTON MUNICIPAL AIRPORT, WY US",12/19/2017,9.17,0,,55.00,24.00,,,,,,,,,,,,,
USW00094053,"TORRINGTON MUNICIPAL AIRPORT, WY US",12/20/2017,11.63,0,,67.00,25.00,,,,,,,,,,,,,
USW00094053,"TORRINGTON MUNICIPAL AIRPORT, WY US",12/21/2017,9.17,0,,27.00,-3.00,,,,,,,,,,,,,
USW00094053,"TORRINGTON MUNICIPAL AIRPORT, WY US",12/22/2017,7.16,0,,30.00,-6.00,,,,,,,,,,,,,
USW00094053,"TORRINGTON MUNICIPAL AIRPORT, WY US",12/23/2017,11.18,0,,17.00,1.00,,,,,,,,,,,,,
USW00094053,"TORRINGTON MUNICIPAL AIRPORT, WY US",12/24/2017,4.92,0,,13.00,-16.00,,,,,,,,,,,,,
USW00094053,"TORRINGTON MUNICIPAL AIRPORT, WY US",12/25/2017,8.5,0,,10.00,1.00,,,,,,,,,,,,,
USW00094053,"TORRINGTON MUNICIPAL AIRPORT, WY US",12/26/2017,5.37,0,,3.00,-15.00,,,,,,,,,,,,,
USW00094053,"TORRINGTON MUNICIPAL AIRPORT, WY US",12/27/2017,2.01,0,,11.00,-15.00,,,,,,,,,,,,,
USW00094053,"TORRINGTON MUNICIPAL AIRPORT, WY US",12/28/2017,6.71,0,,30.00,1.00,,,,,,,,,,,,,
USW00094053,"TORRINGTON MUNICIPAL AIRPORT, WY US",12/29/2017,12.53,0,,45.00,2.00,,,,,,,,,,,,,
USW00094053,"TORRINGTON MUNICIPAL AIRPORT, WY US",12/30/2017,11.63,0,,10.00,0.00,,,,,,,,,,,,,
USW00094053,"TORRINGTON MUNICIPAL AIRPORT, WY US",12/31/2017,5.82,0,,7.00,-6.00,,,,,,,,,,,,,
USW00094053,"TORRINGTON MUNICIPAL AIRPORT, WY US",1/1/2018,4.03,0,,7.00,-10.00,,,,,,,,,,,,,
USW00094053,"TORRINGTON MUNICIPAL AIRPORT, WY US",1/2/2018,10.07,0,,27.00,-12.00,,,,,,,,,,,,,
USW00094053,"TORRINGTON MUNICIPAL AIRPORT, WY US",1/3/2018,5.59,0,,29.00,11.00,,,,,,,,,,,,,
USW00094053,"TORRINGTON MUNICIPAL AIRPORT, WY US",1/4/2018,4.7,0,,38.00,10.00,,,,,,,,,,,,,
USW00094053,"TORRINGTON MUNICIPAL AIRPORT, WY US",1/5/2018,2.91,0,,33.00,8.00,,,,,,,,,,,,,
USW00094053,"TORRINGTON MUNICIPAL AIRPORT, WY US",1/6/2018,4.92,0,,42.00,10.00,,,,,,,,,,,,,
USW00094053,"TORRINGTON MUNICIPAL AIRPORT, WY US",1/7/2018,7.83,0.02,,43.00,20.00,,,,,,,,,,,,,
USW00094053,"TORRINGTON MUNICIPAL AIRPORT, WY US",1/8/2018,7.16,0,,50.00,18.00,,,,,,,,,,,,,
USW00094053,"TORRINGTON MUNICIPAL AIRPORT, WY US",1/9/2018,6.04,0,,48.00,29.00,,,,,,,,,,,,,
USW00094053,"TORRINGTON MUNICIPAL AIRPORT, WY US",1/10/2018,10.96,0.05,,50.00,14.00,,,,,,,,,,,,,
USW00094053,"TORRINGTON MUNICIPAL AIRPORT, WY US",1/11/2018,8.28,0,,33.00,11.00,,,,,,,,,,,,,
USW00094053,"TORRINGTON MUNICIPAL AIRPORT, WY US",1/12/2018,8.05,0,,26.00,10.00,,,,,,,,,,,,,
USW00094053,"TORRINGTON MUNICIPAL AIRPORT, WY US",1/13/2018,5.14,0,,38.00,14.00,,,,,,,,,,,,,
USW00094053,"TORRINGTON MUNICIPAL AIRPORT, WY US",1/14/2018,9.4,0,,44.00,25.00,,,,,,,,,,,,,
USW00094053,"TORRINGTON MUNICIPAL AIRPORT, WY US",1/15/2018,10.96,0,,25.00,-2.00,,,,,,,,,,,,,
USW00094053,"TORRINGTON MUNICIPAL AIRPORT, WY US",1/16/2018,4.7,0,,23.00,-9.00,,,,,,,,,,,,,
USW00094053,"TORRINGTON MUNICIPAL AIRPORT, WY US",1/17/2018,6.49,0,,48.00,4.00,,,,,,,,,,,,,
USW00094053,"TORRINGTON MUNICIPAL AIRPORT, WY US",1/18/2018,5.82,0,,60.00,20.00,,,,,,,,,,,,,
USW00094053,"TORRINGTON MUNICIPAL AIRPORT, WY US",1/19/2018,4.92,0,,55.00,31.00,,,,,,,,,,,,,
USW00094053,"TORRINGTON MUNICIPAL AIRPORT, WY US",1/20/2018,8.95,0,,37.00,26.00,,,,,,,,,,,,,
USW00094053,"TORRINGTON MUNICIPAL AIRPORT, WY US",1/21/2018,14.99,0,,29.00,24.00,,,,,,,,,,,,,
USW00094053,"TORRINGTON MUNICIPAL AIRPORT, WY US",1/22/2018,12.3,0,,31.00,11.00,,,,,,,,,,,,,
USW00094053,"TORRINGTON MUNICIPAL AIRPORT, WY US",1/23/2018,6.93,0,,34.00,5.00,,,,,,,,,,,,,
USW00094053,"TORRINGTON MUNICIPAL AIRPORT, WY US",1/24/2018,6.93,0,,47.00,5.00,,,,,,,,,,,,,
USW00094053,"TORRINGTON MUNICIPAL AIRPORT, WY US",1/25/2018,6.26,0,,39.00,23.00,,,,,,,,,,,,,
USW00094053,"TORRINGTON MUNICIPAL AIRPORT, WY US",1/26/2018,11.63,0,,41.00,26.00,,,,,,,,,,,,,
USW00094053,"TORRINGTON MUNICIPAL AIRPORT, WY US",1/27/2018,13.42,0,,42.00,21.00,,,,,,,,,,,,,
USW00094053,"TORRINGTON MUNICIPAL AIRPORT, WY US",1/28/2018,11.86,0,,42.00,21.00,,,,,,,,,,,,,
USW00094053,"TORRINGTON MUNICIPAL AIRPORT, WY US",1/29/2018,5.82,0,,54.00,25.00,,,,,,,,,,,,,
USW00094053,"TORRINGTON MUNICIPAL AIRPORT, WY US",1/30/2018,13.65,0,,58.00,32.00,,,,,,,,,,,,,
USW00094053,"TORRINGTON MUNICIPAL AIRPORT, WY US",1/31/2018,6.93,0,,35.00,28.00,,,,,,,,,,,,,
USW00094053,"TORRINGTON MUNICIPAL AIRPORT, WY US",2/1/2018,5.82,,,36.00,23.00,,,,,,,,,,,,,
USW00094053,"TORRINGTON MUNICIPAL AIRPORT, WY US",2/2/2018,4.7,0,,48.00,18.00,,,,,,,,,,,,,
USW00094053,"TORRINGTON MUNICIPAL AIRPORT, WY US",2/3/2018,9.62,,,51.00,15.00,,,,,,,,,,,,,
USW00094053,"TORRINGTON MUNICIPAL AIRPORT, WY US",2/4/2018,8.28,,,15.00,5.00,,,,,,,,,,,,,
USW00094053,"TORRINGTON MUNICIPAL AIRPORT, WY US",2/5/2018,11.41,,,48.00,14.00,,,,,,,,,,,,,
USW00094053,"TORRINGTON MUNICIPAL AIRPORT, WY US",2/6/2018,7.61,0,,37.00,9.00,,,,,,,,,,,,,
USW00094053,"TORRINGTON MUNICIPAL AIRPORT, WY US",2/7/2018,6.49,0,,51.00,17.00,,,,,,,,,,,,,
USW00094053,"TORRINGTON MUNICIPAL AIRPORT, WY US",2/8/2018,16.11,0,,55.00,19.00,,,,,,,,,,,,,
USW00094053,"TORRINGTON MUNICIPAL AIRPORT, WY US",2/9/2018,10.51,,,19.00,4.00,,,,,,,,,,,,,
USW00094053,"TORRINGTON MUNICIPAL AIRPORT, WY US",2/10/2018,4.92,,,18.00,2.00,,,,,,,,,,,,,
USW00094053,"TORRINGTON MUNICIPAL AIRPORT, WY US",2/11/2018,8.95,0,,41.00,3.00,,,,,,,,,,,,,
USW00094053,"TORRINGTON MUNICIPAL AIRPORT, WY US",2/12/2018,8.5,0,,18.00,8.00,,,,,,,,,,,,,
USW00094053,"TORRINGTON MUNICIPAL AIRPORT, WY US",2/13/2018,8.05,0,,56.00,9.00,,,,,,,,,,,,,
USW00094053,"TORRINGTON MUNICIPAL AIRPORT, WY US",2/14/2018,17.67,0,,59.00,37.00,,,,,,,,,,,,,
USW00094053,"TORRINGTON MUNICIPAL AIRPORT, WY US",2/15/2018,13.65,0,,46.00,15.00,,,,,,,,,,,,,
USW00094053,"TORRINGTON MUNICIPAL AIRPORT, WY US",2/16/2018,10.96,0,,46.00,8.00,,,,,,,,,,,,,
USW00094053,"TORRINGTON MUNICIPAL AIRPORT, WY US",2/17/2018,15.66,0,,52.00,30.00,,,,,,,,,,,,,
USW00094053,"TORRINGTON MUNICIPAL AIRPORT, WY US",2/18/2018,17,0,,60.00,10.00,,,,,,,,,,,,,
USW00094053,"TORRINGTON MUNICIPAL AIRPORT, WY US",2/19/2018,10.51,,,10.00,-1.00,,,,,,,,,,,,,
USW00094053,"TORRINGTON MUNICIPAL AIRPORT, WY US",2/20/2018,5.14,0,,14.00,-13.00,,,,,,,,,,,,,
USW00094053,"TORRINGTON MUNICIPAL AIRPORT, WY US",2/21/2018,7.16,0,,32.00,-11.00,,,,,,,,,,,,,
USW00094053,"TORRINGTON MUNICIPAL AIRPORT, WY US",2/22/2018,4.47,0,,29.00,6.00,,,,,,,,,,,,,
USW00094053,"TORRINGTON MUNICIPAL AIRPORT, WY US",2/23/2018,7.61,0,,33.00,6.00,,,,,,,,,,,,,
USW00094053,"TORRINGTON MUNICIPAL AIRPORT, WY US",2/24/2018,15.88,0,,32.00,8.00,,,,,,,,,,,,,
USW00094053,"TORRINGTON MUNICIPAL AIRPORT, WY US",2/25/2018,16.78,0,,38.00,23.00,,,,,,,,,,,,,
USW00094053,"TORRINGTON MUNICIPAL AIRPORT, WY US",2/26/2018,13.87,0,,53.00,27.00,,,,,,,,,,,,,
USW00094053,"TORRINGTON MUNICIPAL AIRPORT, WY US",2/27/2018,7.16,0,,57.00,19.00,,,,,,,,,,,,,
USW00094053,"TORRINGTON MUNICIPAL AIRPORT, WY US",2/28/2018,8.5,0,,43.00,19.00,,,,,,,,,,,,,
USW00094053,"TORRINGTON MUNICIPAL AIRPORT, WY US",3/1/2018,9.17,0,,56.00,18.00,,,,,,,,,,,,,
USW00094053,"TORRINGTON MUNICIPAL AIRPORT, WY US",3/2/2018,10.51,0,,70.00,24.00,,,,,,,,,,,,,
USW00094053,"TORRINGTON MUNICIPAL AIRPORT, WY US",3/3/2018,8.95,0,,69.00,21.00,,,,,,,,,,,,,
USW00094053,"TORRINGTON MUNICIPAL AIRPORT, WY US",3/4/2018,9.62,0,,47.00,25.00,,,,,,,,,,,,,
USW00094053,"TORRINGTON MUNICIPAL AIRPORT, WY US",3/5/2018,20.13,0,,42.00,19.00,,,,,,,,,,,,,
USW00094053,"TORRINGTON MUNICIPAL AIRPORT, WY US",3/6/2018,14.32,0,,41.00,19.00,,,,,,,,,,,,,
USW00094053,"TORRINGTON MUNICIPAL AIRPORT, WY US",3/7/2018,8.72,0,,51.00,12.00,,,,,,,,,,,,,
USW00094053,"TORRINGTON MUNICIPAL AIRPORT, WY US",3/8/2018,8.28,0,,63.00,18.00,,,,,,,,,,,,,
USW00094053,"TORRINGTON MUNICIPAL AIRPORT, WY US",3/9/2018,14.99,0,,63.00,34.00,,,,,,,,,,,,,
USW00094053,"TORRINGTON MUNICIPAL AIRPORT, WY US",3/10/2018,16.78,0,,48.00,24.00,,,,,,,,,,,,,
USW00094053,"TORRINGTON MUNICIPAL AIRPORT, WY US",3/11/2018,6.49,0,,52.00,17.00,,,,,,,,,,,,,
USW00094053,"TORRINGTON MUNICIPAL AIRPORT, WY US",3/12/2018,7.61,0,,54.00,19.00,,,,,,,,,,,,,
USW00094053,"TORRINGTON MUNICIPAL AIRPORT, WY US",3/13/2018,8.28,0,,59.00,21.00,,,,,,,,,,,,,
USW00094053,"TORRINGTON MUNICIPAL AIRPORT, WY US",3/14/2018,6.93,0,,71.00,23.00,,,,,,,,,,,,,
USW00094053,"TORRINGTON MUNICIPAL AIRPORT, WY US",3/15/2018,9.4,0.4,,64.00,33.00,,,,,,,,,,,,,
USW00094053,"TORRINGTON MUNICIPAL AIRPORT, WY US",3/16/2018,6.49,0.06,,37.00,27.00,,,,,,,,,,,,,
USW00094053,"TORRINGTON MUNICIPAL AIRPORT, WY US",3/17/2018,9.4,0,,59.00,25.00,,,,,,,,,,,,,
USW00094053,"TORRINGTON MUNICIPAL AIRPORT, WY US",3/18/2018,11.86,0,,47.00,31.00,,,,,,,,,,,,,
USW00094053,"TORRINGTON MUNICIPAL AIRPORT, WY US",3/19/2018,14.76,0,,44.00,25.00,,,,,,,,,,,,,
USW00094053,"TORRINGTON MUNICIPAL AIRPORT, WY US",3/20/2018,9.62,0,,53.00,25.00,,,,,,,,,,,,,
USW00094053,"TORRINGTON MUNICIPAL AIRPORT, WY US",3/21/2018,3.36,0,,62.00,21.00,,,,,,,,,,,,,
USW00094053,"TORRINGTON MUNICIPAL AIRPORT, WY US",3/22/2018,6.93,0,,68.00,28.00,,,,,,,,,,,,,
USW00094053,"TORRINGTON MUNICIPAL AIRPORT, WY US",3/23/2018,12.3,0.11,,64.00,36.00,,,,,,,,,,,,,
USW00094053,"TORRINGTON MUNICIPAL AIRPORT, WY US",3/24/2018,10.96,0,,65.00,25.00,,,,,,,,,,,,,
USW00094053,"TORRINGTON MUNICIPAL AIRPORT, WY US",3/25/2018,8.95,0.3,,55.00,30.00,,,,,,,,,,,,,
USW00094053,"TORRINGTON MUNICIPAL AIRPORT, WY US",3/26/2018,9.62,0,,53.00,25.00,,,,,,,,,,,,,
USW00094053,"TORRINGTON MUNICIPAL AIRPORT, WY US",3/27/2018,6.49,0,,58.00,21.00,,,,,,,,,,,,,
USW00094053,"TORRINGTON MUNICIPAL AIRPORT, WY US",3/28/2018,8.28,0.05,,51.00,35.00,,,,,,,,,,,,,
USW00094053,"TORRINGTON MUNICIPAL AIRPORT, WY US",3/29/2018,8.28,0.08,,46.00,26.00,,,,,,,,,,,,,
USW00094053,"TORRINGTON MUNICIPAL AIRPORT, WY US",3/30/2018,13.65,0,,63.00,22.00,,,,,,,,,,,,,
USW00094053,"TORRINGTON MUNICIPAL AIRPORT, WY US",3/31/2018,10.07,0,,37.00,19.00,,,,,,,,,,,,,
USW00094053,"TORRINGTON MUNICIPAL AIRPORT, WY US",4/1/2018,11.18,0,,44.00,19.00,,,,,,,,,,,,,
USW00094053,"TORRINGTON MUNICIPAL AIRPORT, WY US",4/2/2018,11.86,0,,63.00,26.00,,,,,,,,,,,,,
USW00094053,"TORRINGTON MUNICIPAL AIRPORT, WY US",4/3/2018,16.33,0,,43.00,17.00,,,,,,,,,,,,,
USW00094053,"TORRINGTON MUNICIPAL AIRPORT, WY US",4/4/2018,11.18,0,,63.00,20.00,,,,,,,,,,,,,
USW00094053,"TORRINGTON MUNICIPAL AIRPORT, WY US",4/5/2018,9.62,0,,56.00,24.00,,,,,,,,,,,,,
USW00094053,"TORRINGTON MUNICIPAL AIRPORT, WY US",4/6/2018,11.63,0,,31.00,14.00,,,,,,,,,,,,,
USW00094053,"TORRINGTON MUNICIPAL AIRPORT, WY US",4/7/2018,10.29,0,,48.00,14.00,,,,,,,,,,,,,
USW00094053,"TORRINGTON MUNICIPAL AIRPORT, WY US",4/8/2018,13.65,0.04,,63.00,37.00,,,,,,,,,,,,,
USW00094053,"TORRINGTON MUNICIPAL AIRPORT, WY US",4/9/2018,10.96,0,,58.00,33.00,,,,,,,,,,,,,
USW00094053,"TORRINGTON MUNICIPAL AIRPORT, WY US",4/10/2018,7.38,0,,71.00,27.00,,,,,,,,,,,,,
USW00094053,"TORRINGTON MUNICIPAL AIRPORT, WY US",4/11/2018,13.65,0,,76.00,42.00,,,,,,,,,,,,,
USW00094053,"TORRINGTON MUNICIPAL AIRPORT, WY US",4/12/2018,13.2,0.17,,63.00,37.00,,,,,,,,,,,,,
USW00094053,"TORRINGTON MUNICIPAL AIRPORT, WY US",4/13/2018,21.92,0.04,,46.00,23.00,,,,,,,,,,,,,
USW00094053,"TORRINGTON MUNICIPAL AIRPORT, WY US",4/14/2018,13.42,0,,51.00,24.00,,,,,,,,,,,,,
USW00094053,"TORRINGTON MUNICIPAL AIRPORT, WY US",4/15/2018,8.72,0,,61.00,21.00,,,,,,,,,,,,,
USW00094053,"TORRINGTON MUNICIPAL AIRPORT, WY US",4/16/2018,14.76,0,,67.00,29.00,,,,,,,,,,,,,
USW00094053,"TORRINGTON MUNICIPAL AIRPORT, WY US",4/17/2018,14.76,0.03,,63.00,31.00,,,,,,,,,,,,,
USW00094053,"TORRINGTON MUNICIPAL AIRPORT, WY US",4/18/2018,13.42,0,,55.00,28.00,,,,,,,,,,,,,
USW00094053,"TORRINGTON MUNICIPAL AIRPORT, WY US",4/19/2018,18.12,0,,64.00,26.00,,,,,,,,,,,,,
USW00094053,"TORRINGTON MUNICIPAL AIRPORT, WY US",4/20/2018,16.11,0.03,,49.00,35.00,,,,,,,,,,,,,
USW00094053,"TORRINGTON MUNICIPAL AIRPORT, WY US",4/21/2018,8.5,0.11,,47.00,33.00,,,,,,,,,,,,,
USW00094053,"TORRINGTON MUNICIPAL AIRPORT, WY US",4/22/2018,6.04,0,,65.00,29.00,,,,,,,,,,,,,
USW00094053,"TORRINGTON MUNICIPAL AIRPORT, WY US",4/23/2018,15.66,0.3,,71.00,34.00,,,,,,,,,,,,,
USW00094053,"TORRINGTON MUNICIPAL AIRPORT, WY US",4/24/2018,12.53,0,,44.00,30.00,,,,,,,,,,,,,
USW00094053,"TORRINGTON MUNICIPAL AIRPORT, WY US",4/25/2018,5.37,0,,73.00,22.00,,,,,,,,,,,,,
USW00094053,"TORRINGTON MUNICIPAL AIRPORT, WY US",4/26/2018,12.08,0,,63.00,37.00,,,,,,,,,,,,,
USW00094053,"TORRINGTON MUNICIPAL AIRPORT, WY US",4/27/2018,7.16,0,,75.00,30.00,,,,,,,,,,,,,
USW00094053,"TORRINGTON MUNICIPAL AIRPORT, WY US",4/28/2018,17.45,0,,77.00,37.00,,,,,,,,,,,,,
USW00094053,"TORRINGTON MUNICIPAL AIRPORT, WY US",4/29/2018,11.41,0.01,,78.00,43.00,,,,,,,,,,,,,
USW00094053,"TORRINGTON MUNICIPAL AIRPORT, WY US",4/30/2018,10.07,0.12,,65.00,42.00,,,,,,,,,,,,,
USW00094053,"TORRINGTON MUNICIPAL AIRPORT, WY US",5/1/2018,6.04,0.08,,57.00,34.00,,,,,,,,,,,,,
USW00094053,"TORRINGTON MUNICIPAL AIRPORT, WY US",5/2/2018,3.58,0.15,,54.00,36.00,,,,,,,,,,,,,
USW00094053,"TORRINGTON MUNICIPAL AIRPORT, WY US",5/3/2018,7.83,0.14,,63.00,42.00,,,,,,,,,,,,,
USW00094053,"TORRINGTON MUNICIPAL AIRPORT, WY US",5/4/2018,6.93,0,,74.00,37.00,,,,,,,,,,,,,
USW00094053,"TORRINGTON MUNICIPAL AIRPORT, WY US",5/5/2018,6.26,0,,77.00,42.00,,,,,,,,,,,,,
USW00094053,"TORRINGTON MUNICIPAL AIRPORT, WY US",5/6/2018,7.83,0,,78.00,44.00,,,,,,,,,,,,,
USW00094053,"TORRINGTON MUNICIPAL AIRPORT, WY US",5/7/2018,9.4,0,,86.00,48.00,,,,,,,,,,,,,
USW00094053,"TORRINGTON MUNICIPAL AIRPORT, WY US",5/8/2018,9.62,0,,78.00,46.00,,,,,,,,,,,,,
USW00094053,"TORRINGTON MUNICIPAL AIRPORT, WY US",5/9/2018,6.49,0.04,,81.00,41.00,,,,,,,,,,,,,
USW00094053,"TORRINGTON MUNICIPAL AIRPORT, WY US",5/10/2018,10.51,0,,74.00,47.00,,,,,,,,,,,,,
USW00094053,"TORRINGTON MUNICIPAL AIRPORT, WY US",5/11/2018,9.84,0.11,,58.00,44.00,,,,,,,,,,,,,
USW00094053,"TORRINGTON MUNICIPAL AIRPORT, WY US",5/12/2018,9.4,0.15,,53.00,43.00,,,,,,,,,,,,,
USW00094053,"TORRINGTON MUNICIPAL AIRPORT, WY US",5/13/2018,5.59,0.06,,68.00,46.00,,,,,,,,,,,,,
USW00094053,"TORRINGTON MUNICIPAL AIRPORT, WY US",5/14/2018,5.59,0.05,,67.00,43.00,,,,,,,,,,,,,
USW00094053,"TORRINGTON MUNICIPAL AIRPORT, WY US",5/15/2018,4.47,0,,74.00,38.00,,,,,,,,,,,,,
USW00094053,"TORRINGTON MUNICIPAL AIRPORT, WY US",5/16/2018,7.61,0,,83.00,45.00,,,,,,,,,,,,,
USW00094053,"TORRINGTON MUNICIPAL AIRPORT, WY US",5/17/2018,14.32,0,,86.00,53.00,,,,,,,,,,,,,
USW00094053,"TORRINGTON MUNICIPAL AIRPORT, WY US",5/18/2018,10.74,0.74,,72.00,49.00,,,,,,,,,,,,,
USW00094053,"TORRINGTON MUNICIPAL AIRPORT, WY US",5/19/2018,14.99,2.49,,51.00,42.00,,,,,,,,,,,,,
USW00094053,"TORRINGTON MUNICIPAL AIRPORT, WY US",5/20/2018,7.83,0,,63.00,39.00,,,,,,,,,,,,,
USW00094053,"TORRINGTON MUNICIPAL AIRPORT, WY US",5/21/2018,8.05,0,,77.00,42.00,,,,,,,,,,,,,
USW00094053,"TORRINGTON MUNICIPAL AIRPORT, WY US",5/22/2018,10.29,0.08,,81.00,49.00,,,,,,,,,,,,,
USW00094053,"TORRINGTON MUNICIPAL AIRPORT, WY US",5/23/2018,6.26,0.04,,78.00,48.00,,,,,,,,,,,,,
USW00094053,"TORRINGTON MUNICIPAL AIRPORT, WY US",5/24/2018,6.93,0,,84.00,45.00,,,,,,,,,,,,,
USW00094053,"TORRINGTON MUNICIPAL AIRPORT, WY US",5/25/2018,6.26,0,,87.00,49.00,,,,,,,,,,,,,
USW00094053,"TORRINGTON MUNICIPAL AIRPORT, WY US",5/26/2018,5.59,0,,92.00,52.00,,,,,,,,,,,,,
USW00094053,"TORRINGTON MUNICIPAL AIRPORT, WY US",5/27/2018,12.53,0.03,,82.00,57.00,,,,,,,,,,,,,
USW00094053,"TORRINGTON MUNICIPAL AIRPORT, WY US",5/28/2018,8.5,0.81,,76.00,51.00,,,,,,,,,,,,,
USW00094053,"TORRINGTON MUNICIPAL AIRPORT, WY US",5/29/2018,10.96,0.08,,66.00,53.00,,,,,,,,,,,,,
USW00094053,"TORRINGTON MUNICIPAL AIRPORT, WY US",5/30/2018,5.82,0,,81.00,49.00,,,,,,,,,,,,,
USW00094053,"TORRINGTON MUNICIPAL AIRPORT, WY US",5/31/2018,8.5,0,,88.00,50.00,,,,,,,,,,,,,
USW00094053,"TORRINGTON MUNICIPAL AIRPORT, WY US",6/1/2018,12.75,0,,86.00,52.00,,,,,,,,,,,,,
USW00094053,"TORRINGTON MUNICIPAL AIRPORT, WY US",6/2/2018,8.95,0,,77.00,46.00,,,,,,,,,,,,,
USW00094053,"TORRINGTON MUNICIPAL AIRPORT, WY US",6/3/2018,10.51,0,,82.00,42.00,,,,,,,,,,,,,
USW00094053,"TORRINGTON MUNICIPAL AIRPORT, WY US",6/4/2018,6.04,0,,91.00,47.00,,,,,,,,,,,,,
USW00094053,"TORRINGTON MUNICIPAL AIRPORT, WY US",6/5/2018,6.04,0,,96.00,50.00,,,,,,,,,,,,,
USW00094053,"TORRINGTON MUNICIPAL AIRPORT, WY US",6/6/2018,12.53,0,,87.00,53.00,,,,,,,,,,,,,
USW00094053,"TORRINGTON MUNICIPAL AIRPORT, WY US",6/7/2018,12.75,0,,91.00,54.00,,,,,,,,,,,,,
USW00094053,"TORRINGTON MUNICIPAL AIRPORT, WY US",6/8/2018,7.16,0,,91.00,52.00,,,,,,,,,,,,,
USW00094053,"TORRINGTON MUNICIPAL AIRPORT, WY US",6/9/2018,13.2,0,,92.00,60.00,,,,,,,,,,,,,
USW00094053,"TORRINGTON MUNICIPAL AIRPORT, WY US",6/10/2018,9.62,0,,99.00,61.00,,,,,,,,,,,,,
USW00094053,"TORRINGTON MUNICIPAL AIRPORT, WY US",6/11/2018,7.83,0,,80.00,50.00,,,,,,,,,,,,,
USW00094053,"TORRINGTON MUNICIPAL AIRPORT, WY US",6/12/2018,8.95,0,,81.00,48.00,,,,,,,,,,,,,
USW00094053,"TORRINGTON MUNICIPAL AIRPORT, WY US",6/13/2018,10.74,0,,98.00,54.00,,,,,,,,,,,,,
USW00094053,"TORRINGTON MUNICIPAL AIRPORT, WY US",6/14/2018,8.72,0,,100.00,60.00,,,,,,,,,,,,,
USW00094053,"TORRINGTON MUNICIPAL AIRPORT, WY US",6/15/2018,10.51,0.08,,88.00,57.00,,,,,,,,,,,,,
USW00094053,"TORRINGTON MUNICIPAL AIRPORT, WY US",6/16/2018,9.4,0.02,,87.00,61.00,,,,,,,,,,,,,
USW00094053,"TORRINGTON MUNICIPAL AIRPORT, WY US",6/17/2018,13.42,0.07,,61.00,52.00,,,,,,,,,,,,,
USW00094053,"TORRINGTON MUNICIPAL AIRPORT, WY US",6/18/2018,8.95,0.36,,73.00,51.00,,,,,,,,,,,,,
USW00094053,"TORRINGTON MUNICIPAL AIRPORT, WY US",6/19/2018,7.83,0.08,,65.00,49.00,,,,,,,,,,,,,
USW00094053,"TORRINGTON MUNICIPAL AIRPORT, WY US",6/20/2018,9.84,0.01,,74.00,47.00,,,,,,,,,,,,,
USW00094053,"TORRINGTON MUNICIPAL AIRPORT, WY US",6/21/2018,6.71,0,,83.00,49.00,,,,,,,,,,,,,
USW00094053,"TORRINGTON MUNICIPAL AIRPORT, WY US",6/22/2018,8.95,0.11,,85.00,52.00,,,,,,,,,,,,,
USW00094053,"TORRINGTON MUNICIPAL AIRPORT, WY US",6/23/2018,7.38,0.1,,86.00,52.00,,,,,,,,,,,,,
USW00094053,"TORRINGTON MUNICIPAL AIRPORT, WY US",6/24/2018,10.51,0.36,,70.00,52.00,,,,,,,,,,,,,
USW00094053,"TORRINGTON MUNICIPAL AIRPORT, WY US",6/25/2018,7.83,0,,83.00,55.00,,,,,,,,,,,,,
USW00094053,"TORRINGTON MUNICIPAL AIRPORT, WY US",6/26/2018,5.82,0,,95.00,55.00,,,,,,,,,,,,,
USW00094053,"TORRINGTON MUNICIPAL AIRPORT, WY US",6/27/2018,8.05,0,,92.00,56.00,,,,,,,,,,,,,
USW00094053,"TORRINGTON MUNICIPAL AIRPORT, WY US",6/28/2018,6.71,0,,105.00,62.00,,,,,,,,,,,,,
USW00094053,"TORRINGTON MUNICIPAL AIRPORT, WY US",6/29/2018,10.74,0.14,,91.00,59.00,,,,,,,,,,,,,
USW00094053,"TORRINGTON MUNICIPAL AIRPORT, WY US",6/30/2018,7.16,0.1,,71.00,51.00,,,,,,,,,,,,,
USW00094053,"TORRINGTON MUNICIPAL AIRPORT, WY US",7/1/2018,6.93,0,,87.00,45.00,,,,,,,,,,,,,
USW00094053,"TORRINGTON MUNICIPAL AIRPORT, WY US",7/2/2018,6.49,0,,97.00,50.00,,,,,,,,,,,,,
USW00094053,"TORRINGTON MUNICIPAL AIRPORT, WY US",7/3/2018,9.4,0,,94.00,60.00,,,,,,,,,,,,,
USW00094053,"TORRINGTON MUNICIPAL AIRPORT, WY US",7/4/2018,10.07,0,,86.00,60.00,,,,,,,,,,,,,
USW00094053,"TORRINGTON MUNICIPAL AIRPORT, WY US",7/5/2018,13.42,0,,88.00,65.00,,,,,,,,,,,,,
USW00094053,"TORRINGTON MUNICIPAL AIRPORT, WY US",7/6/2018,13.2,0,,96.00,60.00,,,,,,,,,,,,,
USW00094053,"TORRINGTON MUNICIPAL AIRPORT, WY US",7/7/2018,10.96,0,,103.00,62.00,,,,,,,,,,,,,
USW00094053,"TORRINGTON MUNICIPAL AIRPORT, WY US",7/8/2018,10.07,0,,100.00,65.00,,,,,,,,,,,,,
USW00094053,"TORRINGTON MUNICIPAL AIRPORT, WY US",7/9/2018,11.41,0,,99.00,60.00,,,,,,,,,,,,,
USW00094053,"TORRINGTON MUNICIPAL AIRPORT, WY US",7/10/2018,12.3,0,,101.00,61.00,,,,,,,,,,,,,
USW00094053,"TORRINGTON MUNICIPAL AIRPORT, WY US",7/11/2018,11.41,0,,99.00,62.00,,,,,,,,,,,,,
USW00094053,"TORRINGTON MUNICIPAL AIRPORT, WY US",7/12/2018,8.05,1.14,,90.00,62.00,,,,,,,,,,,,,
USW00094053,"TORRINGTON MUNICIPAL AIRPORT, WY US",7/13/2018,7.16,0,,89.00,61.00,,,,,,,,,,,,,
USW00094053,"TORRINGTON MUNICIPAL AIRPORT, WY US",7/14/2018,12.08,0,,95.00,62.00,,,,,,,,,,,,,
USW00094053,"TORRINGTON MUNICIPAL AIRPORT, WY US",7/15/2018,9.4,0.51,,75.00,61.00,,,,,,,,,,,,,
USW00094053,"TORRINGTON MUNICIPAL AIRPORT, WY US",7/16/2018,9.17,0.15,,90.00,58.00,,,,,,,,,,,,,
USW00094053,"TORRINGTON MUNICIPAL AIRPORT, WY US",7/17/2018,5.37,0,,90.00,58.00,,,,,,,,,,,,,
USW00094053,"TORRINGTON MUNICIPAL AIRPORT, WY US",7/18/2018,10.07,0,,91.00,63.00,,,,,,,,,,,,,
USW00094053,"TORRINGTON MUNICIPAL AIRPORT, WY US",7/19/2018,6.71,0,,94.00,56.00,,,,,,,,,,,,,
USW00094053,"TORRINGTON MUNICIPAL AIRPORT, WY US",7/20/2018,10.51,0,,90.00,60.00,,,,,,,,,,,,,
USW00094053,"TORRINGTON MUNICIPAL AIRPORT, WY US",7/21/2018,11.18,0,,95.00,68.00,,,,,,,,,,,,,
USW00094053,"TORRINGTON MUNICIPAL AIRPORT, WY US",7/22/2018,8.05,0,,85.00,63.00,,,,,,,,,,,,,
USW00094053,"TORRINGTON MUNICIPAL AIRPORT, WY US",7/23/2018,6.49,0,,79.00,63.00,,,,,,,,,,,,,
USW00094053,"TORRINGTON MUNICIPAL AIRPORT, WY US",7/24/2018,9.62,0.09,,93.00,60.00,,,,,,,,,,,,,
USW00094053,"TORRINGTON MUNICIPAL AIRPORT, WY US",7/25/2018,7.83,0.19,,86.00,60.00,,,,,,,,,,,,,
USW00094053,"TORRINGTON MUNICIPAL AIRPORT, WY US",7/26/2018,6.49,0.24,,83.00,54.00,,,,,,,,,,,,,
USW00094053,"TORRINGTON MUNICIPAL AIRPORT, WY US",7/27/2018,7.61,0.05,,77.00,54.00,,,,,,,,,,,,,
USW00094053,"TORRINGTON MUNICIPAL AIRPORT, WY US",7/28/2018,9.62,0.02,,79.00,56.00,,,,,,,,,,,,,
USW00094053,"TORRINGTON MUNICIPAL AIRPORT, WY US",7/29/2018,7.38,0.31,,78.00,55.00,,,,,,,,,,,,,
USW00094053,"TORRINGTON MUNICIPAL AIRPORT, WY US",7/30/2018,6.49,0,,79.00,50.00,,,,,,,,,,,,,
USW00094053,"TORRINGTON MUNICIPAL AIRPORT, WY US",7/31/2018,6.04,0,,88.00,51.00,,,,,,,,,,,,,
USW00094053,"TORRINGTON MUNICIPAL AIRPORT, WY US",8/1/2018,5.59,0,,84.00,54.00,,,,,,,,,,,,,
USW00094053,"TORRINGTON MUNICIPAL AIRPORT, WY US",8/2/2018,5.37,0,,95.00,54.00,,,,,,,,,,,,,
USW00094053,"TORRINGTON MUNICIPAL AIRPORT, WY US",8/3/2018,6.71,0.03,,87.00,61.00,,,,,,,,,,,,,
USW00094053,"TORRINGTON MUNICIPAL AIRPORT, WY US",8/4/2018,6.93,0,,94.00,55.00,,,,,,,,,,,,,
USW00094053,"TORRINGTON MUNICIPAL AIRPORT, WY US",8/5/2018,8.95,0.03,,81.00,56.00,,,,,,,,,,,,,
USW00094053,"TORRINGTON MUNICIPAL AIRPORT, WY US",8/6/2018,5.59,0,,81.00,55.00,,,,,,,,,,,,,
USW00094053,"TORRINGTON MUNICIPAL AIRPORT, WY US",8/7/2018,5.82,0,,90.00,53.00,,,,,,,,,,,,,
USW00094053,"TORRINGTON MUNICIPAL AIRPORT, WY US",8/8/2018,5.82,0,,91.00,53.00,,,,,,,,,,,,,
USW00094053,"TORRINGTON MUNICIPAL AIRPORT, WY US",8/9/2018,6.71,0,,94.00,53.00,,,,,,,,,,,,,
USW00094053,"TORRINGTON MUNICIPAL AIRPORT, WY US",8/10/2018,5.59,0,,94.00,55.00,,,,,,,,,,,,,
USW00094053,"TORRINGTON MUNICIPAL AIRPORT, WY US",8/11/2018,10.51,0,,95.00,57.00,,,,,,,,,,,,,
USW00094053,"TORRINGTON MUNICIPAL AIRPORT, WY US",8/12/2018,13.87,0,,95.00,59.00,,,,,,,,,,,,,
USW00094053,"TORRINGTON MUNICIPAL AIRPORT, WY US",8/13/2018,9.17,0,,90.00,54.00,,,,,,,,,,,,,
USW00094053,"TORRINGTON MUNICIPAL AIRPORT, WY US",8/14/2018,9.84,0,,79.00,56.00,,,,,,,,,,,,,
USW00094053,"TORRINGTON MUNICIPAL AIRPORT, WY US",8/15/2018,7.61,0,,86.00,57.00,,,,,,,,,,,,,
USW00094053,"TORRINGTON MUNICIPAL AIRPORT, WY US",8/16/2018,5.37,0,,89.00,52.00,,,,,,,,,,,,,
USW00094053,"TORRINGTON MUNICIPAL AIRPORT, WY US",8/17/2018,8.05,0,,91.00,52.00,,,,,,,,,,,,,
USW00094053,"TORRINGTON MUNICIPAL AIRPORT, WY US",8/18/2018,8.72,0,,79.00,56.00,,,,,,,,,,,,,
USW00094053,"TORRINGTON MUNICIPAL AIRPORT, WY US",8/19/2018,12.75,0.02,,69.00,47.00,,,,,,,,,,,,,
USW00094053,"TORRINGTON MUNICIPAL AIRPORT, WY US",8/20/2018,7.61,0,,72.00,39.00,,,,,,,,,,,,,
USW00094053,"TORRINGTON MUNICIPAL AIRPORT, WY US",8/21/2018,12.75,0.05,,71.00,51.00,,,,,,,,,,,,,
USW00094053,"TORRINGTON MUNICIPAL AIRPORT, WY US",8/22/2018,11.18,0,,82.00,51.00,,,,,,,,,,,,,
USW00094053,"TORRINGTON MUNICIPAL AIRPORT, WY US",8/23/2018,9.62,0,,87.00,53.00,,,,,,,,,,,,,
USW00094053,"TORRINGTON MUNICIPAL AIRPORT, WY US",8/24/2018,4.92,0,,92.00,46.00,,,,,,,,,,,,,
USW00094053,"TORRINGTON MUNICIPAL AIRPORT, WY US",8/25/2018,6.93,0,,93.00,50.00,,,,,,,,,,,,,
USW00094053,"TORRINGTON MUNICIPAL AIRPORT, WY US",8/26/2018,9.62,0,,96.00,57.00,,,,,,,,,,,,,
USW00094053,"TORRINGTON MUNICIPAL AIRPORT, WY US",8/27/2018,12.08,0,,89.00,57.00,,,,,,,,,,,,,
USW00094053,"TORRINGTON MUNICIPAL AIRPORT, WY US",8/28/2018,8.28,0,,71.00,48.00,,,,,,,,,,,,,
USW00094053,"TORRINGTON MUNICIPAL AIRPORT, WY US",8/29/2018,8.72,0,,88.00,46.00,,,,,,,,,,,,,
USW00094053,"TORRINGTON MUNICIPAL AIRPORT, WY US",8/30/2018,6.26,0,,95.00,51.00,,,,,,,,,,,,,
USW00094053,"TORRINGTON MUNICIPAL AIRPORT, WY US",8/31/2018,8.72,0,,93.00,63.00,,,,,,,,,,,,,
USW00094053,"TORRINGTON MUNICIPAL AIRPORT, WY US",9/1/2018,7.16,0,,89.00,50.00,,,,,,,,,,,,,
USW00094053,"TORRINGTON MUNICIPAL AIRPORT, WY US",9/2/2018,9.4,0,,81.00,50.00,,,,,,,,,,,,,
USW00094053,"TORRINGTON MUNICIPAL AIRPORT, WY US",9/3/2018,11.63,0,,84.00,54.00,,,,,,,,,,,,,
USW00094053,"TORRINGTON MUNICIPAL AIRPORT, WY US",9/4/2018,9.84,0,,79.00,54.00,,,,,,,,,,,,,
USW00094053,"TORRINGTON MUNICIPAL AIRPORT, WY US",9/5/2018,9.17,0,,79.00,54.00,,,,,,,,,,,,,
USW00094053,"TORRINGTON MUNICIPAL AIRPORT, WY US",9/6/2018,11.63,0,,79.00,55.00,,,,,,,,,,,,,
USW00094053,"TORRINGTON MUNICIPAL AIRPORT, WY US",9/7/2018,8.5,0,,83.00,48.00,,,,,,,,,,,,,
USW00094053,"TORRINGTON MUNICIPAL AIRPORT, WY US",9/8/2018,11.18,0.42,,87.00,51.00,,,,,,,,,,,,,
USW00094053,"TORRINGTON MUNICIPAL AIRPORT, WY US",9/9/2018,4.25,0,,89.00,49.00,,,,,,,,,,,,,
USW00094053,"TORRINGTON MUNICIPAL AIRPORT, WY US",9/10/2018,6.71,0,,86.00,48.00,,,,,,,,,,,,,
USW00094053,"TORRINGTON MUNICIPAL AIRPORT, WY US",9/11/2018,5.82,0,,91.00,50.00,,,,,,,,,,,,,
USW00094053,"TORRINGTON MUNICIPAL AIRPORT, WY US",9/12/2018,9.84,0,,95.00,52.00,,,,,,,,,,,,,
USW00094053,"TORRINGTON MUNICIPAL AIRPORT, WY US",9/13/2018,8.05,0,,91.00,47.00,,,,,,,,,,,,,
USW00094053,"TORRINGTON MUNICIPAL AIRPORT, WY US",9/14/2018,7.61,0,,90.00,47.00,,,,,,,,,,,,,
USW00094053,"TORRINGTON MUNICIPAL AIRPORT, WY US",9/15/2018,8.5,0,,95.00,51.00,,,,,,,,,,,,,
USW00094053,"TORRINGTON MUNICIPAL AIRPORT, WY US",9/16/2018,8.5,0,,94.00,55.00,,,,,,,,,,,,,
USW00094053,"TORRINGTON MUNICIPAL AIRPORT, WY US",9/17/2018,7.83,0,,95.00,59.00,,,,,,,,,,,,,
USW00094053,"TORRINGTON MUNICIPAL AIRPORT, WY US",9/18/2018,10.51,0.03,,83.00,55.00,,,,,,,,,,,,,
USW00094053,"TORRINGTON MUNICIPAL AIRPORT, WY US",9/19/2018,10.74,0.01,,71.00,54.00,,,,,,,,,,,,,
USW00094053,"TORRINGTON MUNICIPAL AIRPORT, WY US",9/20/2018,7.61,0.01,,82.00,46.00,,,,,,,,,,,,,
USW00094053,"TORRINGTON MUNICIPAL AIRPORT, WY US",9/21/2018,9.62,0,,78.00,35.00,,,,,,,,,,,,,
USW00094053,"TORRINGTON MUNICIPAL AIRPORT, WY US",9/22/2018,5.82,0,,90.00,42.00,,,,,,,,,,,,,
USW00094053,"TORRINGTON MUNICIPAL AIRPORT, WY US",9/23/2018,5.82,0,,92.00,40.00,,,,,,,,,,,,,
USW00094053,"TORRINGTON MUNICIPAL AIRPORT, WY US",9/24/2018,10.96,0.02,,74.00,49.00,,,,,,,,,,,,,
USW00094053,"TORRINGTON MUNICIPAL AIRPORT, WY US",9/25/2018,10.51,0.01,,65.00,36.00,,,,,,,,,,,,,
USW00094053,"TORRINGTON MUNICIPAL AIRPORT, WY US",9/26/2018,5.14,0,,75.00,28.00,,,,,,,,,,,,,
USW00094053,"TORRINGTON MUNICIPAL AIRPORT, WY US",9/27/2018,8.5,0,,74.00,37.00,,,,,,,,,,,,,
USW00094053,"TORRINGTON MUNICIPAL AIRPORT, WY US",9/28/2018,12.08,0,,44.00,36.00,,,,,,,,,,,,,
USW00094053,"TORRINGTON MUNICIPAL AIRPORT, WY US",9/29/2018,8.28,0,,63.00,35.00,,,,,,,,,,,,,
USW00094053,"TORRINGTON MUNICIPAL AIRPORT, WY US",9/30/2018,10.51,0.01,,49.00,40.00,,,,,,,,,,,,,
USW00094053,"TORRINGTON MUNICIPAL AIRPORT, WY US",10/1/2018,9.4,0,,77.00,44.00,,,,,,,,,,,,,
USW00094053,"TORRINGTON MUNICIPAL AIRPORT, WY US",10/2/2018,5.59,0,,85.00,43.00,,,,,,,,,,,,,
USW00094053,"TORRINGTON MUNICIPAL AIRPORT, WY US",10/3/2018,15.88,0,,82.00,34.00,,,,,,,,,,,,,
USW00094053,"TORRINGTON MUNICIPAL AIRPORT, WY US",10/4/2018,12.53,0.18,,58.00,34.00,,,,,,,,,,,,,
USW00094053,"TORRINGTON MUNICIPAL AIRPORT, WY US",10/5/2018,8.72,0.01,,49.00,28.00,,,,,,,,,,,,,
USW00094053,"TORRINGTON MUNICIPAL AIRPORT, WY US",10/6/2018,11.63,0,,57.00,21.00,,,,,,,,,,,,,
USW00094053,"TORRINGTON MUNICIPAL AIRPORT, WY US",10/7/2018,11.63,0.02,,42.00,36.00,,,,,,,,,,,,,
USW00094053,"TORRINGTON MUNICIPAL AIRPORT, WY US",10/8/2018,6.04,0.1,,40.00,32.00,,,,,,,,,,,,,
USW00094053,"TORRINGTON MUNICIPAL AIRPORT, WY US",10/9/2018,7.61,0,,40.00,31.00,,,,,,,,,,,,,
USW00094053,"TORRINGTON MUNICIPAL AIRPORT, WY US",10/10/2018,4.7,0.06,,37.00,30.00,,,,,,,,,,,,,
USW00094053,"TORRINGTON MUNICIPAL AIRPORT, WY US",10/11/2018,8.05,0.03,,50.00,28.00,,,,,,,,,,,,,
USW00094053,"TORRINGTON MUNICIPAL AIRPORT, WY US",10/12/2018,8.28,0.01,,64.00,28.00,,,,,,,,,,,,,
USW00094053,"TORRINGTON MUNICIPAL AIRPORT, WY US",10/13/2018,10.29,0.05,,59.00,25.00,,,,,,,,,,,,,
USW00094053,"TORRINGTON MUNICIPAL AIRPORT, WY US",10/14/2018,8.05,0.02,,31.00,13.00,,,,,,,,,,,,,
USW00094053,"TORRINGTON MUNICIPAL AIRPORT, WY US",10/15/2018,4.7,0,,47.00,6.00,,,,,,,,,,,,,
USW00094053,"TORRINGTON MUNICIPAL AIRPORT, WY US",10/16/2018,8.28,0,,63.00,29.00,,,,,,,,,,,,,
USW00094053,"TORRINGTON MUNICIPAL AIRPORT, WY US",10/17/2018,7.61,0,,64.00,29.00,,,,,,,,,,,,,
USW00094053,"TORRINGTON MUNICIPAL AIRPORT, WY US",10/18/2018,5.82,0,,72.00,38.00,,,,,,,,,,,,,
USW00094053,"TORRINGTON MUNICIPAL AIRPORT, WY US",10/19/2018,9.17,0,,66.00,35.00,,,,,,,,,,,,,
USW00094053,"TORRINGTON MUNICIPAL AIRPORT, WY US",10/20/2018,6.93,0,,70.00,27.00,,,,,,,,,,,,,
USW00094053,"TORRINGTON MUNICIPAL AIRPORT, WY US",10/21/2018,5.82,0,,77.00,30.00,,,,,,,,,,,,,
USW00094053,"TORRINGTON MUNICIPAL AIRPORT, WY US",10/22/2018,6.71,0,,68.00,33.00,,,,,,,,,,,,,
USW00094053,"TORRINGTON MUNICIPAL AIRPORT, WY US",10/23/2018,12.53,0,,66.00,38.00,,,,,,,,,,,,,
USW00094053,"TORRINGTON MUNICIPAL AIRPORT, WY US",10/24/2018,6.26,0,,70.00,40.00,,,,,,,,,,,,,
USW00094053,"TORRINGTON MUNICIPAL AIRPORT, WY US",10/25/2018,7.38,0,,71.00,37.00,,,,,,,,,,,,,
USW00094053,"TORRINGTON MUNICIPAL AIRPORT, WY US",10/26/2018,7.61,0,,69.00,39.00,,,,,,,,,,,,,
USW00094053,"TORRINGTON MUNICIPAL AIRPORT, WY US",10/27/2018,10.51,0,,77.00,32.00,,,,,,,,,,,,,
USW00094053,"TORRINGTON MUNICIPAL AIRPORT, WY US",10/28/2018,5.82,0,,71.00,29.00,,,,,,,,,,,,,
USW00094053,"TORRINGTON MUNICIPAL AIRPORT, WY US",10/29/2018,12.75,0,,79.00,39.00,,,,,,,,,,,,,
USW00094053,"TORRINGTON MUNICIPAL AIRPORT, WY US",10/30/2018,7.83,0.06,,54.00,30.00,,,,,,,,,,,,,
USW00094053,"TORRINGTON MUNICIPAL AIRPORT, WY US",10/31/2018,6.26,0,,53.00,24.00,,,,,,,,,,,,,
USW00094053,"TORRINGTON MUNICIPAL AIRPORT, WY US",11/1/2018,12.75,0,,53.00,36.00,,,,,,,,,,,,,
USW00094053,"TORRINGTON MUNICIPAL AIRPORT, WY US",11/2/2018,9.62,0.03,,61.00,36.00,,,,,,,,,,,,,
USW00094053,"TORRINGTON MUNICIPAL AIRPORT, WY US",11/3/2018,14.54,0,,46.00,29.00,,,,,,,,,,,,,
USW00094053,"TORRINGTON MUNICIPAL AIRPORT, WY US",11/4/2018,12.08,0.05,,54.00,21.00,,,,,,,,,,,,,
USW00094053,"TORRINGTON MUNICIPAL AIRPORT, WY US",11/5/2018,12.08,0.01,,51.00,36.00,,,,,,,,,,,,,
USW00094053,"TORRINGTON MUNICIPAL AIRPORT, WY US",11/6/2018,7.61,0,,50.00,28.00,,,,,,,,,,,,,
USW00094053,"TORRINGTON MUNICIPAL AIRPORT, WY US",11/7/2018,6.93,0,,43.00,24.00,,,,,,,,,,,,,
USW00094053,"TORRINGTON MUNICIPAL AIRPORT, WY US",11/8/2018,6.71,0,,37.00,19.00,,,,,,,,,,,,,
USW00094053,"TORRINGTON MUNICIPAL AIRPORT, WY US",11/9/2018,7.38,0,,39.00,14.00,,,,,,,,,,,,,
USW00094053,"TORRINGTON MUNICIPAL AIRPORT, WY US",11/10/2018,8.95,0,,48.00,17.00,,,,,,,,,,,,,
USW00094053,"TORRINGTON MUNICIPAL AIRPORT, WY US",11/11/2018,7.38,0,,36.00,19.00,,,,,,,,,,,,,
USW00094053,"TORRINGTON MUNICIPAL AIRPORT, WY US",11/12/2018,7.38,0,,35.00,11.00,,,,,,,,,,,,,
USW00094053,"TORRINGTON MUNICIPAL AIRPORT, WY US",11/13/2018,6.49,0,,54.00,21.00,,,,,,,,,,,,,
USW00094053,"TORRINGTON MUNICIPAL AIRPORT, WY US",11/14/2018,6.26,0,,67.00,19.00,,,,,,,,,,,,,
USW00094053,"TORRINGTON MUNICIPAL AIRPORT, WY US",11/15/2018,8.95,0,,57.00,21.00,,,,,,,,,,,,,
USW00094053,"TORRINGTON MUNICIPAL AIRPORT, WY US",11/16/2018,12.53,0,,62.00,20.00,,,,,,,,,,,,,
USW00094053,"TORRINGTON MUNICIPAL AIRPORT, WY US",11/17/2018,8.28,0,,33.00,-2.00,,,,,,,,,,,,,
USW00094053,"TORRINGTON MUNICIPAL AIRPORT, WY US",11/18/2018,4.7,0,,36.00,-9.00,,,,,,,,,,,,,
USW00094053,"TORRINGTON MUNICIPAL AIRPORT, WY US",11/19/2018,4.92,0,,44.00,19.00,,,,,,,,,,,,,
USW00094053,"TORRINGTON MUNICIPAL AIRPORT, WY US",11/20/2018,4.25,0,,50.00,16.00,,,,,,,,,,,,,
USW00094053,"TORRINGTON MUNICIPAL AIRPORT, WY US",11/21/2018,3.58,0,,58.00,17.00,,,,,,,,,,,,,
USW00094053,"TORRINGTON MUNICIPAL AIRPORT, WY US",11/22/2018,6.26,0,,51.00,20.00,,,,,,,,,,,,,
USW00094053,"TORRINGTON MUNICIPAL AIRPORT, WY US",11/23/2018,17.45,0,,53.00,26.00,,,,,,,,,,,,,
USW00094053,"TORRINGTON MUNICIPAL AIRPORT, WY US",11/24/2018,13.42,0.16,,41.00,27.00,,,,,,,,,,,,,
USW00094053,"TORRINGTON MUNICIPAL AIRPORT, WY US",11/25/2018,6.93,0,,38.00,21.00,,,,,,,,,,,,,
USW00094053,"TORRINGTON MUNICIPAL AIRPORT, WY US",11/26/2018,4.7,0,,44.00,16.00,,,,,,,,,,,,,
USW00094053,"TORRINGTON MUNICIPAL AIRPORT, WY US",11/27/2018,12.53,0,,56.00,27.00,,,,,,,,,,,,,
USW00094053,"TORRINGTON MUNICIPAL AIRPORT, WY US",11/28/2018,11.86,0.01,,56.00,35.00,,,,,,,,,,,,,
USW00094053,"TORRINGTON MUNICIPAL AIRPORT, WY US",11/29/2018,4.7,0.01,,52.00,31.00,,,,,,,,,,,,,
USW00094053,"TORRINGTON MUNICIPAL AIRPORT, WY US",11/30/2018,6.93,0.12,,40.00,33.00,,,,,,,,,,,,,
USW00094053,"TORRINGTON MUNICIPAL AIRPORT, WY US",12/1/2018,11.41,0,,37.00,29.00,,,,,,,,,,,,,
USW00094053,"TORRINGTON MUNICIPAL AIRPORT, WY US",12/2/2018,4.47,0,,35.00,23.00,,,,,,,,,,,,,
USW00094053,"TORRINGTON MUNICIPAL AIRPORT, WY US",12/3/2018,2.91,0,,33.00,23.00,,,,,,,,,,,,,
USW00094053,"TORRINGTON MUNICIPAL AIRPORT, WY US",12/4/2018,11.41,0,,34.00,22.00,,,,,,,,,,,,,
USW00094053,"TORRINGTON MUNICIPAL AIRPORT, WY US",12/5/2018,10.07,0,,37.00,20.00,,,,,,,,,,,,,
USW00094053,"TORRINGTON MUNICIPAL AIRPORT, WY US",12/6/2018,6.49,0,,28.00,10.00,,,,,,,,,,,,,
USW00094053,"TORRINGTON MUNICIPAL AIRPORT, WY US",12/7/2018,5.82,0,,36.00,3.00,,,,,,,,,,,,,
USW00094053,"TORRINGTON MUNICIPAL AIRPORT, WY US",12/8/2018,6.26,0,,46.00,11.00,,,,,,,,,,,,,
USW00094053,"TORRINGTON MUNICIPAL AIRPORT, WY US",12/9/2018,9.62,0,,44.00,12.00,,,,,,,,,,,,,
USW00094053,"TORRINGTON MUNICIPAL AIRPORT, WY US",12/10/2018,5.59,0,,51.00,9.00,,,,,,,,,,,,,
USW00094053,"TORRINGTON MUNICIPAL AIRPORT, WY US",12/11/2018,11.18,0,,45.00,24.00,,,,,,,,,,,,,
USW00094053,"TORRINGTON MUNICIPAL AIRPORT, WY US",12/12/2018,19.46,0,,47.00,31.00,,,,,,,,,,,,,
USW00094053,"TORRINGTON MUNICIPAL AIRPORT, WY US",12/13/2018,9.17,0,,42.00,17.00,,,,,,,,,,,,,
USW00094053,"TORRINGTON MUNICIPAL AIRPORT, WY US",12/14/2018,5.82,0,,54.00,22.00,,,,,,,,,,,,,
USW00094053,"TORRINGTON MUNICIPAL AIRPORT, WY US",12/15/2018,11.86,0,,56.00,23.00,,,,,,,,,,,,,
USW00094053,"TORRINGTON MUNICIPAL AIRPORT, WY US",12/16/2018,5.82,0,,59.00,22.00,,,,,,,,,,,,,
USW00094053,"TORRINGTON MUNICIPAL AIRPORT, WY US",12/17/2018,3.8,0,,60.00,19.00,,,,,,,,,,,,,
USW00094053,"TORRINGTON MUNICIPAL AIRPORT, WY US",12/18/2018,10.74,0,,56.00,26.00,,,,,,,,,,,,,
USW00094053,"TORRINGTON MUNICIPAL AIRPORT, WY US",12/19/2018,16.55,0,,48.00,30.00,,,,,,,,,,,,,
USW00094053,"TORRINGTON MUNICIPAL AIRPORT, WY US",12/20/2018,6.71,0,,48.00,20.00,,,,,,,,,,,,,
USW00094053,"TORRINGTON MUNICIPAL AIRPORT, WY US",12/21/2018,12.3,0,,56.00,19.00,,,,,,,,,,,,,
USW00094053,"TORRINGTON MUNICIPAL AIRPORT, WY US",12/22/2018,6.93,0,,38.00,19.00,,,,,,,,,,,,,
USW00094053,"TORRINGTON MUNICIPAL AIRPORT, WY US",12/23/2018,8.05,0,,47.00,8.00,,,,,,,,,,,,,
USW00094053,"TORRINGTON MUNICIPAL AIRPORT, WY US",12/24/2018,5.14,0,,48.00,21.00,,,,,,,,,,,,,
USW00094053,"TORRINGTON MUNICIPAL AIRPORT, WY US",12/25/2018,8.28,0,,43.00,15.00,,,,,,,,,,,,,
USW00094053,"TORRINGTON MUNICIPAL AIRPORT, WY US",12/26/2018,10.96,0,,36.00,20.00,,,,,,,,,,,,,
USW00094053,"TORRINGTON MUNICIPAL AIRPORT, WY US",12/27/2018,17.9,0,,25.00,17.00,,,,,,,,,,,,,
USW00094053,"TORRINGTON MUNICIPAL AIRPORT, WY US",12/28/2018,5.82,0,,22.00,0.00,,,,,,,,,,,,,
USW00094053,"TORRINGTON MUNICIPAL AIRPORT, WY US",12/29/2018,11.63,0,,37.00,-3.00,,,,,,,,,,,,,
USW00094053,"TORRINGTON MUNICIPAL AIRPORT, WY US",12/30/2018,14.32,0,,45.00,21.00,,,,,,,,,,,,,
USW00094053,"TORRINGTON MUNICIPAL AIRPORT, WY US",12/31/2018,14.32,0,,31.00,6.00,,,,,,,,,,,,,
USW00094053,"TORRINGTON MUNICIPAL AIRPORT, WY US",1/1/2019,4.7,0,,16.00,-6.00,,,,,,,,,,,,,
USW00094053,"TORRINGTON MUNICIPAL AIRPORT, WY US",1/2/2019,6.49,0,,39.00,-4.00,,,,,,,,,,,,,
USW00094053,"TORRINGTON MUNICIPAL AIRPORT, WY US",1/3/2019,5.59,0,,52.00,9.00,,,,,,,,,,,,,
USW00094053,"TORRINGTON MUNICIPAL AIRPORT, WY US",1/4/2019,8.5,0,,61.00,25.00,,,,,,,,,,,,,
USW00094053,"TORRINGTON MUNICIPAL AIRPORT, WY US",1/5/2019,5.14,0,,62.00,22.00,,,,,,,,,,,,,
USW00094053,"TORRINGTON MUNICIPAL AIRPORT, WY US",1/6/2019,9.62,0,,57.00,30.00,,,,,,,,,,,,,
USW00094053,"TORRINGTON MUNICIPAL AIRPORT, WY US",1/7/2019,19.01,0,,50.00,30.00,,,,,,,,,,,,,
USW00094053,"TORRINGTON MUNICIPAL AIRPORT, WY US",1/8/2019,10.07,0,,46.00,13.00,,,,,,,,,,,,,
USW00094053,"TORRINGTON MUNICIPAL AIRPORT, WY US",1/9/2019,7.61,0,,47.00,11.00,,,,,,,,,,,,,
USW00094053,"TORRINGTON MUNICIPAL AIRPORT, WY US",1/10/2019,7.16,0,,60.00,20.00,,,,,,,,,,,,,
USW00094053,"TORRINGTON MUNICIPAL AIRPORT, WY US",1/11/2019,7.61,0.05,,43.00,23.00,,,,,,,,,,,,,
USW00094053,"TORRINGTON MUNICIPAL AIRPORT, WY US",1/12/2019,6.93,0,,46.00,19.00,,,,,,,,,,,,,
USW00094053,"TORRINGTON MUNICIPAL AIRPORT, WY US",1/13/2019,3.8,0,,45.00,12.00,,,,,,,,,,,,,
USW00094053,"TORRINGTON MUNICIPAL AIRPORT, WY US",1/14/2019,7.38,0,,50.00,11.00,,,,,,,,,,,,,
USW00094053,"TORRINGTON MUNICIPAL AIRPORT, WY US",1/15/2019,5.37,0,,53.00,10.00,,,,,,,,,,,,,
USW00094053,"TORRINGTON MUNICIPAL AIRPORT, WY US",1/16/2019,5.14,0,,38.00,19.00,,,,,,,,,,,,,
USW00094053,"TORRINGTON MUNICIPAL AIRPORT, WY US",1/17/2019,6.93,0.05,,51.00,28.00,,,,,,,,,,,,,
USW00094053,"TORRINGTON MUNICIPAL AIRPORT, WY US",1/18/2019,9.62,0,,39.00,27.00,,,,,,,,,,,,,
USW00094053,"TORRINGTON MUNICIPAL AIRPORT, WY US",1/19/2019,10.51,0,,46.00,11.00,,,,,,,,,,,,,
USW00094053,"TORRINGTON MUNICIPAL AIRPORT, WY US",1/20/2019,10.51,0,,51.00,30.00,,,,,,,,,,,,,
USW00094053,"TORRINGTON MUNICIPAL AIRPORT, WY US",1/21/2019,10.74,0.01,,37.00,18.00,,,,,,,,,,,,,
USW00094053,"TORRINGTON MUNICIPAL AIRPORT, WY US",1/22/2019,10.96,0,,31.00,15.00,,,,,,,,,,,,,
USW00094053,"TORRINGTON MUNICIPAL AIRPORT, WY US",1/23/2019,12.53,0,,40.00,20.00,,,,,,,,,,,,,
USW00094053,"TORRINGTON MUNICIPAL AIRPORT, WY US",1/24/2019,8.5,0,,29.00,7.00,,,,,,,,,,,,,
USW00094053,"TORRINGTON MUNICIPAL AIRPORT, WY US",1/25/2019,11.18,0,,42.00,9.00,,,,,,,,,,,,,
USW00094053,"TORRINGTON MUNICIPAL AIRPORT, WY US",1/26/2019,12.3,0,,42.00,19.00,,,,,,,,,,,,,
USW00094053,"TORRINGTON MUNICIPAL AIRPORT, WY US",1/27/2019,22.37,0,,54.00,32.00,,,,,,,,,,,,,
USW00094053,"TORRINGTON MUNICIPAL AIRPORT, WY US",1/28/2019,16.55,0,,34.00,14.00,,,,,,,,,,,,,
USW00094053,"TORRINGTON MUNICIPAL AIRPORT, WY US",1/29/2019,10.07,0,,31.00,8.00,,,,,,,,,,,,,
USW00094053,"TORRINGTON MUNICIPAL AIRPORT, WY US",1/30/2019,7.83,0,,44.00,1.00,,,,,,,,,,,,,
USW00094053,"TORRINGTON MUNICIPAL AIRPORT, WY US",1/31/2019,8.72,0,,51.00,22.00,,,,,,,,,,,,,
USW00094053,"TORRINGTON MUNICIPAL AIRPORT, WY US",2/1/2019,7.38,0,,62.00,19.00,,,,,,,,,,,,,
USW00094053,"TORRINGTON MUNICIPAL AIRPORT, WY US",2/2/2019,13.65,0,,63.00,33.00,,,,,,,,,,,,,
USW00094053,"TORRINGTON MUNICIPAL AIRPORT, WY US",2/3/2019,9.84,0.01,,56.00,16.00,,,,,,,,,,,,,
USW00094053,"TORRINGTON MUNICIPAL AIRPORT, WY US",2/4/2019,10.51,0,,21.00,13.00,,,,,,,,,,,,,
USW00094053,"TORRINGTON MUNICIPAL AIRPORT, WY US",2/5/2019,12.75,0,,41.00,16.00,,,,,,,,,,,,,
USW00094053,"TORRINGTON MUNICIPAL AIRPORT, WY US",2/6/2019,11.86,0,,19.00,-4.00,,,,,,,,,,,,,
USW00094053,"TORRINGTON MUNICIPAL AIRPORT, WY US",2/7/2019,6.26,0,,12.00,-14.00,,,,,,,,,,,,,
USW00094053,"TORRINGTON MUNICIPAL AIRPORT, WY US",2/8/2019,6.49,0,,22.00,-17.00,,,,,,,,,,,,,
USW00094053,"TORRINGTON MUNICIPAL AIRPORT, WY US",2/9/2019,8.28,0,,26.00,-2.00,,,,,,,,,,,,,
USW00094053,"TORRINGTON MUNICIPAL AIRPORT, WY US",2/10/2019,7.38,0,,19.00,2.00,,,,,,,,,,,,,
USW00094053,"TORRINGTON MUNICIPAL AIRPORT, WY US",2/11/2019,11.63,0,,33.00,5.00,,,,,,,,,,,,,
USW00094053,"TORRINGTON MUNICIPAL AIRPORT, WY US",2/12/2019,17.9,0,,45.00,26.00,,,,,,,,,,,,,
USW00094053,"TORRINGTON MUNICIPAL AIRPORT, WY US",2/13/2019,7.16,0,,56.00,33.00,,,,,,,,,,,,,
USW00094053,"TORRINGTON MUNICIPAL AIRPORT, WY US",2/14/2019,12.08,0,,47.00,24.00,,,,,,,,,,,,,
USW00094053,"TORRINGTON MUNICIPAL AIRPORT, WY US",2/15/2019,15.43,0,,35.00,13.00,,,,,,,,,,,,,
USW00094053,"TORRINGTON MUNICIPAL AIRPORT, WY US",2/16/2019,12.75,0,,37.00,9.00,,,,,,,,,,,,,
USW00094053,"TORRINGTON MUNICIPAL AIRPORT, WY US",2/17/2019,13.42,0,,24.00,1.00,,,,,,,,,,,,,
USW00094053,"TORRINGTON MUNICIPAL AIRPORT, WY US",2/18/2019,8.72,0,,19.00,-4.00,,,,,,,,,,,,,
USW00094053,"TORRINGTON MUNICIPAL AIRPORT, WY US",2/19/2019,10.29,0,,22.00,4.00,,,,,,,,,,,,,
USW00094053,"TORRINGTON MUNICIPAL AIRPORT, WY US",2/20/2019,8.95,0,,35.00,-2.00,,,,,,,,,,,,,
USW00094053,"TORRINGTON MUNICIPAL AIRPORT, WY US",2/21/2019,10.07,0,,29.00,8.00,,,,,,,,,,,,,
USW00094053,"TORRINGTON MUNICIPAL AIRPORT, WY US",2/22/2019,6.04,0,,24.00,16.00,,,,,,,,,,,,,
USW00094053,"TORRINGTON MUNICIPAL AIRPORT, WY US",2/23/2019,11.86,0,,39.00,13.00,,,,,,,,,,,,,
USW00094053,"TORRINGTON MUNICIPAL AIRPORT, WY US",2/24/2019,11.63,0,,35.00,9.00,,,,,,,,,,,,,
USW00094053,"TORRINGTON MUNICIPAL AIRPORT, WY US",2/25/2019,12.75,0,,20.00,8.00,,,,,,,,,,,,,
USW00094053,"TORRINGTON MUNICIPAL AIRPORT, WY US",2/26/2019,10.51,0,,49.00,5.00,,,,,,,,,,,,,
USW00094053,"TORRINGTON MUNICIPAL AIRPORT, WY US",2/27/2019,6.26,0,,24.00,3.00,,,,,,,,,,,,,
USW00094053,"TORRINGTON MUNICIPAL AIRPORT, WY US",2/28/2019,6.26,0.01,,47.00,12.00,,,,,,,,,,,,,
USW00094053,"TORRINGTON MUNICIPAL AIRPORT, WY US",3/1/2019,12.08,0,,42.00,21.00,,,,,,,,,,,,,
USW00094053,"TORRINGTON MUNICIPAL AIRPORT, WY US",3/2/2019,12.75,0,,21.00,-2.00,,,,,,,,,,,,,
USW00094053,"TORRINGTON MUNICIPAL AIRPORT, WY US",3/3/2019,5.82,0,,9.00,-13.00,,,,,,,,,,,,,
USW00094053,"TORRINGTON MUNICIPAL AIRPORT, WY US",3/4/2019,6.71,0,,20.00,-17.00,,,,,,,,,,,,,
USW00094053,"TORRINGTON MUNICIPAL AIRPORT, WY US",3/5/2019,7.16,0,,29.00,-1.00,,,,,,,,,,,,,
USW00094053,"TORRINGTON MUNICIPAL AIRPORT, WY US",3/6/2019,9.84,0,,33.00,16.00,,,,,,,,,,,,,
USW00094053,"TORRINGTON MUNICIPAL AIRPORT, WY US",3/7/2019,7.38,0,,31.00,16.00,,,,,,,,,,,,,
USW00094053,"TORRINGTON MUNICIPAL AIRPORT, WY US",3/8/2019,4.92,0.07,,42.00,9.00,,,,,,,,,,,,,
USW00094053,"TORRINGTON MUNICIPAL AIRPORT, WY US",3/9/2019,16.11,0,,35.00,18.00,,,,,,,,,,,,,
USW00094053,"TORRINGTON MUNICIPAL AIRPORT, WY US",3/10/2019,4.7,0,,44.00,13.00,,,,,,,,,,,,,
USW00094053,"TORRINGTON MUNICIPAL AIRPORT, WY US",3/11/2019,5.82,0,,48.00,20.00,,,,,,,,,,,,,
USW00094053,"TORRINGTON MUNICIPAL AIRPORT, WY US",3/12/2019,7.61,0,,58.00,23.00,,,,,,,,,,,,,
USW00094053,"TORRINGTON MUNICIPAL AIRPORT, WY US",3/13/2019,29.97,0.4,,40.00,27.00,,,,,,,,,,,,,
USW00094053,"TORRINGTON MUNICIPAL AIRPORT, WY US",3/14/2019,21.7,0,,32.00,19.00,,,,,,,,,,,,,
USW00094053,"TORRINGTON MUNICIPAL AIRPORT, WY US",3/15/2019,5.59,0,,41.00,11.00,,,,,,,,,,,,,
USW00094053,"TORRINGTON MUNICIPAL AIRPORT, WY US",3/16/2019,5.37,0,,43.00,18.00,,,,,,,,,,,,,
USW00094053,"TORRINGTON MUNICIPAL AIRPORT, WY US",3/17/2019,7.83,0,,50.00,20.00,,,,,,,,,,,,,
USW00094053,"TORRINGTON MUNICIPAL AIRPORT, WY US",3/18/2019,6.49,0,,46.00,24.00,,,,,,,,,,,,,
USW00094053,"TORRINGTON MUNICIPAL AIRPORT, WY US",3/19/2019,10.51,0,,44.00,26.00,,,,,,,,,,,,,
USW00094053,"TORRINGTON MUNICIPAL AIRPORT, WY US",3/20/2019,9.62,0,,59.00,24.00,,,,,,,,,,,,,
USW00094053,"TORRINGTON MUNICIPAL AIRPORT, WY US",3/21/2019,8.28,0,,65.00,24.00,,,,,,,,,,,,,
USW00094053,"TORRINGTON MUNICIPAL AIRPORT, WY US",3/22/2019,8.95,0.24,,51.00,34.00,,,,,,,,,,,,,
USW00094053,"TORRINGTON MUNICIPAL AIRPORT, WY US",3/23/2019,3.58,0.36,,44.00,36.00,,,,,,,,,,,,,
USW00094053,"TORRINGTON MUNICIPAL AIRPORT, WY US",3/24/2019,6.26,0.06,,50.00,39.00,,,,,,,,,,,,,
USW00094053,"TORRINGTON MUNICIPAL AIRPORT, WY US",3/25/2019,9.17,0.03,,56.00,31.00,,,,,,,,,,,,,
USW00094053,"TORRINGTON MUNICIPAL AIRPORT, WY US",3/26/2019,6.26,0,,69.00,28.00,,,,,,,,,,,,,
USW00094053,"TORRINGTON MUNICIPAL AIRPORT, WY US",3/27/2019,7.83,0,,71.00,35.00,,,,,,,,,,,,,
USW00094053,"TORRINGTON MUNICIPAL AIRPORT, WY US",3/28/2019,9.4,0,,46.00,32.00,,,,,,,,,,,,,
USW00094053,"TORRINGTON MUNICIPAL AIRPORT, WY US",3/29/2019,10.07,0.1,,40.00,32.00,,,,,,,,,,,,,
USW00094053,"TORRINGTON MUNICIPAL AIRPORT, WY US",3/30/2019,8.72,0,,45.00,23.00,,,,,,,,,,,,,
USW00094053,"TORRINGTON MUNICIPAL AIRPORT, WY US",3/31/2019,3.58,0,,55.00,21.00,,,,,,,,,,,,,
USW00094053,"TORRINGTON MUNICIPAL AIRPORT, WY US",4/1/2019,9.17,0,,55.00,22.00,,,,,,,,,,,,,
USW00094053,"TORRINGTON MUNICIPAL AIRPORT, WY US",4/2/2019,5.82,0.06,,54.00,28.00,,,,,,,,,,,,,
USW00094053,"TORRINGTON MUNICIPAL AIRPORT, WY US",4/3/2019,10.51,0.1,,57.00,37.00,,,,,,,,,,,,,
USW00094053,"TORRINGTON MUNICIPAL AIRPORT, WY US",4/4/2019,7.16,0,,69.00,37.00,,,,,,,,,,,,,
USW00094053,"TORRINGTON MUNICIPAL AIRPORT, WY US",4/5/2019,4.92,0,,73.00,37.00,,,,,,,,,,,,,
USW00094053,"TORRINGTON MUNICIPAL AIRPORT, WY US",4/6/2019,8.5,0,,73.00,34.00,,,,,,,,,,,,,
USW00094053,"TORRINGTON MUNICIPAL AIRPORT, WY US",4/7/2019,12.75,0,,71.00,39.00,,,,,,,,,,,,,
USW00094053,"TORRINGTON MUNICIPAL AIRPORT, WY US",4/8/2019,10.51,0,,72.00,42.00,,,,,,,,,,,,,
USW00094053,"TORRINGTON MUNICIPAL AIRPORT, WY US",4/9/2019,9.17,0,,73.00,36.00,,,,,,,,,,,,,
USW00094053,"TORRINGTON MUNICIPAL AIRPORT, WY US",4/10/2019,17.9,0.02,,42.00,19.00,,,,,,,,,,,,,
USW00094053,"TORRINGTON MUNICIPAL AIRPORT, WY US",4/11/2019,17.9,0.01,,30.00,20.00,,,,,,,,,,,,,
USW00094053,"TORRINGTON MUNICIPAL AIRPORT, WY US",4/12/2019,11.86,0,,40.00,20.00,,,,,,,,,,,,,
USW00094053,"TORRINGTON MUNICIPAL AIRPORT, WY US",4/13/2019,8.72,0,,47.00,18.00,,,,,,,,,,,,,
USW00094053,"TORRINGTON MUNICIPAL AIRPORT, WY US",4/14/2019,11.86,0,,64.00,31.00,,,,,,,,,,,,,
USW00094053,"TORRINGTON MUNICIPAL AIRPORT, WY US",4/15/2019,9.62,0.05,,65.00,43.00,,,,,,,,,,,,,
USW00094053,"TORRINGTON MUNICIPAL AIRPORT, WY US",4/16/2019,11.41,0,,65.00,38.00,,,,,,,,,,,,,
USW00094053,"TORRINGTON MUNICIPAL AIRPORT, WY US",4/17/2019,14.32,0,,62.00,40.00,,,,,,,,,,,,,
USW00094053,"TORRINGTON MUNICIPAL AIRPORT, WY US",4/18/2019,16.55,0,,60.00,33.00,,,,,,,,,,,,,
USW00094053,"TORRINGTON MUNICIPAL AIRPORT, WY US",4/19/2019,4.92,0,,77.00,26.00,,,,,,,,,,,,,
USW00094053,"TORRINGTON MUNICIPAL AIRPORT, WY US",4/20/2019,7.38,0,,80.00,35.00,,,,,,,,,,,,,
USW00094053,"TORRINGTON MUNICIPAL AIRPORT, WY US",4/21/2019,10.74,0.48,,59.00,41.00,,,,,,,,,,,,,
USW00094053,"TORRINGTON MUNICIPAL AIRPORT, WY US",4/22/2019,5.59,0.05,,55.00,39.00,,,,,,,,,,,,,
USW00094053,"TORRINGTON MUNICIPAL AIRPORT, WY US",4/23/2019,4.25,0,,70.00,32.00,,,,,,,,,,,,,
USW00094053,"TORRINGTON MUNICIPAL AIRPORT, WY US",4/24/2019,7.61,0.28,,75.00,40.00,,,,,,,,,,,,,
USW00094053,"TORRINGTON MUNICIPAL AIRPORT, WY US",4/25/2019,10.96,0.01,,65.00,42.00,,,,,,,,,,,,,
USW00094053,"TORRINGTON MUNICIPAL AIRPORT, WY US",4/26/2019,9.84,0.05,,75.00,36.00,,,,,,,,,,,,,
USW00094053,"TORRINGTON MUNICIPAL AIRPORT, WY US",4/27/2019,16.55,0,,62.00,42.00,,,,,,,,,,,,,
USW00094053,"TORRINGTON MUNICIPAL AIRPORT, WY US",4/28/2019,13.65,0,,66.00,32.00,,,,,,,,,,,,,
USW00094053,"TORRINGTON MUNICIPAL AIRPORT, WY US",4/29/2019,10.96,0,,39.00,26.00,,,,,,,,,,,,,
USW00094053,"TORRINGTON MUNICIPAL AIRPORT, WY US",4/30/2019,12.3,0.17,,35.00,30.00,,,,,,,,,,,,,
USW00094053,"TORRINGTON MUNICIPAL AIRPORT, WY US",5/1/2019,9.4,0,,46.00,29.00,,,,,,,,,,,,,
USW00094053,"TORRINGTON MUNICIPAL AIRPORT, WY US",5/2/2019,10.07,0,,62.00,25.00,,,,,,,,,,,,,
USW00094053,"TORRINGTON MUNICIPAL AIRPORT, WY US",5/3/2019,5.82,0,,63.00,34.00,,,,,,,,,,,,,
USW00094053,"TORRINGTON MUNICIPAL AIRPORT, WY US",5/4/2019,6.71,0,,73.00,33.00,,,,,,,,,,,,,
USW00094053,"TORRINGTON MUNICIPAL AIRPORT, WY US",5/5/2019,9.62,0,,68.00,38.00,,,,,,,,,,,,,
USW00094053,"TORRINGTON MUNICIPAL AIRPORT, WY US",5/6/2019,11.63,0.13,,57.00,38.00,,,,,,,,,,,,,
USW00094053,"TORRINGTON MUNICIPAL AIRPORT, WY US",5/7/2019,14.32,0.03,,56.00,38.00,,,,,,,,,,,,,
USW00094053,"TORRINGTON MUNICIPAL AIRPORT, WY US",5/8/2019,12.53,0.1,,44.00,36.00,,,,,,,,,,,,,
USW00094053,"TORRINGTON MUNICIPAL AIRPORT, WY US",5/9/2019,6.93,0.23,,48.00,31.00,,,,,,,,,,,,,
USW00094053,"TORRINGTON MUNICIPAL AIRPORT, WY US",5/10/2019,6.71,0,,59.00,29.00,,,,,,,,,,,,,
USW00094053,"TORRINGTON MUNICIPAL AIRPORT, WY US",5/11/2019,11.86,0,,62.00,36.00,,,,,,,,,,,,,
USW00094053,"TORRINGTON MUNICIPAL AIRPORT, WY US",5/12/2019,6.93,0,,74.00,30.00,,,,,,,,,,,,,
USW00094053,"TORRINGTON MUNICIPAL AIRPORT, WY US",5/13/2019,5.59,0,,79.00,38.00,,,,,,,,,,,,,
USW00094053,"TORRINGTON MUNICIPAL AIRPORT, WY US",5/14/2019,6.71,0.03,,82.00,40.00,,,,,,,,,,,,,
USW00094053,"TORRINGTON MUNICIPAL AIRPORT, WY US",5/15/2019,6.71,0,,85.00,41.00,,,,,,,,,,,,,
USW00094053,"TORRINGTON MUNICIPAL AIRPORT, WY US",5/16/2019,11.41,0.07,,84.00,48.00,,,,,,,,,,,,,
USW00094053,"TORRINGTON MUNICIPAL AIRPORT, WY US",5/17/2019,10.29,0.24,,56.00,47.00,,,,,,,,,,,,,
USW00094053,"TORRINGTON MUNICIPAL AIRPORT, WY US",5/18/2019,13.87,0,,55.00,35.00,,,,,,,,,,,,,
USW00094053,"TORRINGTON MUNICIPAL AIRPORT, WY US",5/19/2019,12.08,0.02,,53.00,34.00,,,,,,,,,,,,,
USW00094053,"TORRINGTON MUNICIPAL AIRPORT, WY US",5/20/2019,12.08,0.41,,39.00,32.00,,,,,,,,,,,,,
USW00094053,"TORRINGTON MUNICIPAL AIRPORT, WY US",5/21/2019,12.97,0.88,,36.00,32.00,,,,,,,,,,,,,
USW00094053,"TORRINGTON MUNICIPAL AIRPORT, WY US",5/22/2019,13.42,0.09,,50.00,32.00,,,,,,,,,,,,,
USW00094053,"TORRINGTON MUNICIPAL AIRPORT, WY US",5/23/2019,10.29,0.06,,59.00,30.00,,,,,,,,,,,,,
USW00094053,"TORRINGTON MUNICIPAL AIRPORT, WY US",5/24/2019,12.3,0,,69.00,38.00,,,,,,,,,,,,,
USW00094053,"TORRINGTON MUNICIPAL AIRPORT, WY US",5/25/2019,8.28,0,,74.00,34.00,,,,,,,,,,,,,
USW00094053,"TORRINGTON MUNICIPAL AIRPORT, WY US",5/26/2019,10.96,0,,67.00,47.00,,,,,,,,,,,,,
USW00094053,"TORRINGTON MUNICIPAL AIRPORT, WY US",5/27/2019,12.3,0.53,,61.00,47.00,,,,,,,,,,,,,
USW00094053,"TORRINGTON MUNICIPAL AIRPORT, WY US",5/28/2019,12.3,1.33,,52.00,44.00,,,,,,,,,,,,,
USW00094053,"TORRINGTON MUNICIPAL AIRPORT, WY US",5/29/2019,8.05,0,,66.00,42.00,,,,,,,,,,,,,
USW00094053,"TORRINGTON MUNICIPAL AIRPORT, WY US",5/30/2019,5.82,0,,73.00,39.00,,,,,,,,,,,,,
USW00094053,"TORRINGTON MUNICIPAL AIRPORT, WY US",5/31/2019,8.28,0,,79.00,42.00,,,,,,,,,,,,,
USW00094053,"TORRINGTON MUNICIPAL AIRPORT, WY US",6/1/2019,5.14,0,,75.00,45.00,,,,,,,,,,,,,
USW00094053,"TORRINGTON MUNICIPAL AIRPORT, WY US",6/2/2019,8.95,0,,81.00,48.00,,,,,,,,,,,,,
USW00094053,"TORRINGTON MUNICIPAL AIRPORT, WY US",6/3/2019,5.37,0,,81.00,48.00,,,,,,,,,,,,,
USW00094053,"TORRINGTON MUNICIPAL AIRPORT, WY US",6/4/2019,9.17,0.05,,83.00,47.00,,,,,,,,,,,,,
USW00094053,"TORRINGTON MUNICIPAL AIRPORT, WY US",6/5/2019,4.92,0,,83.00,43.00,,,,,,,,,,,,,
USW00094053,"TORRINGTON MUNICIPAL AIRPORT, WY US",6/6/2019,10.29,0,,85.00,46.00,,,,,,,,,,,,,
USW00094053,"TORRINGTON MUNICIPAL AIRPORT, WY US",6/7/2019,9.62,0.05,,85.00,53.00,,,,,,,,,,,,,
USW00094053,"TORRINGTON MUNICIPAL AIRPORT, WY US",6/8/2019,12.75,0,,73.00,45.00,,,,,,,,,,,,,
USW00094053,"TORRINGTON MUNICIPAL AIRPORT, WY US",6/9/2019,9.62,0,,68.00,38.00,,,,,,,,,,,,,
USW00094053,"TORRINGTON MUNICIPAL AIRPORT, WY US",6/10/2019,6.26,0,,78.00,33.00,,,,,,,,,,,,,
USW00094053,"TORRINGTON MUNICIPAL AIRPORT, WY US",6/11/2019,11.63,0,,69.00,46.00,,,,,,,,,,,,,
USW00094053,"TORRINGTON MUNICIPAL AIRPORT, WY US",6/12/2019,6.93,0,,76.00,44.00,,,,,,,,,,,,,
USW00094053,"TORRINGTON MUNICIPAL AIRPORT, WY US",6/13/2019,6.26,0.02,,87.00,46.00,,,,,,,,,,,,,
USW00094053,"TORRINGTON MUNICIPAL AIRPORT, WY US",6/14/2019,7.83,0.05,,83.00,51.00,,,,,,,,,,,,,
USW00094053,"TORRINGTON MUNICIPAL AIRPORT, WY US",6/15/2019,6.93,0,,81.00,52.00,,,,,,,,,,,,,
USW00094053,"TORRINGTON MUNICIPAL AIRPORT, WY US",6/16/2019,9.62,0.18,,77.00,57.00,,,,,,,,,,,,,
USW00094053,"TORRINGTON MUNICIPAL AIRPORT, WY US",6/17/2019,6.71,0.15,,73.00,55.00,,,,,,,,,,,,,
USW00094053,"TORRINGTON MUNICIPAL AIRPORT, WY US",6/18/2019,6.71,0.04,,71.00,50.00,,,,,,,,,,,,,
USW00094053,"TORRINGTON MUNICIPAL AIRPORT, WY US",6/19/2019,9.4,0.01,,81.00,49.00,,,,,,,,,,,,,
USW00094053,"TORRINGTON MUNICIPAL AIRPORT, WY US",6/20/2019,12.3,0.02,,83.00,50.00,,,,,,,,,,,,,
USW00094053,"TORRINGTON MUNICIPAL AIRPORT, WY US",6/21/2019,8.95,0.01,,64.00,51.00,,,,,,,,,,,,,
USW00094053,"TORRINGTON MUNICIPAL AIRPORT, WY US",6/22/2019,8.05,0.01,,72.00,50.00,,,,,,,,,,,,,
USW00094053,"TORRINGTON MUNICIPAL AIRPORT, WY US",6/23/2019,7.16,0.32,,66.00,46.00,,,,,,,,,,,,,
USW00094053,"TORRINGTON MUNICIPAL AIRPORT, WY US",6/24/2019,6.93,0,,83.00,44.00,,,,,,,,,,,,,
USW00094053,"TORRINGTON MUNICIPAL AIRPORT, WY US",6/25/2019,8.05,0.41,,86.00,48.00,,,,,,,,,,,,,
USW00094053,"TORRINGTON MUNICIPAL AIRPORT, WY US",6/26/2019,10.74,0,,90.00,53.00,,,,,,,,,,,,,
USW00094053,"TORRINGTON MUNICIPAL AIRPORT, WY US",6/27/2019,5.82,0,,94.00,50.00,,,,,,,,,,,,,
USW00094053,"TORRINGTON MUNICIPAL AIRPORT, WY US",6/28/2019,5.82,0,,98.00,58.00,,,,,,,,,,,,,
USW00094053,"TORRINGTON MUNICIPAL AIRPORT, WY US",6/29/2019,6.49,0.02,,97.00,61.00,,,,,,,,,,,,,
USW00094053,"TORRINGTON MUNICIPAL AIRPORT, WY US",6/30/2019,8.72,0.06,,88.00,57.00,,,,,,,,,,,,,
USW00094053,"TORRINGTON MUNICIPAL AIRPORT, WY US",7/1/2019,7.38,0.03,,82.00,59.00,,,,,,,,,,,,,
USW00094053,"TORRINGTON MUNICIPAL AIRPORT, WY US",7/2/2019,8.72,0.23,,90.00,51.00,,,,,,,,,,,,,
USW00094053,"TORRINGTON MUNICIPAL AIRPORT, WY US",7/3/2019,10.51,0.07,,91.00,57.00,,,,,,,,,,,,,
USW00094053,"TORRINGTON MUNICIPAL AIRPORT, WY US",7/4/2019,10.74,0.03,,74.00,59.00,,,,,,,,,,,,,
USW00094053,"TORRINGTON MUNICIPAL AIRPORT, WY US",7/5/2019,9.62,0,,85.00,55.00,,,,,,,,,,,,,
USW00094053,"TORRINGTON MUNICIPAL AIRPORT, WY US",7/6/2019,9.17,0.34,,80.00,55.00,,,,,,,,,,,,,
USW00094053,"TORRINGTON MUNICIPAL AIRPORT, WY US",7/7/2019,9.62,0,,85.00,53.00,,,,,,,,,,,,,
USW00094053,"TORRINGTON MUNICIPAL AIRPORT, WY US",7/8/2019,7.61,0,,86.00,57.00,,,,,,,,,,,,,
USW00094053,"TORRINGTON MUNICIPAL AIRPORT, WY US",7/9/2019,8.95,0,,86.00,54.00,,,,,,,,,,,,,
USW00094053,"TORRINGTON MUNICIPAL AIRPORT, WY US",7/10/2019,6.49,0,,83.00,48.00,,,,,,,,,,,,,
USW00094053,"TORRINGTON MUNICIPAL AIRPORT, WY US",7/11/2019,6.93,0,,100.00,56.00,,,,,,,,,,,,,
USW00094053,"TORRINGTON MUNICIPAL AIRPORT, WY US",7/12/2019,8.05,0,,90.00,60.00,,,,,,,,,,,,,
USW00094053,"TORRINGTON MUNICIPAL AIRPORT, WY US",7/13/2019,6.93,0,,93.00,58.00,,,,,,,,,,,,,
USW00094053,"TORRINGTON MUNICIPAL AIRPORT, WY US",7/14/2019,8.5,0,,96.00,61.00,,,,,,,,,,,,,
USW00094053,"TORRINGTON MUNICIPAL AIRPORT, WY US",7/15/2019,7.61,0.11,,90.00,59.00,,,,,,,,,,,,,
USW00094053,"TORRINGTON MUNICIPAL AIRPORT, WY US",7/16/2019,10.51,0.08,,93.00,59.00,,,,,,,,,,,,,
USW00094053,"TORRINGTON MUNICIPAL AIRPORT, WY US",7/17/2019,8.28,0,,88.00,59.00,,,,,,,,,,,,,
USW00094053,"TORRINGTON MUNICIPAL AIRPORT, WY US",7/18/2019,8.72,0,,101.00,58.00,,,,,,,,,,,,,
USW00094053,"TORRINGTON MUNICIPAL AIRPORT, WY US",7/19/2019,6.26,0,,99.00,60.00,,,,,,,,,,,,,
USW00094053,"TORRINGTON MUNICIPAL AIRPORT, WY US",7/20/2019,10.96,0.41,,81.00,61.00,,,,,,,,,,,,,
USW00094053,"TORRINGTON MUNICIPAL AIRPORT, WY US",7/21/2019,10.07,0,,80.00,58.00,,,,,,,,,,,,,
USW00094053,"TORRINGTON MUNICIPAL AIRPORT, WY US",7/22/2019,12.3,0,,82.00,61.00,,,,,,,,,,,,,
USW00094053,"TORRINGTON MUNICIPAL AIRPORT, WY US",7/23/2019,9.62,0,,91.00,57.00,,,,,,,,,,,,,
USW00094053,"TORRINGTON MUNICIPAL AIRPORT, WY US",7/24/2019,7.61,0.16,,95.00,58.00,,,,,,,,,,,,,
USW00094053,"TORRINGTON MUNICIPAL AIRPORT, WY US",7/25/2019,6.93,0,,91.00,64.00,,,,,,,,,,,,,
USW00094053,"TORRINGTON MUNICIPAL AIRPORT, WY US",7/26/2019,7.16,0.63,,93.00,59.00,,,,,,,,,,,,,
USW00094053,"TORRINGTON MUNICIPAL AIRPORT, WY US",7/27/2019,5.59,0.19,,84.00,62.00,,,,,,,,,,,,,
USW00094053,"TORRINGTON MUNICIPAL AIRPORT, WY US",7/28/2019,8.28,0,,91.00,59.00,,,,,,,,,,,,,
USW00094053,"TORRINGTON MUNICIPAL AIRPORT, WY US",7/29/2019,10.51,0,,91.00,56.00,,,,,,,,,,,,,
USW00094053,"TORRINGTON MUNICIPAL AIRPORT, WY US",7/30/2019,10.74,0,,91.00,57.00,,,,,,,,,,,,,
USW00094053,"TORRINGTON MUNICIPAL AIRPORT, WY US",7/31/2019,7.61,0,,90.00,61.00,,,,,,,,,,,,,
USW00094053,"TORRINGTON MUNICIPAL AIRPORT, WY US",8/1/2019,5.82,0,,83.00,65.00,,,,,,,,,,,,,
USW00094053,"TORRINGTON MUNICIPAL AIRPORT, WY US",8/2/2019,7.38,0,,90.00,61.00,,,,,,,,,,,,,
USW00094053,"TORRINGTON MUNICIPAL AIRPORT, WY US",8/3/2019,8.5,0,,92.00,58.00,,,,,,,,,,,,,
USW00094053,"TORRINGTON MUNICIPAL AIRPORT, WY US",8/4/2019,11.41,0.39,,96.00,62.00,,,,,,,,,,,,,
USW00094053,"TORRINGTON MUNICIPAL AIRPORT, WY US",8/5/2019,8.05,0.03,,89.00,62.00,,,,,,,,,,,,,
USW00094053,"TORRINGTON MUNICIPAL AIRPORT, WY US",8/6/2019,6.26,0,,94.00,57.00,,,,,,,,,,,,,
USW00094053,"TORRINGTON MUNICIPAL AIRPORT, WY US",8/7/2019,6.71,0.02,,92.00,61.00,,,,,,,,,,,,,
USW00094053,"TORRINGTON MUNICIPAL AIRPORT, WY US",8/8/2019,6.71,0,,84.00,61.00,,,,,,,,,,,,,
USW00094053,"TORRINGTON MUNICIPAL AIRPORT, WY US",8/9/2019,9.4,0,,94.00,62.00,,,,,,,,,,,,,
USW00094053,"TORRINGTON MUNICIPAL AIRPORT, WY US",8/10/2019,7.16,0,,91.00,61.00,,,,,,,,,,,,,
USW00094053,"TORRINGTON MUNICIPAL AIRPORT, WY US",8/11/2019,8.95,0,,83.00,60.00,,,,,,,,,,,,,
USW00094053,"TORRINGTON MUNICIPAL AIRPORT, WY US",8/12/2019,8.95,0,,87.00,57.00,,,,,,,,,,,,,
USW00094053,"TORRINGTON MUNICIPAL AIRPORT, WY US",8/13/2019,8.05,0,,82.00,54.00,,,,,,,,,,,,,
USW00094053,"TORRINGTON MUNICIPAL AIRPORT, WY US",8/14/2019,10.96,0,,84.00,56.00,,,,,,,,,,,,,
USW00094053,"TORRINGTON MUNICIPAL AIRPORT, WY US",8/15/2019,10.96,0.02,,87.00,56.00,,,,,,,,,,,,,
USW00094053,"TORRINGTON MUNICIPAL AIRPORT, WY US",8/16/2019,7.61,0.1,,84.00,59.00,,,,,,,,,,,,,
USW00094053,"TORRINGTON MUNICIPAL AIRPORT, WY US",8/17/2019,9.4,0,,94.00,54.00,,,,,,,,,,,,,
USW00094053,"TORRINGTON MUNICIPAL AIRPORT, WY US",8/18/2019,11.63,0,,89.00,56.00,,,,,,,,,,,,,
USW00094053,"TORRINGTON MUNICIPAL AIRPORT, WY US",8/19/2019,5.37,0,,99.00,51.00,,,,,,,,,,,,,
USW00094053,"TORRINGTON MUNICIPAL AIRPORT, WY US",8/20/2019,12.75,0.33,,92.00,61.00,,,,,,,,,,,,,
USW00094053,"TORRINGTON MUNICIPAL AIRPORT, WY US",8/21/2019,9.84,0.03,,84.00,57.00,,,,,,,,,,,,,
USW00094053,"TORRINGTON MUNICIPAL AIRPORT, WY US",8/22/2019,12.3,0,,87.00,56.00,,,,,,,,,,,,,
USW00094053,"TORRINGTON MUNICIPAL AIRPORT, WY US",8/23/2019,11.18,0.15,,84.00,60.00,,,,,,,,,,,,,
USW00094053,"TORRINGTON MUNICIPAL AIRPORT, WY US",8/24/2019,7.16,0,,84.00,54.00,,,,,,,,,,,,,
USW00094053,"TORRINGTON MUNICIPAL AIRPORT, WY US",8/25/2019,7.16,0,,93.00,56.00,,,,,,,,,,,,,
USW00094053,"TORRINGTON MUNICIPAL AIRPORT, WY US",8/26/2019,9.62,0,,75.00,52.00,,,,,,,,,,,,,
USW00094053,"TORRINGTON MUNICIPAL AIRPORT, WY US",8/27/2019,6.93,0,,76.00,48.00,,,,,,,,,,,,,
USW00094053,"TORRINGTON MUNICIPAL AIRPORT, WY US",8/28/2019,5.82,0,,89.00,47.00,,,,,,,,,,,,,
USW00094053,"TORRINGTON MUNICIPAL AIRPORT, WY US",8/29/2019,8.95,0,,83.00,50.00,,,,,,,,,,,,,
USW00094053,"TORRINGTON MUNICIPAL AIRPORT, WY US",8/30/2019,11.41,0.02,,84.00,50.00,,,,,,,,,,,,,
USW00094053,"TORRINGTON MUNICIPAL AIRPORT, WY US",8/31/2019,7.61,0,,85.00,55.00,,,,,,,,,,,,,
USW00094053,"TORRINGTON MUNICIPAL AIRPORT, WY US",9/1/2019,7.16,0,,97.00,60.00,,,,,,,,,,,,,
USW00094053,"TORRINGTON MUNICIPAL AIRPORT, WY US",9/2/2019,6.49,0,,101.00,57.00,,,,,,,,,,,,,
USW00094053,"TORRINGTON MUNICIPAL AIRPORT, WY US",9/3/2019,8.5,0,,83.00,61.00,,,,,,,,,,,,,
USW00094053,"TORRINGTON MUNICIPAL AIRPORT, WY US",9/4/2019,10.07,0,,95.00,58.00,,,,,,,,,,,,,
USW00094053,"TORRINGTON MUNICIPAL AIRPORT, WY US",9/5/2019,8.05,0,,97.00,58.00,,,,,,,,,,,,,
USW00094053,"TORRINGTON MUNICIPAL AIRPORT, WY US",9/6/2019,12.08,0.02,,86.00,59.00,,,,,,,,,,,,,
USW00094053,"TORRINGTON MUNICIPAL AIRPORT, WY US",9/7/2019,9.62,0,,87.00,54.00,,,,,,,,,,,,,
USW00094053,"TORRINGTON MUNICIPAL AIRPORT, WY US",9/8/2019,8.95,0.06,,73.00,48.00,,,,,,,,,,,,,
USW00094053,"TORRINGTON MUNICIPAL AIRPORT, WY US",9/9/2019,12.75,0,,83.00,51.00,,,,,,,,,,,,,
USW00094053,"TORRINGTON MUNICIPAL AIRPORT, WY US",9/10/2019,9.4,0,,80.00,47.00,,,,,,,,,,,,,
USW00094053,"TORRINGTON MUNICIPAL AIRPORT, WY US",9/11/2019,6.49,0.12,,63.00,53.00,,,,,,,,,,,,,
USW00094053,"TORRINGTON MUNICIPAL AIRPORT, WY US",9/12/2019,12.3,0,,73.00,45.00,,,,,,,,,,,,,
USW00094053,"TORRINGTON MUNICIPAL AIRPORT, WY US",9/13/2019,4.03,0,,82.00,35.00,,,,,,,,,,,,,
USW00094053,"TORRINGTON MUNICIPAL AIRPORT, WY US",9/14/2019,5.37,0,,87.00,43.00,,,,,,,,,,,,,
USW00094053,"TORRINGTON MUNICIPAL AIRPORT, WY US",9/15/2019,6.26,0,,94.00,45.00,,,,,,,,,,,,,
USW00094053,"TORRINGTON MUNICIPAL AIRPORT, WY US",9/16/2019,3.58,0,,93.00,55.00,,,,,,,,,,,,,
USW00094053,"TORRINGTON MUNICIPAL AIRPORT, WY US",9/17/2019,6.49,0.02,,87.00,51.00,,,,,,,,,,,,,
USW00094053,"TORRINGTON MUNICIPAL AIRPORT, WY US",9/18/2019,8.72,0,,78.00,42.00,,,,,,,,,,,,,
USW00094053,"TORRINGTON MUNICIPAL AIRPORT, WY US",9/19/2019,12.08,0,,88.00,49.00,,,,,,,,,,,,,
USW00094053,"TORRINGTON MUNICIPAL AIRPORT, WY US",9/20/2019,9.62,0.1,,83.00,59.00,,,,,,,,,,,,,
USW00094053,"TORRINGTON MUNICIPAL AIRPORT, WY US",9/21/2019,10.51,0,,73.00,47.00,,,,,,,,,,,,,
USW00094053,"TORRINGTON MUNICIPAL AIRPORT, WY US",9/22/2019,6.71,0,,74.00,40.00,,,,,,,,,,,,,
USW00094053,"TORRINGTON MUNICIPAL AIRPORT, WY US",9/23/2019,4.25,0,,87.00,37.00,,,,,,,,,,,,,
USW00094053,"TORRINGTON MUNICIPAL AIRPORT, WY US",9/24/2019,6.71,0,,82.00,38.00,,,,,,,,,,,,,
USW00094053,"TORRINGTON MUNICIPAL AIRPORT, WY US",9/25/2019,6.26,0,,76.00,44.00,,,,,,,,,,,,,
USW00094053,"TORRINGTON MUNICIPAL AIRPORT, WY US",9/26/2019,12.08,0,,90.00,40.00,,,,,,,,,,,,,
USW00094053,"TORRINGTON MUNICIPAL AIRPORT, WY US",9/27/2019,8.28,0.17,,65.00,42.00,,,,,,,,,,,,,
USW00094053,"TORRINGTON MUNICIPAL AIRPORT, WY US",9/28/2019,15.43,0.06,,60.00,49.00,,,,,,,,,,,,,
USW00094053,"TORRINGTON MUNICIPAL AIRPORT, WY US",9/29/2019,10.74,0,,88.00,52.00,,,,,,,,,,,,,
USW00094053,"TORRINGTON MUNICIPAL AIRPORT, WY US",9/30/2019,9.84,0,,61.00,43.00,,,,,,,,,,,,,
USW00094053,"TORRINGTON MUNICIPAL AIRPORT, WY US",10/1/2019,10.96,0.01,,46.00,37.00,,,,,,,,,,,,,
USW00094053,"TORRINGTON MUNICIPAL AIRPORT, WY US",10/2/2019,5.82,0,,56.00,32.00,,,,,,,,,,,,,
USW00094053,"TORRINGTON MUNICIPAL AIRPORT, WY US",10/3/2019,12.3,0,,71.00,24.00,,,,,,,,,,,,,
USW00094053,"TORRINGTON MUNICIPAL AIRPORT, WY US",10/4/2019,13.65,0.04,,72.00,40.00,,,,,,,,,,,,,
USW00094053,"TORRINGTON MUNICIPAL AIRPORT, WY US",10/5/2019,12.3,0,,64.00,39.00,,,,,,,,,,,,,
USW00094053,"TORRINGTON MUNICIPAL AIRPORT, WY US",10/6/2019,5.59,0,,64.00,32.00,,,,,,,,,,,,,
USW00094053,"TORRINGTON MUNICIPAL AIRPORT, WY US",10/7/2019,5.37,0,,77.00,25.00,,,,,,,,,,,,,
USW00094053,"TORRINGTON MUNICIPAL AIRPORT, WY US",10/8/2019,8.28,0,,83.00,28.00,,,,,,,,,,,,,
USW00094053,"TORRINGTON MUNICIPAL AIRPORT, WY US",10/9/2019,14.09,0,,53.00,24.00,,,,,,,,,,,,,
USW00094053,"TORRINGTON MUNICIPAL AIRPORT, WY US",10/10/2019,18.57,0,,28.00,19.00,,,,,,,,,,,,,
USW00094053,"TORRINGTON MUNICIPAL AIRPORT, WY US",10/11/2019,10.96,0,,49.00,17.00,,,,,,,,,,,,,
USW00094053,"TORRINGTON MUNICIPAL AIRPORT, WY US",10/12/2019,6.49,0,,62.00,19.00,,,,,,,,,,,,,
USW00094053,"TORRINGTON MUNICIPAL AIRPORT, WY US",10/13/2019,4.47,0,,70.00,24.00,,,,,,,,,,,,,
USW00094053,"TORRINGTON MUNICIPAL AIRPORT, WY US",10/14/2019,9.17,0,,77.00,27.00,,,,,,,,,,,,,
USW00094053,"TORRINGTON MUNICIPAL AIRPORT, WY US",10/15/2019,7.83,0,,57.00,29.00,,,,,,,,,,,,,
USW00094053,"TORRINGTON MUNICIPAL AIRPORT, WY US",10/16/2019,3.8,0,,78.00,27.00,,,,,,,,,,,,,
USW00094053,"TORRINGTON MUNICIPAL AIRPORT, WY US",10/17/2019,4.92,0,,82.00,31.00,,,,,,,,,,,,,
USW00094053,"TORRINGTON MUNICIPAL AIRPORT, WY US",10/18/2019,8.5,0,,60.00,34.00,,,,,,,,,,,,,
USW00094053,"TORRINGTON MUNICIPAL AIRPORT, WY US",10/19/2019,10.07,0,,64.00,30.00,,,,,,,,,,,,,
USW00094053,"TORRINGTON MUNICIPAL AIRPORT, WY US",10/20/2019,23.04,0.13,,52.00,34.00,,,,,,,,,,,,,
USW00094053,"TORRINGTON MUNICIPAL AIRPORT, WY US",10/21/2019,14.09,0,,51.00,30.00,,,,,,,,,,,,,
USW00094053,"TORRINGTON MUNICIPAL AIRPORT, WY US",10/22/2019,13.2,0.03,,61.00,27.00,,,,,,,,,,,,,
USW00094053,"TORRINGTON MUNICIPAL AIRPORT, WY US",10/23/2019,12.75,0.03,,50.00,32.00,,,,,,,,,,,,,
USW00094053,"TORRINGTON MUNICIPAL AIRPORT, WY US",10/24/2019,5.14,0,,50.00,22.00,,,,,,,,,,,,,
USW00094053,"TORRINGTON MUNICIPAL AIRPORT, WY US",10/25/2019,5.82,0,,67.00,22.00,,,,,,,,,,,,,
USW00094053,"TORRINGTON MUNICIPAL AIRPORT, WY US",10/26/2019,12.75,0,,69.00,27.00,,,,,,,,,,,,,
USW00094053,"TORRINGTON MUNICIPAL AIRPORT, WY US",10/27/2019,10.07,0,,27.00,16.00,,,,,,,,,,,,,
USW00094053,"TORRINGTON MUNICIPAL AIRPORT, WY US",10/28/2019,4.92,0,,27.00,6.00,,,,,,,,,,,,,
USW00094053,"TORRINGTON MUNICIPAL AIRPORT, WY US",10/29/2019,10.74,0,,21.00,4.00,,,,,,,,,,,,,
USW00094053,"TORRINGTON MUNICIPAL AIRPORT, WY US",10/30/2019,8.05,0,,24.00,-1.00,,,,,,,,,,,,,
USW00094053,"TORRINGTON MUNICIPAL AIRPORT, WY US",10/31/2019,8.5,0,,45.00,11.00,,,,,,,,,,,,,
USW00094053,"TORRINGTON MUNICIPAL AIRPORT, WY US",11/1/2019,12.3,0,,38.00,17.00,,,,,,,,,,,,,
USW00094053,"TORRINGTON MUNICIPAL AIRPORT, WY US",11/2/2019,4.25,0,,53.00,12.00,,,,,,,,,,,,,
USW00094053,"TORRINGTON MUNICIPAL AIRPORT, WY US",11/3/2019,5.82,0.01,,54.00,25.00,,,,,,,,,,,,,
USW00094053,"TORRINGTON MUNICIPAL AIRPORT, WY US",11/4/2019,3.13,0.04,,39.00,33.00,,,,,,,,,,,,,
USW00094053,"TORRINGTON MUNICIPAL AIRPORT, WY US",11/5/2019,2.91,0,,61.00,29.00,,,,,,,,,,,,,
USW00094053,"TORRINGTON MUNICIPAL AIRPORT, WY US",11/6/2019,9.62,0,,32.00,22.00,,,,,,,,,,,,,
USW00094053,"TORRINGTON MUNICIPAL AIRPORT, WY US",11/7/2019,4.47,0,,45.00,22.00,,,,,,,,,,,,,
USW00094053,"TORRINGTON MUNICIPAL AIRPORT, WY US",11/8/2019,7.61,0,,66.00,20.00,,,,,,,,,,,,,
USW00094053,"TORRINGTON MUNICIPAL AIRPORT, WY US",11/9/2019,8.72,0,,73.00,31.00,,,,,,,,,,,,,
USW00094053,"TORRINGTON MUNICIPAL AIRPORT, WY US",11/10/2019,10.07,0,,56.00,13.00,,,,,,,,,,,,,
USW00094053,"TORRINGTON MUNICIPAL AIRPORT, WY US",11/11/2019,5.59,0,,21.00,-2.00,,,,,,,,,,,,,
USW00094053,"TORRINGTON MUNICIPAL AIRPORT, WY US",11/12/2019,7.16,0,,56.00,-5.00,,,,,,,,,,,,,
USW00094053,"TORRINGTON MUNICIPAL AIRPORT, WY US",11/13/2019,12.08,0,,53.00,35.00,,,,,,,,,,,,,
USW00094053,"TORRINGTON MUNICIPAL AIRPORT, WY US",11/14/2019,4.47,0,,55.00,21.00,,,,,,,,,,,,,
USW00094053,"TORRINGTON MUNICIPAL AIRPORT, WY US",11/15/2019,3.13,0,,64.00,23.00,,,,,,,,,,,,,
USW00094053,"TORRINGTON MUNICIPAL AIRPORT, WY US",11/16/2019,10.07,0.09,,58.00,31.00,,,,,,,,,,,,,
USW00094053,"TORRINGTON MUNICIPAL AIRPORT, WY US",11/17/2019,6.71,0,,58.00,21.00,,,,,,,,,,,,,
USW00094053,"TORRINGTON MUNICIPAL AIRPORT, WY US",11/18/2019,9.4,0,,63.00,34.00,,,,,,,,,,,,,
USW00094053,"TORRINGTON MUNICIPAL AIRPORT, WY US",11/19/2019,6.71,0,,63.00,27.00,,,,,,,,,,,,,
USW00094053,"TORRINGTON MUNICIPAL AIRPORT, WY US",11/20/2019,13.65,0,,44.00,27.00,,,,,,,,,,,,,
USW00094053,"TORRINGTON MUNICIPAL AIRPORT, WY US",11/21/2019,6.93,0,,32.00,18.00,,,,,,,,,,,,,
USW00094053,"TORRINGTON MUNICIPAL AIRPORT, WY US",11/22/2019,6.04,0,,45.00,17.00,,,,,,,,,,,,,
USW00094053,"TORRINGTON MUNICIPAL AIRPORT, WY US",11/23/2019,10.29,0,,56.00,28.00,,,,,,,,,,,,,
USW00094053,"TORRINGTON MUNICIPAL AIRPORT, WY US",11/24/2019,17.67,0,,58.00,33.00,,,,,,,,,,,,,
USW00094053,"TORRINGTON MUNICIPAL AIRPORT, WY US",11/25/2019,9.62,0,,41.00,27.00,,,,,,,,,,,,,
USW00094053,"TORRINGTON MUNICIPAL AIRPORT, WY US",11/26/2019,8.95,0,,27.00,11.00,,,,,,,,,,,,,
USW00094053,"TORRINGTON MUNICIPAL AIRPORT, WY US",11/27/2019,10.74,0,,23.00,-7.00,,,,,,,,,,,,,
USW00094053,"TORRINGTON MUNICIPAL AIRPORT, WY US",11/28/2019,13.42,0,,31.00,18.00,,,,,,,,,,,,,
USW00094053,"TORRINGTON MUNICIPAL AIRPORT, WY US",11/29/2019,,0,,30.00,29.00,,,,,,,,,,,,,
USW00094053,"TORRINGTON MUNICIPAL AIRPORT, WY US",11/30/2019,10.96,0,,29.00,22.00,,,,,,,,,,,,,
USW00094053,"TORRINGTON MUNICIPAL AIRPORT, WY US",12/1/2019,7.16,0,,28.00,8.00,,,,,,,,,,,,,
USW00094053,"TORRINGTON MUNICIPAL AIRPORT, WY US",12/2/2019,10.51,0,,46.00,5.00,,,,,,,,,,,,,
USW00094053,"TORRINGTON MUNICIPAL AIRPORT, WY US",12/3/2019,14.54,0,,47.00,35.00,,,,,,,,,,,,,
USW00094053,"TORRINGTON MUNICIPAL AIRPORT, WY US",12/4/2019,4.7,0,,50.00,26.00,,,,,,,,,,,,,
USW00094053,"TORRINGTON MUNICIPAL AIRPORT, WY US",12/5/2019,6.26,0,,43.00,19.00,,,,,,,,,,,,,
USW00094053,"TORRINGTON MUNICIPAL AIRPORT, WY US",12/6/2019,2.91,0,,47.00,23.00,,,,,,,,,,,,,
USW00094053,"TORRINGTON MUNICIPAL AIRPORT, WY US",12/7/2019,13.87,0,,53.00,22.00,,,,,,,,,,,,,
USW00094053,"TORRINGTON MUNICIPAL AIRPORT, WY US",12/8/2019,10.74,0,,57.00,25.00,,,,,,,,,,,,,
USW00094053,"TORRINGTON MUNICIPAL AIRPORT, WY US",12/9/2019,11.41,0,,37.00,17.00,,,,,,,,,,,,,
USW00094053,"TORRINGTON MUNICIPAL AIRPORT, WY US",12/10/2019,3.58,0,,42.00,23.00,,,,,,,,,,,,,
USW00094053,"TORRINGTON MUNICIPAL AIRPORT, WY US",12/11/2019,9.84,0,,49.00,18.00,,,,,,,,,,,,,
USW00094053,"TORRINGTON MUNICIPAL AIRPORT, WY US",12/12/2019,11.86,0,,52.00,26.00,,,,,,,,,,,,,
USW00094053,"TORRINGTON MUNICIPAL AIRPORT, WY US",12/13/2019,8.5,0,,43.00,25.00,,,,,,,,,,,,,
USW00094053,"TORRINGTON MUNICIPAL AIRPORT, WY US",12/14/2019,6.49,0.03,,31.00,22.00,,,,,,,,,,,,,
USW00094053,"TORRINGTON MUNICIPAL AIRPORT, WY US",12/15/2019,4.7,0,,31.00,8.00,,,,,,,,,,,,,
USW00094053,"TORRINGTON MUNICIPAL AIRPORT, WY US",12/16/2019,7.83,0,,29.00,4.00,,,,,,,,,,,,,
USW00094053,"TORRINGTON MUNICIPAL AIRPORT, WY US",12/17/2019,8.72,0,,35.00,7.00,,,,,,,,,,,,,
USW00094053,"TORRINGTON MUNICIPAL AIRPORT, WY US",12/18/2019,8.28,0,,50.00,16.00,,,,,,,,,,,,,
USW00094053,"TORRINGTON MUNICIPAL AIRPORT, WY US",12/19/2019,7.61,0,,46.00,15.00,,,,,,,,,,,,,
USW00094053,"TORRINGTON MUNICIPAL AIRPORT, WY US",12/20/2019,8.95,0,,51.00,17.00,,,,,,,,,,,,,
USW00094053,"TORRINGTON MUNICIPAL AIRPORT, WY US",12/21/2019,7.16,0,,56.00,27.00,,,,,,,,,,,,,
USW00094053,"TORRINGTON MUNICIPAL AIRPORT, WY US",12/22/2019,3.58,0,,49.00,30.00,,,,,,,,,,,,,
USW00094053,"TORRINGTON MUNICIPAL AIRPORT, WY US",12/23/2019,4.25,0,,50.00,27.00,,,,,,,,,,,,,
USW00094053,"TORRINGTON MUNICIPAL AIRPORT, WY US",12/24/2019,4.47,0,,55.00,27.00,,,,,,,,,,,,,
USW00094053,"TORRINGTON MUNICIPAL AIRPORT, WY US",12/25/2019,5.59,0.09,,45.00,27.00,,,,,,,,,,,,,
USW00094053,"TORRINGTON MUNICIPAL AIRPORT, WY US",12/26/2019,4.7,0.04,,34.00,21.00,,,,,,,,,,,,,
USW00094053,"TORRINGTON MUNICIPAL AIRPORT, WY US",12/27/2019,4.03,0,,31.00,15.00,,,,,,,,,,,,,
USW00094053,"TORRINGTON MUNICIPAL AIRPORT, WY US",12/28/2019,17.22,0.01,,30.00,24.00,,,,,,,,,,,,,
USW00094053,"TORRINGTON MUNICIPAL AIRPORT, WY US",12/29/2019,22.37,0,,28.00,22.00,,,,,,,,,,,,,
USW00094053,"TORRINGTON MUNICIPAL AIRPORT, WY US",12/30/2019,11.41,0,,30.00,13.00,,,,,,,,,,,,,
USW00094053,"TORRINGTON MUNICIPAL AIRPORT, WY US",12/31/2019,11.41,0,,38.00,10.00,,,,,,,,,,,,,
USW00094053,"TORRINGTON MUNICIPAL AIRPORT, WY US",1/1/2020,18.57,0,,43.00,28.00,,,,,,,,,,,,,
USW00094053,"TORRINGTON MUNICIPAL AIRPORT, WY US",1/2/2020,12.3,0,,43.00,27.00,,,,,,,,,,,,,
USW00094053,"TORRINGTON MUNICIPAL AIRPORT, WY US",1/3/2020,5.82,0,,40.00,23.00,,,,,,,,,,,,,
USW00094053,"TORRINGTON MUNICIPAL AIRPORT, WY US",1/4/2020,14.99,0,,57.00,24.00,,,,,,,,,,,,,
USW00094053,"TORRINGTON MUNICIPAL AIRPORT, WY US",1/5/2020,9.17,0,,38.00,25.00,,,,,,,,,,,,,
USW00094053,"TORRINGTON MUNICIPAL AIRPORT, WY US",1/6/2020,17,0,,41.00,26.00,,,,,,,,,,,,,
USW00094053,"TORRINGTON MUNICIPAL AIRPORT, WY US",1/7/2020,17.45,0,,52.00,29.00,,,,,,,,,,,,,
USW00094053,"TORRINGTON MUNICIPAL AIRPORT, WY US",1/8/2020,8.95,0,,50.00,24.00,,,,,,,,,,,,,
USW00094053,"TORRINGTON MUNICIPAL AIRPORT, WY US",1/9/2020,10.74,0,,44.00,27.00,,,,,,,,,,,,,
USW00094053,"TORRINGTON MUNICIPAL AIRPORT, WY US",1/10/2020,9.62,0,,32.00,7.00,,,,,,,,,,,,,
USW00094053,"TORRINGTON MUNICIPAL AIRPORT, WY US",1/11/2020,12.3,0,,43.00,8.00,,,,,,,,,,,,,
USW00094053,"TORRINGTON MUNICIPAL AIRPORT, WY US",1/12/2020,12.08,0,,43.00,13.00,,,,,,,,,,,,,
USW00094053,"TORRINGTON MUNICIPAL AIRPORT, WY US",1/13/2020,13.65,0,,46.00,19.00,,,,,,,,,,,,,
USW00094053,"TORRINGTON MUNICIPAL AIRPORT, WY US",1/14/2020,11.18,0,,50.00,16.00,,,,,,,,,,,,,
USW00094053,"TORRINGTON MUNICIPAL AIRPORT, WY US",1/15/2020,15.21,0,,43.00,11.00,,,,,,,,,,,,,
USW00094053,"TORRINGTON MUNICIPAL AIRPORT, WY US",1/16/2020,14.32,0,,45.00,11.00,,,,,,,,,,,,,
USW00094053,"TORRINGTON MUNICIPAL AIRPORT, WY US",1/17/2020,12.75,0,,47.00,22.00,,,,,,,,,,,,,
USW00094053,"TORRINGTON MUNICIPAL AIRPORT, WY US",1/18/2020,6.26,0,,40.00,13.00,,,,,,,,,,,,,
USW00094053,"TORRINGTON MUNICIPAL AIRPORT, WY US",1/19/2020,5.82,0,,46.00,11.00,,,,,,,,,,,,,
USW00094053,"TORRINGTON MUNICIPAL AIRPORT, WY US",1/20/2020,5.82,0,,48.00,9.00,,,,,,,,,,,,,
USW00094053,"TORRINGTON MUNICIPAL AIRPORT, WY US",1/21/2020,8.28,0,,52.00,23.00,,,,,,,,,,,,,
USW00094053,"TORRINGTON MUNICIPAL AIRPORT, WY US",1/22/2020,11.63,0,,53.00,23.00,,,,,,,,,,,,,
USW00094053,"TORRINGTON MUNICIPAL AIRPORT, WY US",1/23/2020,8.5,0,,45.00,20.00,,,,,,,,,,,,,
USW00094053,"TORRINGTON MUNICIPAL AIRPORT, WY US",1/24/2020,4.03,0,,54.00,25.00,,,,,,,,,,,,,
USW00094053,"TORRINGTON MUNICIPAL AIRPORT, WY US",1/25/2020,8.5,0,,52.00,22.00,,,,,,,,,,,,,
USW00094053,"TORRINGTON MUNICIPAL AIRPORT, WY US",1/26/2020,5.14,0,,51.00,22.00,,,,,,,,,,,,,
USW00094053,"TORRINGTON MUNICIPAL AIRPORT, WY US",1/27/2020,7.83,0.03,,39.00,23.00,,,,,,,,,,,,,
USW00094053,"TORRINGTON MUNICIPAL AIRPORT, WY US",1/28/2020,6.04,0,,46.00,22.00,,,,,,,,,,,,,
USW00094053,"TORRINGTON MUNICIPAL AIRPORT, WY US",1/29/2020,5.37,0.04,,39.00,22.00,,,,,,,,,,,,,
USW00094053,"TORRINGTON MUNICIPAL AIRPORT, WY US",1/30/2020,14.09,0.01,,38.00,24.00,,,,,,,,,,,,,
USW00094053,"TORRINGTON MUNICIPAL AIRPORT, WY US",1/31/2020,9.62,0,,48.00,16.00,,,,,,,,,,,,,
USW00094053,"TORRINGTON MUNICIPAL AIRPORT, WY US",2/1/2020,23.49,0,,53.00,39.00,,,,,,,,,,,,,
USW00094053,"TORRINGTON MUNICIPAL AIRPORT, WY US",2/2/2020,11.41,0,,71.00,31.00,,,,,,,,,,,,,
USW00094053,"TORRINGTON MUNICIPAL AIRPORT, WY US",2/3/2020,17,0,,32.00,17.00,,,,,,,,,,,,,
USW00094053,"TORRINGTON MUNICIPAL AIRPORT, WY US",2/4/2020,4.92,0,,19.00,-1.00,,,,,,,,,,,,,
USW00094053,"TORRINGTON MUNICIPAL AIRPORT, WY US",2/5/2020,8.72,0,,28.00,-10.00,,,,,,,,,,,,,
USW00094053,"TORRINGTON MUNICIPAL AIRPORT, WY US",2/6/2020,12.08,0,,37.00,12.00,,,,,,,,,,,,,
USW00094053,"TORRINGTON MUNICIPAL AIRPORT, WY US",2/7/2020,8.05,0,,36.00,17.00,,,,,,,,,,,,,
USW00094053,"TORRINGTON MUNICIPAL AIRPORT, WY US",2/8/2020,12.08,0,,55.00,18.00,,,,,,,,,,,,,
USW00094053,"TORRINGTON MUNICIPAL AIRPORT, WY US",2/9/2020,9.62,0,,34.00,19.00,,,,,,,,,,,,,
USW00094053,"TORRINGTON MUNICIPAL AIRPORT, WY US",2/10/2020,10.51,0,,37.00,17.00,,,,,,,,,,,,,
USW00094053,"TORRINGTON MUNICIPAL AIRPORT, WY US",2/11/2020,13.65,0,,39.00,12.00,,,,,,,,,,,,,
USW00094053,"TORRINGTON MUNICIPAL AIRPORT, WY US",2/12/2020,13.42,0,,35.00,16.00,,,,,,,,,,,,,
USW00094053,"TORRINGTON MUNICIPAL AIRPORT, WY US",2/13/2020,5.82,0,,29.00,13.00,,,,,,,,,,,,,
USW00094053,"TORRINGTON MUNICIPAL AIRPORT, WY US",2/14/2020,14.54,0,,59.00,15.00,,,,,,,,,,,,,
USW00094053,"TORRINGTON MUNICIPAL AIRPORT, WY US",2/15/2020,10.51,0,,46.00,17.00,,,,,,,,,,,,,
USW00094053,"TORRINGTON MUNICIPAL AIRPORT, WY US",2/16/2020,10.96,0,,49.00,22.00,,,,,,,,,,,,,
USW00094053,"TORRINGTON MUNICIPAL AIRPORT, WY US",2/17/2020,10.29,0,,38.00,24.00,,,,,,,,,,,,,
USW00094053,"TORRINGTON MUNICIPAL AIRPORT, WY US",2/18/2020,5.82,0,,38.00,11.00,,,,,,,,,,,,,
USW00094053,"TORRINGTON MUNICIPAL AIRPORT, WY US",2/19/2020,8.28,0,,26.00,9.00,,,,,,,,,,,,,
USW00094053,"TORRINGTON MUNICIPAL AIRPORT, WY US",2/20/2020,5.82,0,,41.00,3.00,,,,,,,,,,,,,
USW00094053,"TORRINGTON MUNICIPAL AIRPORT, WY US",2/21/2020,6.71,0,,58.00,9.00,,,,,,,,,,,,,
USW00094053,"TORRINGTON MUNICIPAL AIRPORT, WY US",2/22/2020,12.97,0,,58.00,28.00,,,,,,,,,,,,,
USW00094053,"TORRINGTON MUNICIPAL AIRPORT, WY US",2/23/2020,6.49,0,,52.00,25.00,,,,,,,,,,,,,
USW00094053,"TORRINGTON MUNICIPAL AIRPORT, WY US",2/24/2020,17.9,0,,42.00,26.00,,,,,,,,,,,,,
USW00094053,"TORRINGTON MUNICIPAL AIRPORT, WY US",2/25/2020,15.88,0,,29.00,10.00,,,,,,,,,,,,,
USW00094053,"TORRINGTON MUNICIPAL AIRPORT, WY US",2/26/2020,8.5,0,,41.00,2.00,,,,,,,,,,,,,
USW00094053,"TORRINGTON MUNICIPAL AIRPORT, WY US",2/27/2020,14.32,0,,45.00,24.00,,,,,,,,,,,,,
USW00094053,"TORRINGTON MUNICIPAL AIRPORT, WY US",2/28/2020,9.17,0,,57.00,22.00,,,,,,,,,,,,,
USW00094053,"TORRINGTON MUNICIPAL AIRPORT, WY US",2/29/2020,10.07,0,,62.00,23.00,,,,,,,,,,,,,
USW00094053,"TORRINGTON MUNICIPAL AIRPORT, WY US",3/1/2020,9.62,0,,40.00,22.00,,,,,,,,,,,,,
USW00094053,"TORRINGTON MUNICIPAL AIRPORT, WY US",3/2/2020,14.54,0,,44.00,15.00,,,,,,,,,,,,,
USW00094053,"TORRINGTON MUNICIPAL AIRPORT, WY US",3/3/2020,12.97,0,,58.00,22.00,,,,,,,,,,,,,
USW00094053,"TORRINGTON MUNICIPAL AIRPORT, WY US",3/4/2020,19.01,0,,62.00,20.00,,,,,,,,,,,,,
USW00094053,"TORRINGTON MUNICIPAL AIRPORT, WY US",3/5/2020,8.72,0,,53.00,27.00,,,,,,,,,,,,,
USW00094053,"TORRINGTON MUNICIPAL AIRPORT, WY US",3/6/2020,5.82,0,,71.00,23.00,,,,,,,,,,,,,
USW00094053,"TORRINGTON MUNICIPAL AIRPORT, WY US",3/7/2020,5.37,0,,71.00,25.00,,,,,,,,,,,,,
USW00094053,"TORRINGTON MUNICIPAL AIRPORT, WY US",3/8/2020,11.63,0.01,,66.00,29.00,,,,,,,,,,,,,
USW00094053,"TORRINGTON MUNICIPAL AIRPORT, WY US",3/9/2020,7.61,0,,62.00,24.00,,,,,,,,,,,,,
USW00094053,"TORRINGTON MUNICIPAL AIRPORT, WY US",3/10/2020,12.97,0,,61.00,36.00,,,,,,,,,,,,,
USW00094053,"TORRINGTON MUNICIPAL AIRPORT, WY US",3/11/2020,20.58,0,,64.00,37.00,,,,,,,,,,,,,
USW00094053,"TORRINGTON MUNICIPAL AIRPORT, WY US",3/12/2020,9.84,0,,52.00,24.00,,,,,,,,,,,,,
USW00094053,"TORRINGTON MUNICIPAL AIRPORT, WY US",3/13/2020,15.43,0,,36.00,26.00,,,,,,,,,,,,,
USW00094053,"TORRINGTON MUNICIPAL AIRPORT, WY US",3/14/2020,18.12,0,,33.00,26.00,,,,,,,,,,,,,
USW00094053,"TORRINGTON MUNICIPAL AIRPORT, WY US",3/15/2020,12.97,0,,52.00,29.00,,,,,,,,,,,,,
USW00094053,"TORRINGTON MUNICIPAL AIRPORT, WY US",3/16/2020,7.38,0,,39.00,31.00,,,,,,,,,,,,,
USW00094053,"TORRINGTON MUNICIPAL AIRPORT, WY US",3/17/2020,12.75,0,,58.00,31.00,,,,,,,,,,,,,
USW00094053,"TORRINGTON MUNICIPAL AIRPORT, WY US",3/18/2020,5.82,0.01,,47.00,27.00,,,,,,,,,,,,,
USW00094053,"TORRINGTON MUNICIPAL AIRPORT, WY US",3/19/2020,14.99,0,,39.00,17.00,,,,,,,,,,,,,
USW00094053,"TORRINGTON MUNICIPAL AIRPORT, WY US",3/20/2020,12.97,0,,27.00,13.00,,,,,,,,,,,,,
USW00094053,"TORRINGTON MUNICIPAL AIRPORT, WY US",3/21/2020,6.71,0,,56.00,18.00,,,,,,,,,,,,,
USW00094053,"TORRINGTON MUNICIPAL AIRPORT, WY US",3/22/2020,7.38,0,,58.00,27.00,,,,,,,,,,,,,
USW00094053,"TORRINGTON MUNICIPAL AIRPORT, WY US",3/23/2020,6.71,0,,63.00,19.00,,,,,,,,,,,,,
USW00094053,"TORRINGTON MUNICIPAL AIRPORT, WY US",3/24/2020,13.65,0,,64.00,36.00,,,,,,,,,,,,,
USW00094053,"TORRINGTON MUNICIPAL AIRPORT, WY US",3/25/2020,8.72,0,,61.00,30.00,,,,,,,,,,,,,
USW00094053,"TORRINGTON MUNICIPAL AIRPORT, WY US",3/26/2020,7.83,0,,57.00,30.00,,,,,,,,,,,,,
USW00094053,"TORRINGTON MUNICIPAL AIRPORT, WY US",3/27/2020,10.74,0.22,,41.00,34.00,,,,,,,,,,,,,
USW00094053,"TORRINGTON MUNICIPAL AIRPORT, WY US",3/28/2020,12.97,0,,52.00,31.00,,,,,,,,,,,,,
USW00094053,"TORRINGTON MUNICIPAL AIRPORT, WY US",3/29/2020,6.04,0,,59.00,26.00,,,,,,,,,,,,,
USW00094053,"TORRINGTON MUNICIPAL AIRPORT, WY US",3/30/2020,6.49,0,,63.00,30.00,,,,,,,,,,,,,
USW00094053,"TORRINGTON MUNICIPAL AIRPORT, WY US",3/31/2020,14.09,0,,68.00,36.00,,,,,,,,,,,,,
USW00094053,"TORRINGTON MUNICIPAL AIRPORT, WY US",4/1/2020,12.3,0,,63.00,22.00,,,,,,,,,,,,,
USW00094053,"TORRINGTON MUNICIPAL AIRPORT, WY US",4/2/2020,11.18,0,,23.00,7.00,,,,,,,,,,,,,
USW00094053,"TORRINGTON MUNICIPAL AIRPORT, WY US",4/3/2020,5.82,0,,44.00,1.00,,,,,,,,,,,,,
USW00094053,"TORRINGTON MUNICIPAL AIRPORT, WY US",4/4/2020,9.84,0,,63.00,22.00,,,,,,,,,,,,,
USW00094053,"TORRINGTON MUNICIPAL AIRPORT, WY US",4/5/2020,8.5,0,,70.00,29.00,,,,,,,,,,,,,
USW00094053,"TORRINGTON MUNICIPAL AIRPORT, WY US",4/6/2020,6.93,0,,77.00,28.00,,,,,,,,,,,,,
USW00094053,"TORRINGTON MUNICIPAL AIRPORT, WY US",4/7/2020,15.21,0,,74.00,39.00,,,,,,,,,,,,,
USW00094053,"TORRINGTON MUNICIPAL AIRPORT, WY US",4/8/2020,9.62,0,,60.00,32.00,,,,,,,,,,,,,
USW00094053,"TORRINGTON MUNICIPAL AIRPORT, WY US",4/9/2020,8.72,0,,57.00,25.00,,,,,,,,,,,,,
USW00094053,"TORRINGTON MUNICIPAL AIRPORT, WY US",4/10/2020,8.72,0,,75.00,25.00,,,,,,,,,,,,,
USW00094053,"TORRINGTON MUNICIPAL AIRPORT, WY US",4/11/2020,12.53,0.02,,66.00,23.00,,,,,,,,,,,,,
USW00094053,"TORRINGTON MUNICIPAL AIRPORT, WY US",4/12/2020,12.75,0.05,,30.00,17.00,,,,,,,,,,,,,
USW00094053,"TORRINGTON MUNICIPAL AIRPORT, WY US",4/13/2020,7.61,0,,34.00,14.00,,,,,,,,,,,,,
USW00094053,"TORRINGTON MUNICIPAL AIRPORT, WY US",4/14/2020,11.63,0,,48.00,9.00,,,,,,,,,,,,,
USW00094053,"TORRINGTON MUNICIPAL AIRPORT, WY US",4/15/2020,9.84,0.01,,51.00,23.00,,,,,,,,,,,,,
USW00094053,"TORRINGTON MUNICIPAL AIRPORT, WY US",4/16/2020,8.05,0.23,,30.00,16.00,,,,,,,,,,,,,
USW00094053,"TORRINGTON MUNICIPAL AIRPORT, WY US",4/17/2020,8.5,0,,53.00,6.00,,,,,,,,,,,,,
USW00094053,"TORRINGTON MUNICIPAL AIRPORT, WY US",4/18/2020,6.26,0,,64.00,24.00,,,,,,,,,,,,,
USW00094053,"TORRINGTON MUNICIPAL AIRPORT, WY US",4/19/2020,9.4,0,,64.00,33.00,,,,,,,,,,,,,
USW00094053,"TORRINGTON MUNICIPAL AIRPORT, WY US",4/20/2020,9.17,0,,65.00,29.00,,,,,,,,,,,,,
USW00094053,"TORRINGTON MUNICIPAL AIRPORT, WY US",4/21/2020,4.7,0,,75.00,27.00,,,,,,,,,,,,,
USW00094053,"TORRINGTON MUNICIPAL AIRPORT, WY US",4/22/2020,11.41,0,,73.00,38.00,,,,,,,,,,,,,
USW00094053,"TORRINGTON MUNICIPAL AIRPORT, WY US",4/23/2020,10.07,0.22,,71.00,37.00,,,,,,,,,,,,,
USW00094053,"TORRINGTON MUNICIPAL AIRPORT, WY US",4/24/2020,11.63,0.01,,60.00,39.00,,,,,,,,,,,,,
USW00094053,"TORRINGTON MUNICIPAL AIRPORT, WY US",4/25/2020,6.49,0,,64.00,35.00,,,,,,,,,,,,,
USW00094053,"TORRINGTON MUNICIPAL AIRPORT, WY US",4/26/2020,7.16,0,,73.00,37.00,,,,,,,,,,,,,
USW00094053,"TORRINGTON MUNICIPAL AIRPORT, WY US",4/27/2020,8.72,0,,81.00,37.00,,,,,,,,,,,,,
USW00094053,"TORRINGTON MUNICIPAL AIRPORT, WY US",4/28/2020,15.21,0,,63.00,41.00,,,,,,,,,,,,,
USW00094053,"TORRINGTON MUNICIPAL AIRPORT, WY US",4/29/2020,6.49,0,,74.00,31.00,,,,,,,,,,,,,
USW00094053,"TORRINGTON MUNICIPAL AIRPORT, WY US",4/30/2020,8.95,0,,88.00,42.00,,,,,,,,,,,,,
USW00094053,"TORRINGTON MUNICIPAL AIRPORT, WY US",5/1/2020,8.28,0.49,,78.00,49.00,,,,,,,,,,,,,
USW00094053,"TORRINGTON MUNICIPAL AIRPORT, WY US",5/2/2020,10.51,0.65,,52.00,49.00,,,,,,,,,,,,,
USW00094053,"TORRINGTON MUNICIPAL AIRPORT, WY US",5/3/2020,8.72,0,,74.00,43.00,,,,,,,,,,,,,
USW00094053,"TORRINGTON MUNICIPAL AIRPORT, WY US",5/4/2020,12.53,0.27,,60.00,38.00,,,,,,,,,,,,,
USW00094053,"TORRINGTON MUNICIPAL AIRPORT, WY US",5/5/2020,8.5,0,,69.00,32.00,,,,,,,,,,,,,
USW00094053,"TORRINGTON MUNICIPAL AIRPORT, WY US",5/6/2020,10.74,0,,70.00,30.00,,,,,,,,,,,,,
USW00094053,"TORRINGTON MUNICIPAL AIRPORT, WY US",5/7/2020,16.55,0,,64.00,38.00,,,,,,,,,,,,,
USW00094053,"TORRINGTON MUNICIPAL AIRPORT, WY US",5/8/2020,9.84,0.13,,60.00,31.00,,,,,,,,,,,,,
USW00094053,"TORRINGTON MUNICIPAL AIRPORT, WY US",5/9/2020,12.97,0.15,,56.00,39.00,,,,,,,,,,,,,
USW00094053,"TORRINGTON MUNICIPAL AIRPORT, WY US",5/10/2020,10.07,0,,59.00,34.00,,,,,,,,,,,,,
USW00094053,"TORRINGTON MUNICIPAL AIRPORT, WY US",5/11/2020,13.65,0,,41.00,33.00,,,,,,,,,,,,,
USW00094053,"TORRINGTON MUNICIPAL AIRPORT, WY US",5/12/2020,17.22,0,,67.00,36.00,,,,,,,,,,,,,
USW00094053,"TORRINGTON MUNICIPAL AIRPORT, WY US",5/13/2020,8.72,0.05,,73.00,42.00,,,,,,,,,,,,,
USW00094053,"TORRINGTON MUNICIPAL AIRPORT, WY US",5/14/2020,7.61,0,,73.00,45.00,,,,,,,,,,,,,
USW00094053,"TORRINGTON MUNICIPAL AIRPORT, WY US",5/15/2020,9.62,0,,73.00,47.00,,,,,,,,,,,,,
USW00094053,"TORRINGTON MUNICIPAL AIRPORT, WY US",5/16/2020,12.08,0,,66.00,41.00,,,,,,,,,,,,,
USW00094053,"TORRINGTON MUNICIPAL AIRPORT, WY US",5/17/2020,10.51,0,,72.00,42.00,,,,,,,,,,,,,
USW00094053,"TORRINGTON MUNICIPAL AIRPORT, WY US",5/18/2020,14.54,0,,83.00,44.00,,,,,,,,,,,,,
USW00094053,"TORRINGTON MUNICIPAL AIRPORT, WY US",5/19/2020,13.42,0,,89.00,50.00,,,,,,,,,,,,,
USW00094053,"TORRINGTON MUNICIPAL AIRPORT, WY US",5/20/2020,15.88,0.18,,84.00,50.00,,,,,,,,,,,,,
USW00094053,"TORRINGTON MUNICIPAL AIRPORT, WY US",5/21/2020,6.71,0,,77.00,44.00,,,,,,,,,,,,,
USW00094053,"TORRINGTON MUNICIPAL AIRPORT, WY US",5/22/2020,10.51,0,,83.00,41.00,,,,,,,,,,,,,
USW00094053,"TORRINGTON MUNICIPAL AIRPORT, WY US",5/23/2020,11.86,0.18,,79.00,50.00,,,,,,,,,,,,,
USW00094053,"TORRINGTON MUNICIPAL AIRPORT, WY US",5/24/2020,11.18,0,,61.00,43.00,,,,,,,,,,,,,
USW00094053,"TORRINGTON MUNICIPAL AIRPORT, WY US",5/25/2020,7.83,0,,67.00,39.00,,,,,,,,,,,,,
USW00094053,"TORRINGTON MUNICIPAL AIRPORT, WY US",5/26/2020,4.47,0,,81.00,36.00,,,,,,,,,,,,,
USW00094053,"TORRINGTON MUNICIPAL AIRPORT, WY US",5/27/2020,10.29,0,,84.00,50.00,,,,,,,,,,,,,
USW00094053,"TORRINGTON MUNICIPAL AIRPORT, WY US",5/28/2020,4.03,0,,70.00,48.00,,,,,,,,,,,,,
USW00094053,"TORRINGTON MUNICIPAL AIRPORT, WY US",5/29/2020,12.97,0.05,,87.00,47.00,,,,,,,,,,,,,
USW00094053,"TORRINGTON MUNICIPAL AIRPORT, WY US",5/30/2020,11.86,0,,81.00,51.00,,,,,,,,,,,,,
USW00094053,"TORRINGTON MUNICIPAL AIRPORT, WY US",5/31/2020,9.62,0.02,,92.00,53.00,,,,,,,,,,,,,
USW00094053,"TORRINGTON MUNICIPAL AIRPORT, WY US",6/1/2020,5.82,0,,96.00,56.00,,,,,,,,,,,,,
USW00094053,"TORRINGTON MUNICIPAL AIRPORT, WY US",6/2/2020,10.07,0.1,,88.00,58.00,,,,,,,,,,,,,
USW00094053,"TORRINGTON MUNICIPAL AIRPORT, WY US",6/3/2020,9.62,0,,88.00,58.00,,,,,,,,,,,,,
USW00094053,"TORRINGTON MUNICIPAL AIRPORT, WY US",6/4/2020,7.61,0,,96.00,48.00,,,,,,,,,,,,,
USW00094053,"TORRINGTON MUNICIPAL AIRPORT, WY US",6/5/2020,12.75,0,,91.00,54.00,,,,,,,,,,,,,
USW00094053,"TORRINGTON MUNICIPAL AIRPORT, WY US",6/6/2020,9.62,0,,90.00,53.00,,,,,,,,,,,,,
USW00094053,"TORRINGTON MUNICIPAL AIRPORT, WY US",6/7/2020,11.86,0,,84.00,48.00,,,,,,,,,,,,,
USW00094053,"TORRINGTON MUNICIPAL AIRPORT, WY US",6/8/2020,12.97,0.23,,77.00,47.00,,,,,,,,,,,,,
USW00094053,"TORRINGTON MUNICIPAL AIRPORT, WY US",6/9/2020,17.22,0.41,,69.00,45.00,,,,,,,,,,,,,
USW00094053,"TORRINGTON MUNICIPAL AIRPORT, WY US",6/10/2020,8.72,0,,78.00,43.00,,,,,,,,,,,,,
USW00094053,"TORRINGTON MUNICIPAL AIRPORT, WY US",6/11/2020,5.14,0,,83.00,45.00,,,,,,,,,,,,,
USW00094053,"TORRINGTON MUNICIPAL AIRPORT, WY US",6/12/2020,12.3,0,,92.00,50.00,,,,,,,,,,,,,
USW00094053,"TORRINGTON MUNICIPAL AIRPORT, WY US",6/13/2020,14.32,0.29,,93.00,57.00,,,,,,,,,,,,,
USW00094053,"TORRINGTON MUNICIPAL AIRPORT, WY US",6/14/2020,9.62,0,,93.00,58.00,,,,,,,,,,,,,
USW00094053,"TORRINGTON MUNICIPAL AIRPORT, WY US",6/15/2020,7.61,0,,85.00,51.00,,,,,,,,,,,,,
USW00094053,"TORRINGTON MUNICIPAL AIRPORT, WY US",6/16/2020,12.08,0,,96.00,59.00,,,,,,,,,,,,,
USW00094053,"TORRINGTON MUNICIPAL AIRPORT, WY US",6/17/2020,10.07,0,,90.00,53.00,,,,,,,,,,,,,
USW00094053,"TORRINGTON MUNICIPAL AIRPORT, WY US",6/18/2020,10.74,0,,76.00,51.00,,,,,,,,,,,,,
USW00094053,"TORRINGTON MUNICIPAL AIRPORT, WY US",6/19/2020,10.74,0.09,,72.00,50.00,,,,,,,,,,,,,
USW00094053,"TORRINGTON MUNICIPAL AIRPORT, WY US",6/20/2020,7.61,0,,84.00,49.00,,,,,,,,,,,,,
USW00094053,"TORRINGTON MUNICIPAL AIRPORT, WY US",6/21/2020,7.61,0.05,,83.00,57.00,,,,,,,,,,,,,
USW00094053,"TORRINGTON MUNICIPAL AIRPORT, WY US",6/22/2020,7.61,0,,83.00,51.00,,,,,,,,,,,,,
USW00094053,"TORRINGTON MUNICIPAL AIRPORT, WY US",6/23/2020,5.59,0,,86.00,53.00,,,,,,,,,,,,,
USW00094053,"TORRINGTON MUNICIPAL AIRPORT, WY US",6/24/2020,6.49,0,,93.00,56.00,,,,,,,,,,,,,
USW00094053,"TORRINGTON MUNICIPAL AIRPORT, WY US",6/25/2020,11.18,0.3,,92.00,61.00,,,,,,,,,,,,,
USW00094053,"TORRINGTON MUNICIPAL AIRPORT, WY US",6/26/2020,6.26,0,,83.00,58.00,,,,,,,,,,,,,
USW00094053,"TORRINGTON MUNICIPAL AIRPORT, WY US",6/27/2020,6.04,0,,93.00,56.00,,,,,,,,,,,,,
USW00094053,"TORRINGTON MUNICIPAL AIRPORT, WY US",6/28/2020,9.84,0,,95.00,60.00,,,,,,,,,,,,,
USW00094053,"TORRINGTON MUNICIPAL AIRPORT, WY US",6/29/2020,9.17,0,,97.00,56.00,,,,,,,,,,,,,
USW00094053,"TORRINGTON MUNICIPAL AIRPORT, WY US",6/30/2020,13.2,0,,79.00,60.00,,,,,,,,,,,,,
USW00094053,"TORRINGTON MUNICIPAL AIRPORT, WY US",7/1/2020,11.18,0,,91.00,50.00,,,,,,,,,,,,,
USW00094053,"TORRINGTON MUNICIPAL AIRPORT, WY US",7/2/2020,13.65,0,,99.00,65.00,,,,,,,,,,,,,
USW00094053,"TORRINGTON MUNICIPAL AIRPORT, WY US",7/3/2020,13.42,0.07,,97.00,62.00,,,,,,,,,,,,,
USW00094053,"TORRINGTON MUNICIPAL AIRPORT, WY US",7/4/2020,9.4,0.31,,95.00,63.00,,,,,,,,,,,,,
USW00094053,"TORRINGTON MUNICIPAL AIRPORT, WY US",7/5/2020,8.5,0,,96.00,58.00,,,,,,,,,,,,,
USW00094053,"TORRINGTON MUNICIPAL AIRPORT, WY US",7/6/2020,8.72,0,,93.00,58.00,,,,,,,,,,,,,
USW00094053,"TORRINGTON MUNICIPAL AIRPORT, WY US",7/7/2020,12.3,0,,101.00,60.00,,,,,,,,,,,,,
USW00094053,"TORRINGTON MUNICIPAL AIRPORT, WY US",7/8/2020,7.83,0,,94.00,59.00,,,,,,,,,,,,,
USW00094053,"TORRINGTON MUNICIPAL AIRPORT, WY US",7/9/2020,8.95,0,,90.00,56.00,,,,,,,,,,,,,
USW00094053,"TORRINGTON MUNICIPAL AIRPORT, WY US",7/10/2020,11.41,0,,104.00,62.00,,,,,,,,,,,,,
USW00094053,"TORRINGTON MUNICIPAL AIRPORT, WY US",7/11/2020,7.61,0,,92.00,58.00,,,,,,,,,,,,,
USW00094053,"TORRINGTON MUNICIPAL AIRPORT, WY US",7/12/2020,9.84,0,,99.00,61.00,,,,,,,,,,,,,
USW00094053,"TORRINGTON MUNICIPAL AIRPORT, WY US",7/13/2020,8.72,0,,91.00,62.00,,,,,,,,,,,,,
USW00094053,"TORRINGTON MUNICIPAL AIRPORT, WY US",7/14/2020,12.08,0,,79.00,58.00,,,,,,,,,,,,,
USW00094053,"TORRINGTON MUNICIPAL AIRPORT, WY US",7/15/2020,13.2,0.02,,83.00,55.00,,,,,,,,,,,,,
USW00094053,"TORRINGTON MUNICIPAL AIRPORT, WY US",7/16/2020,7.83,0,,93.00,57.00,,,,,,,,,,,,,
USW00094053,"TORRINGTON MUNICIPAL AIRPORT, WY US",7/17/2020,6.26,0,,101.00,61.00,,,,,,,,,,,,,
USW00094053,"TORRINGTON MUNICIPAL AIRPORT, WY US",7/18/2020,10.07,0,,92.00,60.00,,,,,,,,,,,,,
USW00094053,"TORRINGTON MUNICIPAL AIRPORT, WY US",7/19/2020,11.41,0,,92.00,60.00,,,,,,,,,,,,,
USW00094053,"TORRINGTON MUNICIPAL AIRPORT, WY US",7/20/2020,9.17,0,,89.00,56.00,,,,,,,,,,,,,
USW00094053,"TORRINGTON MUNICIPAL AIRPORT, WY US",7/21/2020,7.61,0,,87.00,59.00,,,,,,,,,,,,,
USW00094053,"TORRINGTON MUNICIPAL AIRPORT, WY US",7/22/2020,10.51,0,,93.00,55.00,,,,,,,,,,,,,
USW00094053,"TORRINGTON MUNICIPAL AIRPORT, WY US",7/23/2020,10.74,0,,100.00,68.00,,,,,,,,,,,,,
USW00094053,"TORRINGTON MUNICIPAL AIRPORT, WY US",7/24/2020,8.95,0,,90.00,68.00,,,,,,,,,,,,,
USW00094053,"TORRINGTON MUNICIPAL AIRPORT, WY US",7/25/2020,4.7,0,,96.00,64.00,,,,,,,,,,,,,
USW00094053,"TORRINGTON MUNICIPAL AIRPORT, WY US",7/26/2020,9.17,0,,82.00,64.00,,,,,,,,,,,,,
USW00094053,"TORRINGTON MUNICIPAL AIRPORT, WY US",7/27/2020,8.05,0,,92.00,59.00,,,,,,,,,,,,,
USW00094053,"TORRINGTON MUNICIPAL AIRPORT, WY US",7/28/2020,9.62,0,,92.00,61.00,,,,,,,,,,,,,
USW00094053,"TORRINGTON MUNICIPAL AIRPORT, WY US",7/29/2020,8.05,1.12,,88.00,54.00,,,,,,,,,,,,,
USW00094053,"TORRINGTON MUNICIPAL AIRPORT, WY US",7/30/2020,4.92,0.28,,77.00,62.00,,,,,,,,,,,,,
USW00094053,"TORRINGTON MUNICIPAL AIRPORT, WY US",7/31/2020,5.59,0,,89.00,55.00,,,,,,,,,,,,,
USW00094053,"TORRINGTON MUNICIPAL AIRPORT, WY US",8/1/2020,6.71,0,,88.00,56.00,,,,,,,,,,,,,
USW00094053,"TORRINGTON MUNICIPAL AIRPORT, WY US",8/2/2020,12.08,0,,83.00,58.00,,,,,,,,,,,,,
USW00094053,"TORRINGTON MUNICIPAL AIRPORT, WY US",8/3/2020,11.18,0,,89.00,56.00,,,,,,,,,,,,,
USW00094053,"TORRINGTON MUNICIPAL AIRPORT, WY US",8/4/2020,7.16,0,,89.00,57.00,,,,,,,,,,,,,
USW00094053,"TORRINGTON MUNICIPAL AIRPORT, WY US",8/5/2020,8.5,0,,91.00,56.00,,,,,,,,,,,,,
USW00094053,"TORRINGTON MUNICIPAL AIRPORT, WY US",8/6/2020,7.83,0,,94.00,58.00,,,,,,,,,,,,,
USW00094053,"TORRINGTON MUNICIPAL AIRPORT, WY US",8/7/2020,8.5,0,,100.00,57.00,,,,,,,,,,,,,
USW00094053,"TORRINGTON MUNICIPAL AIRPORT, WY US",8/8/2020,9.17,0,,92.00,59.00,,,,,,,,,,,,,
USW00094053,"TORRINGTON MUNICIPAL AIRPORT, WY US",8/9/2020,9.4,0,,98.00,55.00,,,,,,,,,,,,,
USW00094053,"TORRINGTON MUNICIPAL AIRPORT, WY US",8/10/2020,7.83,0,,85.00,56.00,,,,,,,,,,,,,
USW00094053,"TORRINGTON MUNICIPAL AIRPORT, WY US",8/11/2020,10.07,0,,97.00,61.00,,,,,,,,,,,,,
USW00094053,"TORRINGTON MUNICIPAL AIRPORT, WY US",8/12/2020,11.86,0,,96.00,60.00,,,,,,,,,,,,,
USW00094053,"TORRINGTON MUNICIPAL AIRPORT, WY US",8/13/2020,5.14,0,,98.00,56.00,,,,,,,,,,,,,
USW00094053,"TORRINGTON MUNICIPAL AIRPORT, WY US",8/14/2020,8.05,0,,86.00,59.00,,,,,,,,,,,,,
USW00094053,"TORRINGTON MUNICIPAL AIRPORT, WY US",8/15/2020,6.93,0,,94.00,55.00,,,,,,,,,,,,,
USW00094053,"TORRINGTON MUNICIPAL AIRPORT, WY US",8/16/2020,7.38,0,,95.00,54.00,,,,,,,,,,,,,
USW00094053,"TORRINGTON MUNICIPAL AIRPORT, WY US",8/17/2020,7.83,0,,97.00,58.00,,,,,,,,,,,,,
USW00094053,"TORRINGTON MUNICIPAL AIRPORT, WY US",8/18/2020,6.49,0,,100.00,57.00,,,,,,,,,,,,,
USW00094053,"TORRINGTON MUNICIPAL AIRPORT, WY US",8/19/2020,6.26,0,,95.00,62.00,,,,,,,,,,,,,
USW00094053,"TORRINGTON MUNICIPAL AIRPORT, WY US",8/20/2020,6.26,0,,95.00,58.00,,,,,,,,,,,,,
USW00094053,"TORRINGTON MUNICIPAL AIRPORT, WY US",8/21/2020,6.04,0,,95.00,56.00,,,,,,,,,,,,,
USW00094053,"TORRINGTON MUNICIPAL AIRPORT, WY US",8/22/2020,6.04,0,,94.00,58.00,,,,,,,,,,,,,
USW00094053,"TORRINGTON MUNICIPAL AIRPORT, WY US",8/23/2020,9.17,0,,100.00,62.00,,,,,,,,,,,,,
USW00094053,"TORRINGTON MUNICIPAL AIRPORT, WY US",8/24/2020,8.05,0,,99.00,62.00,,,,,,,,,,,,,
USW00094053,"TORRINGTON MUNICIPAL AIRPORT, WY US",8/25/2020,5.82,0,,102.00,60.00,,,,,,,,,,,,,
USW00094053,"TORRINGTON MUNICIPAL AIRPORT, WY US",8/26/2020,7.61,0,,96.00,65.00,,,,,,,,,,,,,
USW00094053,"TORRINGTON MUNICIPAL AIRPORT, WY US",8/27/2020,8.05,0,,98.00,60.00,,,,,,,,,,,,,
USW00094053,"TORRINGTON MUNICIPAL AIRPORT, WY US",8/28/2020,11.18,0,,85.00,58.00,,,,,,,,,,,,,
USW00094053,"TORRINGTON MUNICIPAL AIRPORT, WY US",8/29/2020,9.62,0,,84.00,52.00,,,,,,,,,,,,,
USW00094053,"TORRINGTON MUNICIPAL AIRPORT, WY US",8/30/2020,13.42,0,,93.00,54.00,,,,,,,,,,,,,
USW00094053,"TORRINGTON MUNICIPAL AIRPORT, WY US",8/31/2020,10.51,0,,77.00,44.00,,,,,,,,,,,,,
USW00094053,"TORRINGTON MUNICIPAL AIRPORT, WY US",9/1/2020,7.61,0,,82.00,48.00,,,,,,,,,,,,,
USW00094053,"TORRINGTON MUNICIPAL AIRPORT, WY US",9/2/2020,7.16,0,,94.00,46.00,,,,,,,,,,,,,
USW00094053,"TORRINGTON MUNICIPAL AIRPORT, WY US",9/3/2020,5.37,0,,82.00,48.00,,,,,,,,,,,,,
USW00094053,"TORRINGTON MUNICIPAL AIRPORT, WY US",9/4/2020,5.59,0,,91.00,48.00,,,,,,,,,,,,,
USW00094053,"TORRINGTON MUNICIPAL AIRPORT, WY US",9/5/2020,4.7,0,,102.00,51.00,,,,,,,,,,,,,
USW00094053,"TORRINGTON MUNICIPAL AIRPORT, WY US",9/6/2020,9.4,0,,95.00,56.00,,,,,,,,,,,,,
USW00094053,"TORRINGTON MUNICIPAL AIRPORT, WY US",9/7/2020,16.11,0.08,,80.00,36.00,,,,,,,,,,,,,
USW00094053,"TORRINGTON MUNICIPAL AIRPORT, WY US",9/8/2020,11.41,0.1,,39.00,32.00,,,,,,,,,,,,,
USW00094053,"TORRINGTON MUNICIPAL AIRPORT, WY US",9/9/2020,3.58,0,,44.00,32.00,,,,,,,,,,,,,
USW00094053,"TORRINGTON MUNICIPAL AIRPORT, WY US",9/10/2020,4.7,0.39,,59.00,29.00,,,,,,,,,,,,,
USW00094053,"TORRINGTON MUNICIPAL AIRPORT, WY US",9/11/2020,6.71,0.21,,56.00,45.00,,,,,,,,,,,,,
USW00094053,"TORRINGTON MUNICIPAL AIRPORT, WY US",9/12/2020,7.38,0,,79.00,42.00,,,,,,,,,,,,,
USW00094053,"TORRINGTON MUNICIPAL AIRPORT, WY US",9/13/2020,3.58,0,,86.00,41.00,,,,,,,,,,,,,
USW00094053,"TORRINGTON MUNICIPAL AIRPORT, WY US",9/14/2020,5.37,0,,90.00,46.00,,,,,,,,,,,,,
USW00094053,"TORRINGTON MUNICIPAL AIRPORT, WY US",9/15/2020,5.14,0,,91.00,46.00,,,,,,,,,,,,,
USW00094053,"TORRINGTON MUNICIPAL AIRPORT, WY US",9/16/2020,7.61,0,,73.00,49.00,,,,,,,,,,,,,
USW00094053,"TORRINGTON MUNICIPAL AIRPORT, WY US",9/17/2020,8.05,0,,80.00,45.00,,,,,,,,,,,,,
USW00094053,"TORRINGTON MUNICIPAL AIRPORT, WY US",9/18/2020,6.49,0,,83.00,43.00,,,,,,,,,,,,,
USW00094053,"TORRINGTON MUNICIPAL AIRPORT, WY US",9/19/2020,6.04,0,,89.00,51.00,,,,,,,,,,,,,
USW00094053,"TORRINGTON MUNICIPAL AIRPORT, WY US",9/20/2020,9.84,0,,82.00,50.00,,,,,,,,,,,,,
USW00094053,"TORRINGTON MUNICIPAL AIRPORT, WY US",9/21/2020,3.8,0,,85.00,43.00,,,,,,,,,,,,,
USW00094053,"TORRINGTON MUNICIPAL AIRPORT, WY US",9/22/2020,3.8,0,,90.00,44.00,,,,,,,,,,,,,
USW00094053,"TORRINGTON MUNICIPAL AIRPORT, WY US",9/23/2020,8.28,0,,88.00,53.00,,,,,,,,,,,,,
USW00094053,"TORRINGTON MUNICIPAL AIRPORT, WY US",9/24/2020,3.58,0,,92.00,43.00,,,,,,,,,,,,,
USW00094053,"TORRINGTON MUNICIPAL AIRPORT, WY US",9/25/2020,7.16,0,,83.00,46.00,,,,,,,,,,,,,
USW00094053,"TORRINGTON MUNICIPAL AIRPORT, WY US",9/26/2020,11.86,0,,84.00,46.00,,,,,,,,,,,,,
USW00094053,"TORRINGTON MUNICIPAL AIRPORT, WY US",9/27/2020,13.87,0.02,,59.00,38.00,,,,,,,,,,,,,
USW00094053,"TORRINGTON MUNICIPAL AIRPORT, WY US",9/28/2020,10.29,0,,64.00,34.00,,,,,,,,,,,,,
USW00094053,"TORRINGTON MUNICIPAL AIRPORT, WY US",9/29/2020,8.05,0,,81.00,34.00,,,,,,,,,,,,,
USW00094053,"TORRINGTON MUNICIPAL AIRPORT, WY US",9/30/2020,10.29,0,,69.00,41.00,,,,,,,,,,,,,
USW00094053,"TORRINGTON MUNICIPAL AIRPORT, WY US",10/1/2020,5.82,0,,66.00,35.00,,,,,,,,,,,,,
USW00094053,"TORRINGTON MUNICIPAL AIRPORT, WY US",10/2/2020,8.72,0,,78.00,34.00,,,,,,,,,,,,,
USW00094053,"TORRINGTON MUNICIPAL AIRPORT, WY US",10/3/2020,6.26,0,,70.00,38.00,,,,,,,,,,,,,
USW00094053,"TORRINGTON MUNICIPAL AIRPORT, WY US",10/4/2020,3.58,0,,83.00,34.00,,,,,,,,,,,,,
USW00094053,"TORRINGTON MUNICIPAL AIRPORT, WY US",10/5/2020,10.07,0,,77.00,42.00,,,,,,,,,,,,,
USW00094053,"TORRINGTON MUNICIPAL AIRPORT, WY US",10/6/2020,3.58,0,,85.00,33.00,,,,,,,,,,,,,
USW00094053,"TORRINGTON MUNICIPAL AIRPORT, WY US",10/7/2020,7.38,0,,83.00,41.00,,,,,,,,,,,,,
USW00094053,"TORRINGTON MUNICIPAL AIRPORT, WY US",10/8/2020,5.37,0,,88.00,39.00,,,,,,,,,,,,,
USW00094053,"TORRINGTON MUNICIPAL AIRPORT, WY US",10/9/2020,5.82,0,,83.00,42.00,,,,,,,,,,,,,
USW00094053,"TORRINGTON MUNICIPAL AIRPORT, WY US",10/10/2020,11.41,0,,86.00,36.00,,,,,,,,,,,,,
USW00094053,"TORRINGTON MUNICIPAL AIRPORT, WY US",10/11/2020,12.53,0,,69.00,33.00,,,,,,,,,,,,,
USW00094053,"TORRINGTON MUNICIPAL AIRPORT, WY US",10/12/2020,15.88,0,,72.00,26.00,,,,,,,,,,,,,
USW00094053,"TORRINGTON MUNICIPAL AIRPORT, WY US",10/13/2020,12.97,0,,76.00,32.00,,,,,,,,,,,,,
USW00094053,"TORRINGTON MUNICIPAL AIRPORT, WY US",10/14/2020,14.32,0.03,,72.00,38.00,,,,,,,,,,,,,
USW00094053,"TORRINGTON MUNICIPAL AIRPORT, WY US",10/15/2020,10.74,0,,50.00,33.00,,,,,,,,,,,,,
USW00094053,"TORRINGTON MUNICIPAL AIRPORT, WY US",10/16/2020,9.84,0,,68.00,21.00,,,,,,,,,,,,,
USW00094053,"TORRINGTON MUNICIPAL AIRPORT, WY US",10/17/2020,10.96,0,,58.00,30.00,,,,,,,,,,,,,
USW00094053,"TORRINGTON MUNICIPAL AIRPORT, WY US",10/18/2020,12.08,0,,36.00,28.00,,,,,,,,,,,,,
USW00094053,"TORRINGTON MUNICIPAL AIRPORT, WY US",10/19/2020,9.4,0,,57.00,30.00,,,,,,,,,,,,,
USW00094053,"TORRINGTON MUNICIPAL AIRPORT, WY US",10/20/2020,10.96,0,,57.00,33.00,,,,,,,,,,,,,
USW00094053,"TORRINGTON MUNICIPAL AIRPORT, WY US",10/21/2020,12.3,0,,75.00,31.00,,,,,,,,,,,,,
USW00094053,"TORRINGTON MUNICIPAL AIRPORT, WY US",10/22/2020,12.53,0,,37.00,23.00,,,,,,,,,,,,,
USW00094053,"TORRINGTON MUNICIPAL AIRPORT, WY US",10/23/2020,10.74,0,,34.00,18.00,,,,,,,,,,,,,
USW00094053,"TORRINGTON MUNICIPAL AIRPORT, WY US",10/24/2020,12.3,0,,32.00,17.00,,,,,,,,,,,,,
USW00094053,"TORRINGTON MUNICIPAL AIRPORT, WY US",10/25/2020,7.83,0,,17.00,6.00,,,,,,,,,,,,,
USW00094053,"TORRINGTON MUNICIPAL AIRPORT, WY US",10/26/2020,2.24,0,,18.00,-9.00,,,,,,,,,,,,,
USW00094053,"TORRINGTON MUNICIPAL AIRPORT, WY US",10/27/2020,3.58,0,,33.00,-11.00,,,,,,,,,,,,,
USW00094053,"TORRINGTON MUNICIPAL AIRPORT, WY US",10/28/2020,4.25,0,,46.00,16.00,,,,,,,,,,,,,
USW00094053,"TORRINGTON MUNICIPAL AIRPORT, WY US",10/29/2020,4.7,0,,58.00,26.00,,,,,,,,,,,,,
USW00094053,"TORRINGTON MUNICIPAL AIRPORT, WY US",10/30/2020,7.38,0,,68.00,27.00,,,,,,,,,,,,,
USW00094053,"TORRINGTON MUNICIPAL AIRPORT, WY US",10/31/2020,10.96,0,,57.00,27.00,,,,,,,,,,,,,
USW00094053,"TORRINGTON MUNICIPAL AIRPORT, WY US",11/1/2020,3.58,0,,63.00,24.00,,,,,,,,,,,,,
USW00094053,"TORRINGTON MUNICIPAL AIRPORT, WY US",11/2/2020,4.03,0,,76.00,28.00,,,,,,,,,,,,,
USW00094053,"TORRINGTON MUNICIPAL AIRPORT, WY US",11/3/2020,4.25,0,,79.00,31.00,,,,,,,,,,,,,
USW00094053,"TORRINGTON MUNICIPAL AIRPORT, WY US",11/4/2020,7.61,0,,78.00,37.00,,,,,,,,,,,,,
USW00094053,"TORRINGTON MUNICIPAL AIRPORT, WY US",11/5/2020,6.49,0,,78.00,29.00,,,,,,,,,,,,,
USW00094053,"TORRINGTON MUNICIPAL AIRPORT, WY US",11/6/2020,5.82,0,,74.00,31.00,,,,,,,,,,,,,
USW00094053,"TORRINGTON MUNICIPAL AIRPORT, WY US",11/7/2020,4.7,0,,67.00,38.00,,,,,,,,,,,,,
USW00094053,"TORRINGTON MUNICIPAL AIRPORT, WY US",11/8/2020,14.09,0.04,,56.00,34.00,,,,,,,,,,,,,
USW00094053,"TORRINGTON MUNICIPAL AIRPORT, WY US",11/9/2020,8.05,0,,34.00,23.00,,,,,,,,,,,,,
USW00094053,"TORRINGTON MUNICIPAL AIRPORT, WY US",11/10/2020,10.74,0,,41.00,13.00,,,,,,,,,,,,,
USW00094053,"TORRINGTON MUNICIPAL AIRPORT, WY US",11/11/2020,14.54,0,,50.00,27.00,,,,,,,,,,,,,
USW00094053,"TORRINGTON MUNICIPAL AIRPORT, WY US",11/12/2020,8.5,0,,41.00,15.00,,,,,,,,,,,,,
USW00094053,"TORRINGTON MUNICIPAL AIRPORT, WY US",11/13/2020,11.86,0,,60.00,19.00,,,,,,,,,,,,,
USW00094053,"TORRINGTON MUNICIPAL AIRPORT, WY US",11/14/2020,20.13,0,,52.00,23.00,,,,,,,,,,,,,
USW00094053,"TORRINGTON MUNICIPAL AIRPORT, WY US",11/15/2020,20.58,0,,53.00,26.00,,,,,,,,,,,,,
USW00094053,"TORRINGTON MUNICIPAL AIRPORT, WY US",11/16/2020,11.18,0,,60.00,35.00,,,,,,,,,,,,,
USW00094053,"TORRINGTON MUNICIPAL AIRPORT, WY US",11/17/2020,5.14,0,,70.00,23.00,,,,,,,,,,,,,
USW00094053,"TORRINGTON MUNICIPAL AIRPORT, WY US",11/18/2020,6.49,0,,73.00,33.00,,,,,,,,,,,,,
USW00094053,"TORRINGTON MUNICIPAL AIRPORT, WY US",11/19/2020,13.87,0,,61.00,32.00,,,,,,,,,,,,,
USW00094053,"TORRINGTON MUNICIPAL AIRPORT, WY US",11/20/2020,6.49,0,,50.00,25.00,,,,,,,,,,,,,
USW00094053,"TORRINGTON MUNICIPAL AIRPORT, WY US",11/21/2020,4.7,0,,52.00,15.00,,,,,,,,,,,,,
USW00094053,"TORRINGTON MUNICIPAL AIRPORT, WY US",11/22/2020,9.17,0,,49.00,17.00,,,,,,,,,,,,,
USW00094053,"TORRINGTON MUNICIPAL AIRPORT, WY US",11/23/2020,6.26,0,,54.00,20.00,,,,,,,,,,,,,
USW00094053,"TORRINGTON MUNICIPAL AIRPORT, WY US",11/24/2020,8.5,0,,47.00,16.00,,,,,,,,,,,,,
USW00094053,"TORRINGTON MUNICIPAL AIRPORT, WY US",11/25/2020,10.29,0,,60.00,14.00,,,,,,,,,,,,,
USW00094053,"TORRINGTON MUNICIPAL AIRPORT, WY US",11/26/2020,4.7,0,,44.00,18.00,,,,,,,,,,,,,
USW00094053,"TORRINGTON MUNICIPAL AIRPORT, WY US",11/27/2020,2.46,0,,51.00,9.00,,,,,,,,,,,,,
USW00094053,"TORRINGTON MUNICIPAL AIRPORT, WY US",11/28/2020,5.14,0,,60.00,17.00,,,,,,,,,,,,,
USW00094053,"TORRINGTON MUNICIPAL AIRPORT, WY US",11/29/2020,6.71,0,,43.00,12.00,,,,,,,,,,,,,
USW00094053,"TORRINGTON MUNICIPAL AIRPORT, WY US",11/30/2020,6.71,0,,59.00,8.00,,,,,,,,,,,,,
USW00094053,"TORRINGTON MUNICIPAL AIRPORT, WY US",12/1/2020,17.9,0,,47.00,22.00,,,,,,,,,,,,,
USW00094053,"TORRINGTON MUNICIPAL AIRPORT, WY US",12/2/2020,11.18,0,,36.00,17.00,,,,,,,,,,,,,
USW00094053,"TORRINGTON MUNICIPAL AIRPORT, WY US",12/3/2020,10.29,0,,50.00,13.00,,,,,,,,,,,,,
USW00094053,"TORRINGTON MUNICIPAL AIRPORT, WY US",12/4/2020,11.86,0,,59.00,27.00,,,,,,,,,,,,,
USW00094053,"TORRINGTON MUNICIPAL AIRPORT, WY US",12/5/2020,7.83,0,,57.00,22.00,,,,,,,,,,,,,
USW00094053,"TORRINGTON MUNICIPAL AIRPORT, WY US",12/6/2020,6.93,0,,60.00,17.00,,,,,,,,,,,,,
USW00094053,"TORRINGTON MUNICIPAL AIRPORT, WY US",12/7/2020,11.18,0,,59.00,23.00,,,,,,,,,,,,,
USW00094053,"TORRINGTON MUNICIPAL AIRPORT, WY US",12/8/2020,9.4,0,,65.00,24.00,,,,,,,,,,,,,
USW00094053,"TORRINGTON MUNICIPAL AIRPORT, WY US",12/9/2020,8.95,0,,68.00,24.00,,,,,,,,,,,,,
USW00094053,"TORRINGTON MUNICIPAL AIRPORT, WY US",12/10/2020,7.61,0,,42.00,23.00,,,,,,,,,,,,,
USW00094053,"TORRINGTON MUNICIPAL AIRPORT, WY US",12/11/2020,2.68,0.04,,29.00,20.00,,,,,,,,,,,,,
USW00094053,"TORRINGTON MUNICIPAL AIRPORT, WY US",12/12/2020,6.71,0,,30.00,11.00,,,,,,,,,,,,,
USW00094053,"TORRINGTON MUNICIPAL AIRPORT, WY US",12/13/2020,6.49,0,,24.00,3.00,,,,,,,,,,,,,
USW00094053,"TORRINGTON MUNICIPAL AIRPORT, WY US",12/14/2020,5.14,0,,25.00,15.00,,,,,,,,,,,,,
USW00094053,"TORRINGTON MUNICIPAL AIRPORT, WY US",12/15/2020,7.83,0,,34.00,12.00,,,,,,,,,,,,,
USW00094053,"TORRINGTON MUNICIPAL AIRPORT, WY US",12/16/2020,10.74,0,,43.00,12.00,,,,,,,,,,,,,
USW00094053,"TORRINGTON MUNICIPAL AIRPORT, WY US",12/17/2020,5.37,0,,45.00,14.00,,,,,,,,,,,,,
USW00094053,"TORRINGTON MUNICIPAL AIRPORT, WY US",12/18/2020,10.51,0.02,,40.00,22.00,,,,,,,,,,,,,
USW00094053,"TORRINGTON MUNICIPAL AIRPORT, WY US",12/19/2020,14.32,0,,45.00,17.00,,,,,,,,,,,,,
USW00094053,"TORRINGTON MUNICIPAL AIRPORT, WY US",12/20/2020,20.8,0,,51.00,29.00,,,,,,,,,,,,,
USW00094053,"TORRINGTON MUNICIPAL AIRPORT, WY US",12/21/2020,12.75,0,,59.00,33.00,,,,,,,,,,,,,
USW00094053,"TORRINGTON MUNICIPAL AIRPORT, WY US",12/22/2020,15.21,0,,64.00,25.00,,,,,,,,,,,,,
USW00094053,"TORRINGTON MUNICIPAL AIRPORT, WY US",12/23/2020,23.49,0,,26.00,15.00,,,,,,,,,,,,,
USW00094053,"TORRINGTON MUNICIPAL AIRPORT, WY US",12/24/2020,15.21,0,,48.00,16.00,,,,,,,,,,,,,
USW00094053,"TORRINGTON MUNICIPAL AIRPORT, WY US",12/25/2020,7.61,0,,58.00,27.00,,,,,,,,,,,,,
USW00094053,"TORRINGTON MUNICIPAL AIRPORT, WY US",12/26/2020,12.3,0,,57.00,26.00,,,,,,,,,,,,,
USW00094053,"TORRINGTON MUNICIPAL AIRPORT, WY US",12/27/2020,8.72,0.01,,41.00,14.00,,,,,,,,,,,,,
USW00094053,"TORRINGTON MUNICIPAL AIRPORT, WY US",12/28/2020,7.61,0,,30.00,10.00,,,,,,,,,,,,,
USW00094053,"TORRINGTON MUNICIPAL AIRPORT, WY US",12/29/2020,12.75,0,,30.00,9.00,,,,,,,,,,,,,
USW00094053,"TORRINGTON MUNICIPAL AIRPORT, WY US",12/30/2020,4.47,0,,35.00,6.00,,,,,,,,,,,,,
USW00094053,"TORRINGTON MUNICIPAL AIRPORT, WY US",12/31/2020,6.26,0,,39.00,21.00,,,,,,,,,,,,,
USW00094053,"TORRINGTON MUNICIPAL AIRPORT, WY US",1/1/2021,4.92,0,,42.00,15.00,,,,,,,,,,,,,
USW00094053,"TORRINGTON MUNICIPAL AIRPORT, WY US",1/2/2021,8.28,0,,46.00,12.00,,,,,,,,,,,,,
USW00094053,"TORRINGTON MUNICIPAL AIRPORT, WY US",1/3/2021,15.43,0,,49.00,23.00,,,,,,,,,,,,,
USW00094053,"TORRINGTON MUNICIPAL AIRPORT, WY US",1/4/2021,9.17,0,,52.00,28.00,,,,,,,,,,,,,
USW00094053,"TORRINGTON MUNICIPAL AIRPORT, WY US",1/5/2021,13.2,0.05,,52.00,26.00,,,,,,,,,,,,,
USW00094053,"TORRINGTON MUNICIPAL AIRPORT, WY US",1/6/2021,7.83,0,,43.00,18.00,,,,,,,,,,,,,
USW00094053,"TORRINGTON MUNICIPAL AIRPORT, WY US",1/7/2021,6.49,0,,39.00,13.00,,,,,,,,,,,,,
USW00094053,"TORRINGTON MUNICIPAL AIRPORT, WY US",1/8/2021,7.83,0,,42.00,26.00,,,,,,,,,,,,,
USW00094053,"TORRINGTON MUNICIPAL AIRPORT, WY US",1/9/2021,4.92,0,,36.00,28.00,,,,,,,,,,,,,
USW00094053,"TORRINGTON MUNICIPAL AIRPORT, WY US",1/10/2021,5.37,0,,41.00,14.00,,,,,,,,,,,,,
USW00094053,"TORRINGTON MUNICIPAL AIRPORT, WY US",1/11/2021,8.5,0,,48.00,14.00,,,,,,,,,,,,,
USW00094053,"TORRINGTON MUNICIPAL AIRPORT, WY US",1/12/2021,11.18,0,,52.00,18.00,,,,,,,,,,,,,
USW00094053,"TORRINGTON MUNICIPAL AIRPORT, WY US",1/13/2021,25.05,0.01,,55.00,32.00,,,,,,,,,,,,,
USW00094053,"TORRINGTON MUNICIPAL AIRPORT, WY US",1/14/2021,22.82,0,,33.00,27.00,,,,,,,,,,,,,
USW00094053,"TORRINGTON MUNICIPAL AIRPORT, WY US",1/15/2021,19.46,0,,41.00,23.00,,,,,,,,,,,,,
USW00094053,"TORRINGTON MUNICIPAL AIRPORT, WY US",1/16/2021,16.11,0,,40.00,24.00,,,,,,,,,,,,,
USW00094053,"TORRINGTON MUNICIPAL AIRPORT, WY US",1/17/2021,9.4,0,,46.00,19.00,,,,,,,,,,,,,
USW00094053,"TORRINGTON MUNICIPAL AIRPORT, WY US",1/18/2021,14.09,0,,40.00,14.00,,,,,,,,,,,,,
USW00094053,"TORRINGTON MUNICIPAL AIRPORT, WY US",1/19/2021,9.17,0,,39.00,14.00,,,,,,,,,,,,,
USW00094053,"TORRINGTON MUNICIPAL AIRPORT, WY US",1/20/2021,18.79,0,,52.00,17.00,,,,,,,,,,,,,
USW00094053,"TORRINGTON MUNICIPAL AIRPORT, WY US",1/21/2021,8.95,0,,45.00,24.00,,,,,,,,,,,,,
USW00094053,"TORRINGTON MUNICIPAL AIRPORT, WY US",1/22/2021,6.04,0,,29.00,22.00,,,,,,,,,,,,,
USW00094053,"TORRINGTON MUNICIPAL AIRPORT, WY US",1/23/2021,6.93,0,,30.00,21.00,,,,,,,,,,,,,
USW00094053,"TORRINGTON MUNICIPAL AIRPORT, WY US",1/24/2021,10.51,0,,34.00,17.00,,,,,,,,,,,,,
USW00094053,"TORRINGTON MUNICIPAL AIRPORT, WY US",1/25/2021,6.93,0,,22.00,10.00,,,,,,,,,,,,,
USW00094053,"TORRINGTON MUNICIPAL AIRPORT, WY US",1/26/2021,9.4,0,,20.00,9.00,,,,,,,,,,,,,
USW00094053,"TORRINGTON MUNICIPAL AIRPORT, WY US",1/27/2021,5.82,0,,39.00,-1.00,,,,,,,,,,,,,
USW00094053,"TORRINGTON MUNICIPAL AIRPORT, WY US",1/28/2021,3.58,0,,46.00,9.00,,,,,,,,,,,,,
USW00094053,"TORRINGTON MUNICIPAL AIRPORT, WY US",1/29/2021,4.92,0,,49.00,16.00,,,,,,,,,,,,,
USW00094053,"TORRINGTON MUNICIPAL AIRPORT, WY US",1/30/2021,13.2,0,,44.00,28.00,,,,,,,,,,,,,
USW00094053,"TORRINGTON MUNICIPAL AIRPORT, WY US",1/31/2021,6.04,0,,48.00,20.00,,,,,,,,,,,,,
USW00094053,"TORRINGTON MUNICIPAL AIRPORT, WY US",2/1/2021,5.14,0,,57.00,15.00,,,,,,,,,,,,,
USW00094053,"TORRINGTON MUNICIPAL AIRPORT, WY US",2/2/2021,8.5,0,,62.00,22.00,,,,,,,,,,,,,
USW00094053,"TORRINGTON MUNICIPAL AIRPORT, WY US",2/3/2021,11.18,0,,64.00,25.00,,,,,,,,,,,,,
USW00094053,"TORRINGTON MUNICIPAL AIRPORT, WY US",2/4/2021,10.07,0,,39.00,18.00,,,,,,,,,,,,,
USW00094053,"TORRINGTON MUNICIPAL AIRPORT, WY US",2/5/2021,8.28,0,,39.00,23.00,,,,,,,,,,,,,
USW00094053,"TORRINGTON MUNICIPAL AIRPORT, WY US",2/6/2021,13.65,0,,27.00,10.00,,,,,,,,,,,,,
USW00094053,"TORRINGTON MUNICIPAL AIRPORT, WY US",2/7/2021,8.28,0,,16.00,-1.00,,,,,,,,,,,,,
USW00094053,"TORRINGTON MUNICIPAL AIRPORT, WY US",2/8/2021,6.04,0,,13.00,-8.00,,,,,,,,,,,,,
USW00094053,"TORRINGTON MUNICIPAL AIRPORT, WY US",2/9/2021,10.74,0,,11.00,2.00,,,,,,,,,,,,,
USW00094053,"TORRINGTON MUNICIPAL AIRPORT, WY US",2/10/2021,13.87,0,,10.00,4.00,,,,,,,,,,,,,
USW00094053,"TORRINGTON MUNICIPAL AIRPORT, WY US",2/11/2021,12.08,0,,9.00,-7.00,,,,,,,,,,,,,
USW00094053,"TORRINGTON MUNICIPAL AIRPORT, WY US",2/12/2021,7.16,0,,-4.00,-8.00,,,,,,,,,,,,,
USW00094053,"TORRINGTON MUNICIPAL AIRPORT, WY US",2/13/2021,5.37,0,,-1.00,-7.00,,,,,,,,,,,,,
USW00094053,"TORRINGTON MUNICIPAL AIRPORT, WY US",2/14/2021,8.5,0,,-3.00,-18.00,,,,,,,,,,,,,
USW00094053,"TORRINGTON MUNICIPAL AIRPORT, WY US",2/15/2021,7.61,0,,7.00,-16.00,,,,,,,,,,,,,
USW00094053,"TORRINGTON MUNICIPAL AIRPORT, WY US",2/16/2021,2.68,0,,18.00,-6.00,,,,,,,,,,,,,
USW00094053,"TORRINGTON MUNICIPAL AIRPORT, WY US",2/17/2021,4.7,0,,29.00,0.00,,,,,,,,,,,,,
USW00094053,"TORRINGTON MUNICIPAL AIRPORT, WY US",2/18/2021,3.13,0,,22.00,-4.00,,,,,,,,,,,,,
USW00094053,"TORRINGTON MUNICIPAL AIRPORT, WY US",2/19/2021,8.28,0,,39.00,-9.00,,,,,,,,,,,,,
USW00094053,"TORRINGTON MUNICIPAL AIRPORT, WY US",2/20/2021,6.04,0,,41.00,11.00,,,,,,,,,,,,,
USW00094053,"TORRINGTON MUNICIPAL AIRPORT, WY US",2/21/2021,14.54,0,,38.00,22.00,,,,,,,,,,,,,
USW00094053,"TORRINGTON MUNICIPAL AIRPORT, WY US",2/22/2021,22.59,0,,48.00,33.00,,,,,,,,,,,,,
USW00094053,"TORRINGTON MUNICIPAL AIRPORT, WY US",2/23/2021,16.55,0,,54.00,23.00,,,,,,,,,,,,,
USW00094053,"TORRINGTON MUNICIPAL AIRPORT, WY US",2/24/2021,6.71,0,,37.00,18.00,,,,,,,,,,,,,
USW00094053,"TORRINGTON MUNICIPAL AIRPORT, WY US",2/25/2021,9.62,0,,42.00,19.00,,,,,,,,,,,,,
USW00094053,"TORRINGTON MUNICIPAL AIRPORT, WY US",2/26/2021,19.69,0,,45.00,28.00,,,,,,,,,,,,,
USW00094053,"TORRINGTON MUNICIPAL AIRPORT, WY US",2/27/2021,14.09,0,,41.00,25.00,,,,,,,,,,,,,
USW00094053,"TORRINGTON MUNICIPAL AIRPORT, WY US",2/28/2021,13.42,0,,40.00,19.00,,,,,,,,,,,,,
USW00094053,"TORRINGTON MUNICIPAL AIRPORT, WY US",3/1/2021,8.95,0,,53.00,23.00,,,,,,,,,,,,,
USW00094053,"TORRINGTON MUNICIPAL AIRPORT, WY US",3/2/2021,10.74,0,,61.00,28.00,,,,,,,,,,,,,
USW00094053,"TORRINGTON MUNICIPAL AIRPORT, WY US",3/3/2021,5.82,0,,67.00,23.00,,,,,,,,,,,,,
USW00094053,"TORRINGTON MUNICIPAL AIRPORT, WY US",3/4/2021,6.49,0,,60.00,24.00,,,,,,,,,,,,,
USW00094053,"TORRINGTON MUNICIPAL AIRPORT, WY US",3/5/2021,4.7,0,,64.00,25.00,,,,,,,,,,,,,
USW00094053,"TORRINGTON MUNICIPAL AIRPORT, WY US",3/6/2021,8.5,0,,72.00,22.00,,,,,,,,,,,,,
USW00094053,"TORRINGTON MUNICIPAL AIRPORT, WY US",3/7/2021,6.26,0,,68.00,28.00,,,,,,,,,,,,,
USW00094053,"TORRINGTON MUNICIPAL AIRPORT, WY US",3/8/2021,4.03,0,,66.00,27.00,,,,,,,,,,,,,
USW00094053,"TORRINGTON MUNICIPAL AIRPORT, WY US",3/9/2021,11.86,0.02,,62.00,29.00,,,,,,,,,,,,,
USW00094053,"TORRINGTON MUNICIPAL AIRPORT, WY US",3/10/2021,4.92,0.53,,33.00,14.00,,,,,,,,,,,,,
USW00094053,"TORRINGTON MUNICIPAL AIRPORT, WY US",3/11/2021,4.03,0,,36.00,6.00,,,,,,,,,,,,,
USW00094053,"TORRINGTON MUNICIPAL AIRPORT, WY US",3/12/2021,5.82,0,,42.00,28.00,,,,,,,,,,,,,
USW00094053,"TORRINGTON MUNICIPAL AIRPORT, WY US",3/13/2021,12.97,0.7,,37.00,32.00,,,,,,,,,,,,,
USW00094053,"TORRINGTON MUNICIPAL AIRPORT, WY US",3/14/2021,23.71,0.21,,37.00,27.00,,,,,,,,,,,,,
USW00094053,"TORRINGTON MUNICIPAL AIRPORT, WY US",3/15/2021,6.49,0.09,,32.00,24.00,,,,,,,,,,,,,
USW00094053,"TORRINGTON MUNICIPAL AIRPORT, WY US",3/16/2021,4.7,0,,36.00,25.00,,,,,,,,,,,,,
USW00094053,"TORRINGTON MUNICIPAL AIRPORT, WY US",3/17/2021,9.84,0,,39.00,26.00,,,,,,,,,,,,,
USW00094053,"TORRINGTON MUNICIPAL AIRPORT, WY US",3/18/2021,6.26,0,,36.00,15.00,,,,,,,,,,,,,
USW00094053,"TORRINGTON MUNICIPAL AIRPORT, WY US",3/19/2021,8.72,0,,49.00,26.00,,,,,,,,,,,,,
USW00094053,"TORRINGTON MUNICIPAL AIRPORT, WY US",3/20/2021,9.4,0,,55.00,34.00,,,,,,,,,,,,,
USW00094053,"TORRINGTON MUNICIPAL AIRPORT, WY US",3/21/2021,11.41,0,,47.00,28.00,,,,,,,,,,,,,
USW00094053,"TORRINGTON MUNICIPAL AIRPORT, WY US",3/22/2021,6.04,0,,48.00,23.00,,,,,,,,,,,,,
USW00094053,"TORRINGTON MUNICIPAL AIRPORT, WY US",3/23/2021,11.86,0.04,,49.00,25.00,,,,,,,,,,,,,
USW00094053,"TORRINGTON MUNICIPAL AIRPORT, WY US",3/24/2021,8.5,0,,44.00,26.00,,,,,,,,,,,,,
USW00094053,"TORRINGTON MUNICIPAL AIRPORT, WY US",3/25/2021,9.62,0,,54.00,30.00,,,,,,,,,,,,,
USW00094053,"TORRINGTON MUNICIPAL AIRPORT, WY US",3/26/2021,5.59,0.01,,45.00,31.00,,,,,,,,,,,,,
USW00094053,"TORRINGTON MUNICIPAL AIRPORT, WY US",3/27/2021,11.63,0,,49.00,29.00,,,,,,,,,,,,,
USW00094053,"TORRINGTON MUNICIPAL AIRPORT, WY US",3/28/2021,13.42,0,,64.00,22.00,,,,,,,,,,,,,
USW00094053,"TORRINGTON MUNICIPAL AIRPORT, WY US",3/29/2021,20.36,0,,70.00,31.00,,,,,,,,,,,,,
USW00094053,"TORRINGTON MUNICIPAL AIRPORT, WY US",3/30/2021,8.5,0,,41.00,19.00,,,,,,,,,,,,,
USW00094053,"TORRINGTON MUNICIPAL AIRPORT, WY US",3/31/2021,5.59,0,,50.00,14.00,,,,,,,,,,,,,
USW00094053,"TORRINGTON MUNICIPAL AIRPORT, WY US",4/1/2021,8.05,0,,71.00,22.00,,,,,,,,,,,,,
USW00094053,"TORRINGTON MUNICIPAL AIRPORT, WY US",4/2/2021,6.93,0,,76.00,24.00,,,,,,,,,,,,,
USW00094053,"TORRINGTON MUNICIPAL AIRPORT, WY US",4/3/2021,5.82,0,,79.00,29.00,,,,,,,,,,,,,
USW00094053,"TORRINGTON MUNICIPAL AIRPORT, WY US",4/4/2021,5.59,0,,82.00,31.00,,,,,,,,,,,,,
USW00094053,"TORRINGTON MUNICIPAL AIRPORT, WY US",4/5/2021,10.29,0,,81.00,36.00,,,,,,,,,,,,,
USW00094053,"TORRINGTON MUNICIPAL AIRPORT, WY US",4/6/2021,14.54,0.04,,49.00,31.00,,,,,,,,,,,,,
USW00094053,"TORRINGTON MUNICIPAL AIRPORT, WY US",4/7/2021,13.42,0.03,,58.00,32.00,,,,,,,,,,,,,
USW00094053,"TORRINGTON MUNICIPAL AIRPORT, WY US",4/8/2021,12.08,0,,70.00,28.00,,,,,,,,,,,,,
USW00094053,"TORRINGTON MUNICIPAL AIRPORT, WY US",4/9/2021,17.67,0,,50.00,24.00,,,,,,,,,,,,,
USW00094053,"TORRINGTON MUNICIPAL AIRPORT, WY US",4/10/2021,5.82,0,,69.00,21.00,,,,,,,,,,,,,
USW00094053,"TORRINGTON MUNICIPAL AIRPORT, WY US",4/11/2021,17.9,0,,50.00,33.00,,,,,,,,,,,,,
USW00094053,"TORRINGTON MUNICIPAL AIRPORT, WY US",4/12/2021,11.63,0,,46.00,26.00,,,,,,,,,,,,,
USW00094053,"TORRINGTON MUNICIPAL AIRPORT, WY US",4/13/2021,11.18,0,,45.00,21.00,,,,,,,,,,,,,
USW00094053,"TORRINGTON MUNICIPAL AIRPORT, WY US",4/14/2021,3.36,0.02,,33.00,25.00,,,,,,,,,,,,,
USW00094053,"TORRINGTON MUNICIPAL AIRPORT, WY US",4/15/2021,13.42,0.01,,33.00,28.00,,,,,,,,,,,,,
USW00094053,"TORRINGTON MUNICIPAL AIRPORT, WY US",4/16/2021,9.17,0.28,,40.00,27.00,,,,,,,,,,,,,
USW00094053,"TORRINGTON MUNICIPAL AIRPORT, WY US",4/17/2021,9.62,0,,49.00,29.00,,,,,,,,,,,,,
USW00094053,"TORRINGTON MUNICIPAL AIRPORT, WY US",4/18/2021,10.29,0,,63.00,26.00,,,,,,,,,,,,,
USW00094053,"TORRINGTON MUNICIPAL AIRPORT, WY US",4/19/2021,11.41,0,,35.00,18.00,,,,,,,,,,,,,
USW00094053,"TORRINGTON MUNICIPAL AIRPORT, WY US",4/20/2021,12.53,0,,39.00,14.00,,,,,,,,,,,,,
USW00094053,"TORRINGTON MUNICIPAL AIRPORT, WY US",4/21/2021,6.04,0,,47.00,21.00,,,,,,,,,,,,,
USW00094053,"TORRINGTON MUNICIPAL AIRPORT, WY US",4/22/2021,9.62,0,,61.00,31.00,,,,,,,,,,,,,
USW00094053,"TORRINGTON MUNICIPAL AIRPORT, WY US",4/23/2021,7.83,0.01,,57.00,27.00,,,,,,,,,,,,,
USW00094053,"TORRINGTON MUNICIPAL AIRPORT, WY US",4/24/2021,12.3,0,,64.00,34.00,,,,,,,,,,,,,
USW00094053,"TORRINGTON MUNICIPAL AIRPORT, WY US",4/25/2021,8.28,0,,76.00,36.00,,,,,,,,,,,,,
USW00094053,"TORRINGTON MUNICIPAL AIRPORT, WY US",4/26/2021,6.49,0,,75.00,41.00,,,,,,,,,,,,,
USW00094053,"TORRINGTON MUNICIPAL AIRPORT, WY US",4/27/2021,11.18,0.39,,58.00,45.00,,,,,,,,,,,,,
USW00094053,"TORRINGTON MUNICIPAL AIRPORT, WY US",4/28/2021,8.5,0,,66.00,36.00,,,,,,,,,,,,,
USW00094053,"TORRINGTON MUNICIPAL AIRPORT, WY US",4/29/2021,6.71,0,,74.00,35.00,,,,,,,,,,,,,
USW00094053,"TORRINGTON MUNICIPAL AIRPORT, WY US",4/30/2021,6.93,0,,84.00,39.00,,,,,,,,,,,,,
USW00094053,"TORRINGTON MUNICIPAL AIRPORT, WY US",5/1/2021,7.16,0,,85.00,44.00,,,,,,,,,,,,,
USW00094053,"TORRINGTON MUNICIPAL AIRPORT, WY US",5/2/2021,15.88,0.01,,66.00,45.00,,,,,,,,,,,,,
USW00094053,"TORRINGTON MUNICIPAL AIRPORT, WY US",5/3/2021,9.62,0,,52.00,33.00,,,,,,,,,,,,,
USW00094053,"TORRINGTON MUNICIPAL AIRPORT, WY US",5/4/2021,9.17,0.05,,62.00,28.00,,,,,,,,,,,,,
USW00094053,"TORRINGTON MUNICIPAL AIRPORT, WY US",5/5/2021,9.62,0.1,,62.00,36.00,,,,,,,,,,,,,
USW00094053,"TORRINGTON MUNICIPAL AIRPORT, WY US",5/6/2021,4.7,0,,71.00,35.00,,,,,,,,,,,,,
USW00094053,"TORRINGTON MUNICIPAL AIRPORT, WY US",5/7/2021,12.3,0,,77.00,39.00,,,,,,,,,,,,,
USW00094053,"TORRINGTON MUNICIPAL AIRPORT, WY US",5/8/2021,12.97,0.04,,67.00,42.00,,,,,,,,,,,,,
USW00094053,"TORRINGTON MUNICIPAL AIRPORT, WY US",5/9/2021,4.7,0.02,,60.00,30.00,,,,,,,,,,,,,
USW00094053,"TORRINGTON MUNICIPAL AIRPORT, WY US",5/10/2021,10.07,0.35,,44.00,34.00,,,,,,,,,,,,,
USW00094053,"TORRINGTON MUNICIPAL AIRPORT, WY US",5/11/2021,11.18,0.11,,49.00,38.00,,,,,,,,,,,,,
USW00094053,"TORRINGTON MUNICIPAL AIRPORT, WY US",5/12/2021,7.61,0,,64.00,33.00,,,,,,,,,,,,,
USW00094053,"TORRINGTON MUNICIPAL AIRPORT, WY US",5/13/2021,7.83,0,,75.00,38.00,,,,,,,,,,,,,
USW00094053,"TORRINGTON MUNICIPAL AIRPORT, WY US",5/14/2021,6.04,0.07,,72.00,40.00,,,,,,,,,,,,,
USW00094053,"TORRINGTON MUNICIPAL AIRPORT, WY US",5/15/2021,6.26,0,,66.00,42.00,,,,,,,,,,,,,
USW00094053,"TORRINGTON MUNICIPAL AIRPORT, WY US",5/16/2021,8.72,0,,67.00,49.00,,,,,,,,,,,,,
USW00094053,"TORRINGTON MUNICIPAL AIRPORT, WY US",5/17/2021,8.5,0,,71.00,42.00,,,,,,,,,,,,,
USW00094053,"TORRINGTON MUNICIPAL AIRPORT, WY US",5/18/2021,12.75,0,,75.00,48.00,,,,,,,,,,,,,
USW00094053,"TORRINGTON MUNICIPAL AIRPORT, WY US",5/19/2021,9.62,0,,80.00,46.00,,,,,,,,,,,,,
USW00094053,"TORRINGTON MUNICIPAL AIRPORT, WY US",5/20/2021,14.76,0.21,,83.00,48.00,,,,,,,,,,,,,
USW00094053,"TORRINGTON MUNICIPAL AIRPORT, WY US",5/21/2021,12.08,0.06,,63.00,44.00,,,,,,,,,,,,,
USW00094053,"TORRINGTON MUNICIPAL AIRPORT, WY US",5/22/2021,8.5,0.02,,52.00,42.00,,,,,,,,,,,,,
USW00094053,"TORRINGTON MUNICIPAL AIRPORT, WY US",5/23/2021,12.3,0.52,,78.00,40.00,,,,,,,,,,,,,
USW00094053,"TORRINGTON MUNICIPAL AIRPORT, WY US",5/24/2021,10.51,0,,73.00,37.00,,,,,,,,,,,,,
USW00094053,"TORRINGTON MUNICIPAL AIRPORT, WY US",5/25/2021,9.62,0,,77.00,47.00,,,,,,,,,,,,,
USW00094053,"TORRINGTON MUNICIPAL AIRPORT, WY US",5/26/2021,14.76,0,,80.00,47.00,,,,,,,,,,,,,
USW00094053,"TORRINGTON MUNICIPAL AIRPORT, WY US",5/27/2021,9.4,0,,71.00,42.00,,,,,,,,,,,,,
USW00094053,"TORRINGTON MUNICIPAL AIRPORT, WY US",5/28/2021,12.97,0,,77.00,42.00,,,,,,,,,,,,,
USW00094053,"TORRINGTON MUNICIPAL AIRPORT, WY US",5/29/2021,8.5,0.12,,71.00,50.00,,,,,,,,,,,,,
USW00094053,"TORRINGTON MUNICIPAL AIRPORT, WY US",5/30/2021,6.71,0.41,,64.00,48.00,,,,,,,,,,,,,
USW00094053,"TORRINGTON MUNICIPAL AIRPORT, WY US",5/31/2021,8.5,0,,72.00,41.00,,,,,,,,,,,,,
USW00094053,"TORRINGTON MUNICIPAL AIRPORT, WY US",6/1/2021,6.49,0,,75.00,43.00,,,,,,,,,,,,,
USW00094053,"TORRINGTON MUNICIPAL AIRPORT, WY US",6/2/2021,4.03,0,,80.00,47.00,,,,,,,,,,,,,
USW00094053,"TORRINGTON MUNICIPAL AIRPORT, WY US",6/3/2021,4.25,0,,88.00,47.00,,,,,,,,,,,,,
USW00094053,"TORRINGTON MUNICIPAL AIRPORT, WY US",6/4/2021,5.14,0,,94.00,50.00,,,,,,,,,,,,,
USW00094053,"TORRINGTON MUNICIPAL AIRPORT, WY US",6/5/2021,7.61,0,,97.00,54.00,,,,,,,,,,,,,
USW00094053,"TORRINGTON MUNICIPAL AIRPORT, WY US",6/6/2021,9.84,0,,88.00,56.00,,,,,,,,,,,,,
USW00094053,"TORRINGTON MUNICIPAL AIRPORT, WY US",6/7/2021,10.51,0,,97.00,58.00,,,,,,,,,,,,,
USW00094053,"TORRINGTON MUNICIPAL AIRPORT, WY US",6/8/2021,12.75,0,,97.00,56.00,,,,,,,,,,,,,
USW00094053,"TORRINGTON MUNICIPAL AIRPORT, WY US",6/9/2021,6.49,0,,95.00,56.00,,,,,,,,,,,,,
USW00094053,"TORRINGTON MUNICIPAL AIRPORT, WY US",6/10/2021,13.2,0,,98.00,63.00,,,,,,,,,,,,,
USW00094053,"TORRINGTON MUNICIPAL AIRPORT, WY US",6/11/2021,11.63,0,,81.00,51.00,,,,,,,,,,,,,
USW00094053,"TORRINGTON MUNICIPAL AIRPORT, WY US",6/12/2021,10.29,0,,94.00,50.00,,,,,,,,,,,,,
USW00094053,"TORRINGTON MUNICIPAL AIRPORT, WY US",6/13/2021,9.17,0,,96.00,63.00,,,,,,,,,,,,,
USW00094053,"TORRINGTON MUNICIPAL AIRPORT, WY US",6/14/2021,10.51,0,,101.00,60.00,,,,,,,,,,,,,
USW00094053,"TORRINGTON MUNICIPAL AIRPORT, WY US",6/15/2021,10.51,0,,103.00,66.00,,,,,,,,,,,,,
USW00094053,"TORRINGTON MUNICIPAL AIRPORT, WY US",6/16/2021,10.51,0,,101.00,59.00,,,,,,,,,,,,,
USW00094053,"TORRINGTON MUNICIPAL AIRPORT, WY US",6/17/2021,8.28,0,,100.00,58.00,,,,,,,,,,,,,
USW00094053,"TORRINGTON MUNICIPAL AIRPORT, WY US",6/18/2021,9.62,0,,92.00,63.00,,,,,,,,,,,,,
USW00094053,"TORRINGTON MUNICIPAL AIRPORT, WY US",6/19/2021,10.96,0,,92.00,57.00,,,,,,,,,,,,,
USW00094053,"TORRINGTON MUNICIPAL AIRPORT, WY US",6/20/2021,13.42,0.27,,80.00,56.00,,,,,,,,,,,,,
USW00094053,"TORRINGTON MUNICIPAL AIRPORT, WY US",6/21/2021,6.49,0,,78.00,51.00,,,,,,,,,,,,,
USW00094053,"TORRINGTON MUNICIPAL AIRPORT, WY US",6/22/2021,6.04,0,,95.00,52.00,,,,,,,,,,,,,
USW00094053,"TORRINGTON MUNICIPAL AIRPORT, WY US",6/23/2021,7.61,0,,101.00,57.00,,,,,,,,,,,,,
USW00094053,"TORRINGTON MUNICIPAL AIRPORT, WY US",6/24/2021,9.84,0.2,,88.00,60.00,,,,,,,,,,,,,
USW00094053,"TORRINGTON MUNICIPAL AIRPORT, WY US",6/25/2021,9.17,0.04,,68.00,56.00,,,,,,,,,,,,,
USW00094053,"TORRINGTON MUNICIPAL AIRPORT, WY US",6/26/2021,10.74,0,,80.00,54.00,,,,,,,,,,,,,
USW00094053,"TORRINGTON MUNICIPAL AIRPORT, WY US",6/27/2021,7.16,0.04,,76.00,53.00,,,,,,,,,,,,,
USW00094053,"TORRINGTON MUNICIPAL AIRPORT, WY US",6/28/2021,5.37,0.02,,78.00,53.00,,,,,,,,,,,,,
USW00094053,"TORRINGTON MUNICIPAL AIRPORT, WY US",6/29/2021,8.5,0,,82.00,48.00,,,,,,,,,,,,,
USW00094053,"TORRINGTON MUNICIPAL AIRPORT, WY US",6/30/2021,9.84,0,,88.00,53.00,,,,,,,,,,,,,
USW00094053,"TORRINGTON MUNICIPAL AIRPORT, WY US",7/1/2021,9.17,0.02,,80.00,59.00,,,,,,,,,,,,,
USW00094053,"TORRINGTON MUNICIPAL AIRPORT, WY US",7/2/2021,12.97,0,,91.00,57.00,,,,,,,,,,,,,
USW00094053,"TORRINGTON MUNICIPAL AIRPORT, WY US",7/3/2021,7.61,0.2,,96.00,60.00,,,,,,,,,,,,,
USW00094053,"TORRINGTON MUNICIPAL AIRPORT, WY US",7/4/2021,7.61,0.13,,97.00,58.00,,,,,,,,,,,,,
USW00094053,"TORRINGTON MUNICIPAL AIRPORT, WY US",7/5/2021,8.05,0.03,,97.00,59.00,,,,,,,,,,,,,
USW00094053,"TORRINGTON MUNICIPAL AIRPORT, WY US",7/6/2021,9.62,0.02,,85.00,61.00,,,,,,,,,,,,,
USW00094053,"TORRINGTON MUNICIPAL AIRPORT, WY US",7/7/2021,10.51,0,,94.00,58.00,,,,,,,,,,,,,
USW00094053,"TORRINGTON MUNICIPAL AIRPORT, WY US",7/8/2021,6.93,0.01,,100.00,61.00,,,,,,,,,,,,,
USW00094053,"TORRINGTON MUNICIPAL AIRPORT, WY US",7/9/2021,8.95,0,,94.00,63.00,,,,,,,,,,,,,
USW00094053,"TORRINGTON MUNICIPAL AIRPORT, WY US",7/10/2021,10.51,0,,85.00,57.00,,,,,,,,,,,,,
USW00094053,"TORRINGTON MUNICIPAL AIRPORT, WY US",7/11/2021,6.93,0,,89.00,54.00,,,,,,,,,,,,,
USW00094053,"TORRINGTON MUNICIPAL AIRPORT, WY US",7/12/2021,9.4,0,,92.00,55.00,,,,,,,,,,,,,
USW00094053,"TORRINGTON MUNICIPAL AIRPORT, WY US",7/13/2021,11.63,0.02,,87.00,61.00,,,,,,,,,,,,,
USW00094053,"TORRINGTON MUNICIPAL AIRPORT, WY US",7/14/2021,8.05,0,,81.00,57.00,,,,,,,,,,,,,
USW00094053,"TORRINGTON MUNICIPAL AIRPORT, WY US",7/15/2021,9.4,0,,90.00,57.00,,,,,,,,,,,,,
USW00094053,"TORRINGTON MUNICIPAL AIRPORT, WY US",7/16/2021,8.95,0,,95.00,59.00,,,,,,,,,,,,,
USW00094053,"TORRINGTON MUNICIPAL AIRPORT, WY US",7/17/2021,9.62,0,,94.00,58.00,,,,,,,,,,,,,
USW00094053,"TORRINGTON MUNICIPAL AIRPORT, WY US",7/18/2021,6.49,0,,95.00,54.00,,,,,,,,,,,,,
USW00094053,"TORRINGTON MUNICIPAL AIRPORT, WY US",7/19/2021,8.72,0,,97.00,61.00,,,,,,,,,,,,,
USW00094053,"TORRINGTON MUNICIPAL AIRPORT, WY US",7/20/2021,12.53,0,,96.00,62.00,,,,,,,,,,,,,
USW00094053,"TORRINGTON MUNICIPAL AIRPORT, WY US",7/21/2021,7.61,0,,95.00,65.00,,,,,,,,,,,,,
USW00094053,"TORRINGTON MUNICIPAL AIRPORT, WY US",7/22/2021,8.95,0.07,,100.00,62.00,,,,,,,,,,,,,
USW00094053,"TORRINGTON MUNICIPAL AIRPORT, WY US",7/23/2021,6.49,0,,88.00,65.00,,,,,,,,,,,,,
USW00094053,"TORRINGTON MUNICIPAL AIRPORT, WY US",7/24/2021,7.38,0,,93.00,56.00,,,,,,,,,,,,,
USW00094053,"TORRINGTON MUNICIPAL AIRPORT, WY US",7/25/2021,11.18,0,,96.00,57.00,,,,,,,,,,,,,
USW00094053,"TORRINGTON MUNICIPAL AIRPORT, WY US",7/26/2021,8.28,0,,100.00,57.00,,,,,,,,,,,,,
USW00094053,"TORRINGTON MUNICIPAL AIRPORT, WY US",7/27/2021,9.62,0,,101.00,61.00,,,,,,,,,,,,,
USW00094053,"TORRINGTON MUNICIPAL AIRPORT, WY US",7/28/2021,9.62,0,,102.00,64.00,,,,,,,,,,,,,
USW00094053,"TORRINGTON MUNICIPAL AIRPORT, WY US",7/29/2021,11.41,0,,85.00,68.00,,,,,,,,,,,,,
USW00094053,"TORRINGTON MUNICIPAL AIRPORT, WY US",7/30/2021,10.96,0.02,,93.00,64.00,,,,,,,,,,,,,
USW00094053,"TORRINGTON MUNICIPAL AIRPORT, WY US",7/31/2021,6.04,0.05,,84.00,63.00,,,,,,,,,,,,,
USW00094053,"TORRINGTON MUNICIPAL AIRPORT, WY US",8/1/2021,4.92,0,,88.00,56.00,,,,,,,,,,,,,
USW00094053,"TORRINGTON MUNICIPAL AIRPORT, WY US",8/2/2021,5.82,0,,92.00,54.00,,,,,,,,,,,,,
USW00094053,"TORRINGTON MUNICIPAL AIRPORT, WY US",8/3/2021,8.95,0,,94.00,58.00,,,,,,,,,,,,,
USW00094053,"TORRINGTON MUNICIPAL AIRPORT, WY US",8/4/2021,8.05,0.05,,89.00,63.00,,,,,,,,,,,,,
USW00094053,"TORRINGTON MUNICIPAL AIRPORT, WY US",8/5/2021,6.93,0,,97.00,51.00,,,,,,,,,,,,,
USW00094053,"TORRINGTON MUNICIPAL AIRPORT, WY US",8/6/2021,9.17,0,,92.00,53.00,,,,,,,,,,,,,
USW00094053,"TORRINGTON MUNICIPAL AIRPORT, WY US",8/7/2021,7.61,0,,86.00,57.00,,,,,,,,,,,,,
USW00094053,"TORRINGTON MUNICIPAL AIRPORT, WY US",8/8/2021,4.7,0,,98.00,51.00,,,,,,,,,,,,,
USW00094053,"TORRINGTON MUNICIPAL AIRPORT, WY US",8/9/2021,7.16,0,,92.00,57.00,,,,,,,,,,,,,
USW00094053,"TORRINGTON MUNICIPAL AIRPORT, WY US",8/10/2021,8.5,0,,97.00,53.00,,,,,,,,,,,,,
USW00094053,"TORRINGTON MUNICIPAL AIRPORT, WY US",8/11/2021,6.93,0,,98.00,53.00,,,,,,,,,,,,,
USW00094053,"TORRINGTON MUNICIPAL AIRPORT, WY US",8/12/2021,9.84,0,,88.00,61.00,,,,,,,,,,,,,
USW00094053,"TORRINGTON MUNICIPAL AIRPORT, WY US",8/13/2021,10.29,0,,86.00,54.00,,,,,,,,,,,,,
USW00094053,"TORRINGTON MUNICIPAL AIRPORT, WY US",8/14/2021,8.72,0,,95.00,62.00,,,,,,,,,,,,,
USW00094053,"TORRINGTON MUNICIPAL AIRPORT, WY US",8/15/2021,5.82,0,,95.00,60.00,,,,,,,,,,,,,
USW00094053,"TORRINGTON MUNICIPAL AIRPORT, WY US",8/16/2021,6.93,0,,98.00,55.00,,,,,,,,,,,,,
USW00094053,"TORRINGTON MUNICIPAL AIRPORT, WY US",8/17/2021,8.72,0,,100.00,57.00,,,,,,,,,,,,,
USW00094053,"TORRINGTON MUNICIPAL AIRPORT, WY US",8/18/2021,8.5,0.98,,96.00,61.00,,,,,,,,,,,,,
USW00094053,"TORRINGTON MUNICIPAL AIRPORT, WY US",8/19/2021,8.95,0.73,,79.00,58.00,,,,,,,,,,,,,
USW00094053,"TORRINGTON MUNICIPAL AIRPORT, WY US",8/20/2021,12.97,0.07,,76.00,52.00,,,,,,,,,,,,,
USW00094053,"TORRINGTON MUNICIPAL AIRPORT, WY US",8/21/2021,11.41,0,,85.00,46.00,,,,,,,,,,,,,
USW00094053,"TORRINGTON MUNICIPAL AIRPORT, WY US",8/22/2021,14.32,0.01,,88.00,58.00,,,,,,,,,,,,,
USW00094053,"TORRINGTON MUNICIPAL AIRPORT, WY US",8/23/2021,3.58,0,,95.00,50.00,,,,,,,,,,,,,
USW00094053,"TORRINGTON MUNICIPAL AIRPORT, WY US",8/24/2021,6.93,0,,94.00,54.00,,,,,,,,,,,,,
USW00094053,"TORRINGTON MUNICIPAL AIRPORT, WY US",8/25/2021,11.18,0,,83.00,55.00,,,,,,,,,,,,,
USW00094053,"TORRINGTON MUNICIPAL AIRPORT, WY US",8/26/2021,9.62,0,,88.00,61.00,,,,,,,,,,,,,
USW00094053,"TORRINGTON MUNICIPAL AIRPORT, WY US",8/27/2021,5.82,0,,92.00,51.00,,,,,,,,,,,,,
USW00094053,"TORRINGTON MUNICIPAL AIRPORT, WY US",8/28/2021,10.51,0,,83.00,55.00,,,,,,,,,,,,,
USW00094053,"TORRINGTON MUNICIPAL AIRPORT, WY US",8/29/2021,11.18,0,,83.00,48.00,,,,,,,,,,,,,
USW00094053,"TORRINGTON MUNICIPAL AIRPORT, WY US",8/30/2021,5.82,0,,90.00,56.00,,,,,,,,,,,,,
USW00094053,"TORRINGTON MUNICIPAL AIRPORT, WY US",8/31/2021,6.93,0,,87.00,51.00,,,,,,,,,,,,,
USW00094053,"TORRINGTON MUNICIPAL AIRPORT, WY US",9/1/2021,8.05,0,,87.00,64.00,,,,,,,,,,,,,
USW00094053,"TORRINGTON MUNICIPAL AIRPORT, WY US",9/2/2021,8.05,0,,85.00,60.00,,,,,,,,,,,,,
USW00094053,"TORRINGTON MUNICIPAL AIRPORT, WY US",9/3/2021,8.95,0.06,,73.00,58.00,,,,,,,,,,,,,
USW00094053,"TORRINGTON MUNICIPAL AIRPORT, WY US",9/4/2021,4.92,0,,82.00,50.00,,,,,,,,,,,,,
USW00094053,"TORRINGTON MUNICIPAL AIRPORT, WY US",9/5/2021,6.49,0,,88.00,47.00,,,,,,,,,,,,,
USW00094053,"TORRINGTON MUNICIPAL AIRPORT, WY US",9/6/2021,6.26,0,,96.00,47.00,,,,,,,,,,,,,
USW00094053,"TORRINGTON MUNICIPAL AIRPORT, WY US",9/7/2021,5.82,0,,82.00,50.00,,,,,,,,,,,,,
USW00094053,"TORRINGTON MUNICIPAL AIRPORT, WY US",9/8/2021,4.7,0,,88.00,47.00,,,,,,,,,,,,,
USW00094053,"TORRINGTON MUNICIPAL AIRPORT, WY US",9/9/2021,5.82,0,,99.00,48.00,,,,,,,,,,,,,
USW00094053,"TORRINGTON MUNICIPAL AIRPORT, WY US",9/10/2021,4.03,0,,101.00,48.00,,,,,,,,,,,,,
USW00094053,"TORRINGTON MUNICIPAL AIRPORT, WY US",9/11/2021,9.17,0,,94.00,60.00,,,,,,,,,,,,,
USW00094053,"TORRINGTON MUNICIPAL AIRPORT, WY US",9/12/2021,7.61,0,,85.00,53.00,,,,,,,,,,,,,
USW00094053,"TORRINGTON MUNICIPAL AIRPORT, WY US",9/13/2021,9.17,0.11,,82.00,57.00,,,,,,,,,,,,,
USW00094053,"TORRINGTON MUNICIPAL AIRPORT, WY US",9/14/2021,10.74,0,,78.00,51.00,,,,,,,,,,,,,
USW00094053,"TORRINGTON MUNICIPAL AIRPORT, WY US",9/15/2021,6.93,0,,91.00,47.00,,,,,,,,,,,,,
USW00094053,"TORRINGTON MUNICIPAL AIRPORT, WY US",9/16/2021,8.5,0,,93.00,48.00,,,,,,,,,,,,,
USW00094053,"TORRINGTON MUNICIPAL AIRPORT, WY US",9/17/2021,10.96,0,,74.00,47.00,,,,,,,,,,,,,
USW00094053,"TORRINGTON MUNICIPAL AIRPORT, WY US",9/18/2021,7.61,0,,96.00,44.00,,,,,,,,,,,,,
USW00094053,"TORRINGTON MUNICIPAL AIRPORT, WY US",9/19/2021,10.74,0.15,,89.00,52.00,,,,,,,,,,,,,
USW00094053,"TORRINGTON MUNICIPAL AIRPORT, WY US",9/20/2021,9.84,0.11,,60.00,47.00,,,,,,,,,,,,,
USW00094053,"TORRINGTON MUNICIPAL AIRPORT, WY US",9/21/2021,7.38,0,,67.00,37.00,,,,,,,,,,,,,
USW00094053,"TORRINGTON MUNICIPAL AIRPORT, WY US",9/22/2021,5.59,0,,81.00,35.00,,,,,,,,,,,,,
USW00094053,"TORRINGTON MUNICIPAL AIRPORT, WY US",9/23/2021,8.72,0,,81.00,39.00,,,,,,,,,,,,,
USW00094053,"TORRINGTON MUNICIPAL AIRPORT, WY US",9/24/2021,7.61,0,,75.00,43.00,,,,,,,,,,,,,
USW00094053,"TORRINGTON MUNICIPAL AIRPORT, WY US",9/25/2021,4.7,0,,90.00,37.00,,,,,,,,,,,,,
USW00094053,"TORRINGTON MUNICIPAL AIRPORT, WY US",9/26/2021,5.82,0,,90.00,46.00,,,,,,,,,,,,,
USW00094053,"TORRINGTON MUNICIPAL AIRPORT, WY US",9/27/2021,3.8,0,,92.00,43.00,,,,,,,,,,,,,
USW00094053,"TORRINGTON MUNICIPAL AIRPORT, WY US",9/28/2021,11.18,0,,88.00,51.00,,,,,,,,,,,,,
USW00094053,"TORRINGTON MUNICIPAL AIRPORT, WY US",9/29/2021,14.76,0,,63.00,39.00,,,,,,,,,,,,,
USW00094053,"TORRINGTON MUNICIPAL AIRPORT, WY US",9/30/2021,6.26,0,,67.00,36.00,,,,,,,,,,,,,
USW00094053,"TORRINGTON MUNICIPAL AIRPORT, WY US",10/1/2021,3.8,0,,73.00,33.00,,,,,,,,,,,,,
USW00094053,"TORRINGTON MUNICIPAL AIRPORT, WY US",10/2/2021,6.71,0,,76.00,38.00,,,,,,,,,,,,,
USW00094053,"TORRINGTON MUNICIPAL AIRPORT, WY US",10/3/2021,3.8,0,,82.00,33.00,,,,,,,,,,,,,
USW00094053,"TORRINGTON MUNICIPAL AIRPORT, WY US",10/4/2021,5.14,0,,84.00,36.00,,,,,,,,,,,,,
USW00094053,"TORRINGTON MUNICIPAL AIRPORT, WY US",10/5/2021,9.4,0,,87.00,45.00,,,,,,,,,,,,,
USW00094053,"TORRINGTON MUNICIPAL AIRPORT, WY US",10/6/2021,8.72,0,,84.00,45.00,,,,,,,,,,,,,
USW00094053,"TORRINGTON MUNICIPAL AIRPORT, WY US",10/7/2021,6.71,0.01,,79.00,47.00,,,,,,,,,,,,,
USW00094053,"TORRINGTON MUNICIPAL AIRPORT, WY US",10/8/2021,4.25,0.02,,75.00,45.00,,,,,,,,,,,,,
USW00094053,"TORRINGTON MUNICIPAL AIRPORT, WY US",10/9/2021,13.2,0.01,,72.00,48.00,,,,,,,,,,,,,
USW00094053,"TORRINGTON MUNICIPAL AIRPORT, WY US",10/10/2021,8.95,0,,69.00,40.00,,,,,,,,,,,,,
USW00094053,"TORRINGTON MUNICIPAL AIRPORT, WY US",10/11/2021,10.51,0,,68.00,32.00,,,,,,,,,,,,,
USW00094053,"TORRINGTON MUNICIPAL AIRPORT, WY US",10/12/2021,18.34,0.38,,52.00,31.00,,,,,,,,,,,,,
USW00094053,"TORRINGTON MUNICIPAL AIRPORT, WY US",10/13/2021,19.24,0.05,,44.00,30.00,,,,,,,,,,,,,
USW00094053,"TORRINGTON MUNICIPAL AIRPORT, WY US",10/14/2021,6.49,0,,51.00,26.00,,,,,,,,,,,,,
USW00094053,"TORRINGTON MUNICIPAL AIRPORT, WY US",10/15/2021,8.28,0,,52.00,31.00,,,,,,,,,,,,,
USW00094053,"TORRINGTON MUNICIPAL AIRPORT, WY US",10/16/2021,4.47,0,,66.00,32.00,,,,,,,,,,,,,
USW00094053,"TORRINGTON MUNICIPAL AIRPORT, WY US",10/17/2021,6.71,0,,77.00,28.00,,,,,,,,,,,,,
USW00094053,"TORRINGTON MUNICIPAL AIRPORT, WY US",10/18/2021,5.37,0,,76.00,33.00,,,,,,,,,,,,,
USW00094053,"TORRINGTON MUNICIPAL AIRPORT, WY US",10/19/2021,10.07,0.6,,54.00,34.00,,,,,,,,,,,,,
USW00094053,"TORRINGTON MUNICIPAL AIRPORT, WY US",10/20/2021,5.59,0,,58.00,35.00,,,,,,,,,,,,,
USW00094053,"TORRINGTON MUNICIPAL AIRPORT, WY US",10/21/2021,5.14,0,,67.00,31.00,,,,,,,,,,,,,
USW00094053,"TORRINGTON MUNICIPAL AIRPORT, WY US",10/22/2021,4.25,0,,72.00,30.00,,,,,,,,,,,,,
USW00094053,"TORRINGTON MUNICIPAL AIRPORT, WY US",10/23/2021,6.71,0,,54.00,34.00,,,,,,,,,,,,,
USW00094053,"TORRINGTON MUNICIPAL AIRPORT, WY US",10/24/2021,8.95,0,,61.00,36.00,,,,,,,,,,,,,
USW00094053,"TORRINGTON MUNICIPAL AIRPORT, WY US",10/25/2021,11.41,0,,69.00,37.00,,,,,,,,,,,,,
USW00094053,"TORRINGTON MUNICIPAL AIRPORT, WY US",10/26/2021,13.2,0.18,,58.00,40.00,,,,,,,,,,,,,
USW00094053,"TORRINGTON MUNICIPAL AIRPORT, WY US",10/27/2021,14.32,0,,59.00,34.00,,,,,,,,,,,,,
USW00094053,"TORRINGTON MUNICIPAL AIRPORT, WY US",10/28/2021,12.08,0,,54.00,32.00,,,,,,,,,,,,,
USW00094053,"TORRINGTON MUNICIPAL AIRPORT, WY US",10/29/2021,4.03,0,,75.00,26.00,,,,,,,,,,,,,
USW00094053,"TORRINGTON MUNICIPAL AIRPORT, WY US",10/30/2021,10.74,0,,57.00,38.00,,,,,,,,,,,,,
USW00094053,"TORRINGTON MUNICIPAL AIRPORT, WY US",10/31/2021,9.84,0.08,,40.00,31.00,,,,,,,,,,,,,
USW00094053,"TORRINGTON MUNICIPAL AIRPORT, WY US",11/1/2021,6.04,0,,35.00,,,,,,,,,,,,,,
USW00094053,"TORRINGTON MUNICIPAL AIRPORT, WY US",11/2/2021,6.49,0,,45.00,31.00,,,,,,,,,,,,,
USW00094053,"TORRINGTON MUNICIPAL AIRPORT, WY US",11/3/2021,6.04,0,,60.00,31.00,,,,,,,,,,,,,
USW00094053,"TORRINGTON MUNICIPAL AIRPORT, WY US",11/4/2021,2.68,0,,69.00,28.00,,,,,,,,,,,,,
USW00094053,"TORRINGTON MUNICIPAL AIRPORT, WY US",11/5/2021,9.62,0,,70.00,35.00,,,,,,,,,,,,,
USW00094053,"TORRINGTON MUNICIPAL AIRPORT, WY US",11/6/2021,5.82,0,,73.00,33.00,,,,,,,,,,,,,
USW00094053,"TORRINGTON MUNICIPAL AIRPORT, WY US",11/7/2021,7.16,0,,75.00,32.00,,,,,,,,,,,,,
USW00094053,"TORRINGTON MUNICIPAL AIRPORT, WY US",11/8/2021,7.16,0,,52.00,31.00,,,,,,,,,,,,,
USW00094053,"TORRINGTON MUNICIPAL AIRPORT, WY US",11/9/2021,8.72,0,,59.00,26.00,,,,,,,,,,,,,
USW00094053,"TORRINGTON MUNICIPAL AIRPORT, WY US",11/10/2021,11.18,0.08,,49.00,34.00,,,,,,,,,,,,,
USW00094053,"TORRINGTON MUNICIPAL AIRPORT, WY US",11/11/2021,18.57,0,,44.00,31.00,,,,,,,,,,,,,
USW00094053,"TORRINGTON MUNICIPAL AIRPORT, WY US",11/12/2021,13.2,0,,49.00,29.00,,,,,,,,,,,,,
USW00094053,"TORRINGTON MUNICIPAL AIRPORT, WY US",11/13/2021,10.51,0,,67.00,31.00,,,,,,,,,,,,,
USW00094053,"TORRINGTON MUNICIPAL AIRPORT, WY US",11/14/2021,12.97,0,,66.00,29.00,,,,,,,,,,,,,
USW00094053,"TORRINGTON MUNICIPAL AIRPORT, WY US",11/15/2021,14.32,0,,72.00,47.00,,,,,,,,,,,,,
USW00094053,"TORRINGTON MUNICIPAL AIRPORT, WY US",11/16/2021,17,0,,66.00,27.00,,,,,,,,,,,,,
USW00094053,"TORRINGTON MUNICIPAL AIRPORT, WY US",11/17/2021,10.07,0,,39.00,13.00,,,,,,,,,,,,,
USW00094053,"TORRINGTON MUNICIPAL AIRPORT, WY US",11/18/2021,8.28,0,,53.00,6.00,,,,,,,,,,,,,
USW00094053,"TORRINGTON MUNICIPAL AIRPORT, WY US",11/19/2021,9.84,0,,66.00,29.00,,,,,,,,,,,,,
USW00094053,"TORRINGTON MUNICIPAL AIRPORT, WY US",11/20/2021,7.83,0.02,,54.00,34.00,,,,,,,,,,,,,
USW00094053,"TORRINGTON MUNICIPAL AIRPORT, WY US",11/21/2021,4.92,0,,49.00,25.00,,,,,,,,,,,,,
USW00094053,"TORRINGTON MUNICIPAL AIRPORT, WY US",11/22/2021,7.38,0,,65.00,27.00,,,,,,,,,,,,,
USW00094053,"TORRINGTON MUNICIPAL AIRPORT, WY US",11/23/2021,12.3,0,,67.00,27.00,,,,,,,,,,,,,
USW00094053,"TORRINGTON MUNICIPAL AIRPORT, WY US",11/24/2021,11.41,0,,47.00,18.00,,,,,,,,,,,,,
USW00094053,"TORRINGTON MUNICIPAL AIRPORT, WY US",11/25/2021,13.87,0,,55.00,10.00,,,,,,,,,,,,,
USW00094053,"TORRINGTON MUNICIPAL AIRPORT, WY US",11/26/2021,14.32,0,,63.00,42.00,,,,,,,,,,,,,
USW00094053,"TORRINGTON MUNICIPAL AIRPORT, WY US",11/27/2021,6.71,0,,52.00,25.00,,,,,,,,,,,,,
USW00094053,"TORRINGTON MUNICIPAL AIRPORT, WY US",11/28/2021,6.49,0,,66.00,20.00,,,,,,,,,,,,,
USW00094053,"TORRINGTON MUNICIPAL AIRPORT, WY US",11/29/2021,8.72,0,,68.00,36.00,,,,,,,,,,,,,
USW00094053,"TORRINGTON MUNICIPAL AIRPORT, WY US",11/30/2021,9.17,0,,61.00,30.00,,,,,,,,,,,,,
USW00094053,"TORRINGTON MUNICIPAL AIRPORT, WY US",12/1/2021,12.08,0,,71.00,32.00,,,,,,,,,,,,,
USW00094053,"TORRINGTON MUNICIPAL AIRPORT, WY US",12/2/2021,11.63,0,,74.00,43.00,,,,,,,,,,,,,
USW00094053,"TORRINGTON MUNICIPAL AIRPORT, WY US",12/3/2021,8.05,0,,56.00,28.00,,,,,,,,,,,,,
USW00094053,"TORRINGTON MUNICIPAL AIRPORT, WY US",12/4/2021,10.51,0,,62.00,23.00,,,,,,,,,,,,,
USW00094053,"TORRINGTON MUNICIPAL AIRPORT, WY US",12/5/2021,18.34,0,,60.00,20.00,,,,,,,,,,,,,
USW00094053,"TORRINGTON MUNICIPAL AIRPORT, WY US",12/6/2021,10.74,0,,46.00,10.00,,,,,,,,,,,,,
USW00094053,"TORRINGTON MUNICIPAL AIRPORT, WY US",12/7/2021,5.37,0,,48.00,21.00,,,,,,,,,,,,,
USW00094053,"TORRINGTON MUNICIPAL AIRPORT, WY US",12/8/2021,16.33,0,,57.00,16.00,,,,,,,,,,,,,
USW00094053,"TORRINGTON MUNICIPAL AIRPORT, WY US",12/9/2021,11.41,0.04,,49.00,29.00,,,,,,,,,,,,,
USW00094053,"TORRINGTON MUNICIPAL AIRPORT, WY US",12/10/2021,9.17,0,,29.00,11.00,,,,,,,,,,,,,
USW00094053,"TORRINGTON MUNICIPAL AIRPORT, WY US",12/11/2021,18.34,0,,39.00,10.00,,,,,,,,,,,,,
USW00094053,"TORRINGTON MUNICIPAL AIRPORT, WY US",12/12/2021,10.51,0,,50.00,29.00,,,,,,,,,,,,,
USW00094053,"TORRINGTON MUNICIPAL AIRPORT, WY US",12/13/2021,4.92,0,,48.00,21.00,,,,,,,,,,,,,
USW00094053,"TORRINGTON MUNICIPAL AIRPORT, WY US",12/14/2021,3.36,0,,37.00,21.00,,,,,,,,,,,,,
USW00094053,"TORRINGTON MUNICIPAL AIRPORT, WY US",12/15/2021,14.76,0,,38.00,21.00,,,,,,,,,,,,,
USW00094053,"TORRINGTON MUNICIPAL AIRPORT, WY US",12/16/2021,8.5,0,,44.00,16.00,,,,,,,,,,,,,
USW00094053,"TORRINGTON MUNICIPAL AIRPORT, WY US",12/17/2021,12.53,0,,42.00,10.00,,,,,,,,,,,,,
USW00094053,"TORRINGTON MUNICIPAL AIRPORT, WY US",12/18/2021,4.47,0,,38.00,2.00,,,,,,,,,,,,,
USW00094053,"TORRINGTON MUNICIPAL AIRPORT, WY US",12/19/2021,15.43,0,,50.00,33.00,,,,,,,,,,,,,
USW00094053,"TORRINGTON MUNICIPAL AIRPORT, WY US",12/20/2021,8.5,0,,47.00,16.00,,,,,,,,,,,,,
USW00094053,"TORRINGTON MUNICIPAL AIRPORT, WY US",12/21/2021,18.57,0,,56.00,18.00,,,,,,,,,,,,,
USW00094053,"TORRINGTON MUNICIPAL AIRPORT, WY US",12/22/2021,13.42,0,,59.00,39.00,,,,,,,,,,,,,
USW00094053,"TORRINGTON MUNICIPAL AIRPORT, WY US",12/23/2021,8.28,0,,58.00,31.00,,,,,,,,,,,,,
USW00094053,"TORRINGTON MUNICIPAL AIRPORT, WY US",12/24/2021,12.97,0,,53.00,33.00,,,,,,,,,,,,,
USW00094053,"TORRINGTON MUNICIPAL AIRPORT, WY US",12/25/2021,12.53,0,,48.00,23.00,,,,,,,,,,,,,
USW00094053,"TORRINGTON MUNICIPAL AIRPORT, WY US",12/26/2021,14.09,0,,49.00,20.00,,,,,,,,,,,,,
USW00094053,"TORRINGTON MUNICIPAL AIRPORT, WY US",12/27/2021,11.41,0,,47.00,15.00,,,,,,,,,,,,,
USW00094053,"TORRINGTON MUNICIPAL AIRPORT, WY US",12/28/2021,9.62,0,,34.00,10.00,,,,,,,,,,,,,
USW00094053,"TORRINGTON MUNICIPAL AIRPORT, WY US",12/29/2021,11.18,0,,33.00,19.00,,,,,,,,,,,,,
USW00094053,"TORRINGTON MUNICIPAL AIRPORT, WY US",12/30/2021,15.21,0,,48.00,18.00,,,,,,,,,,,,,
USW00094053,"TORRINGTON MUNICIPAL AIRPORT, WY US",12/31/2021,11.41,0,,37.00,2.00,,,,,,,,,,,,,
USW00094053,"TORRINGTON MUNICIPAL AIRPORT, WY US",1/1/2022,5.14,0,,12.00,-7.00,,,,,,,,,,,,,
USW00094053,"TORRINGTON MUNICIPAL AIRPORT, WY US",1/2/2022,10.51,0,,40.00,-6.00,,,,,,,,,,,,,
USW00094053,"TORRINGTON MUNICIPAL AIRPORT, WY US",1/3/2022,10.07,0,,46.00,25.00,,,,,,,,,,,,,
USW00094053,"TORRINGTON MUNICIPAL AIRPORT, WY US",1/4/2022,16.55,0,,48.00,21.00,,,,,,,,,,,,,
USW00094053,"TORRINGTON MUNICIPAL AIRPORT, WY US",1/5/2022,11.18,0,,21.00,-1.00,,,,,,,,,,,,,
USW00094053,"TORRINGTON MUNICIPAL AIRPORT, WY US",1/6/2022,6.93,0,,12.00,-2.00,,,,,,,,,,,,,
USW00094053,"TORRINGTON MUNICIPAL AIRPORT, WY US",1/7/2022,4.92,0,,46.00,3.00,,,,,,,,,,,,,
USW00094053,"TORRINGTON MUNICIPAL AIRPORT, WY US",1/8/2022,10.07,0,,46.00,26.00,,,,,,,,,,,,,
USW00094053,"TORRINGTON MUNICIPAL AIRPORT, WY US",1/9/2022,5.82,0,,42.00,7.00,,,,,,,,,,,,,
USW00094053,"TORRINGTON MUNICIPAL AIRPORT, WY US",1/10/2022,5.82,0,,46.00,16.00,,,,,,,,,,,,,
USW00094053,"TORRINGTON MUNICIPAL AIRPORT, WY US",1/11/2022,10.74,0,,50.00,33.00,,,,,,,,,,,,,
USW00094053,"TORRINGTON MUNICIPAL AIRPORT, WY US",1/12/2022,10.51,0,,50.00,33.00,,,,,,,,,,,,,
USW00094053,"TORRINGTON MUNICIPAL AIRPORT, WY US",1/13/2022,4.92,0,,53.00,32.00,,,,,,,,,,,,,
USW00094053,"TORRINGTON MUNICIPAL AIRPORT, WY US",1/14/2022,17.9,0,,47.00,21.00,,,,,,,,,,,,,
USW00094053,"TORRINGTON MUNICIPAL AIRPORT, WY US",1/15/2022,5.59,0,,51.00,12.00,,,,,,,,,,,,,
USW00094053,"TORRINGTON MUNICIPAL AIRPORT, WY US",1/16/2022,8.95,0,,47.00,22.00,,,,,,,,,,,,,
USW00094053,"TORRINGTON MUNICIPAL AIRPORT, WY US",1/17/2022,8.05,0,,58.00,19.00,,,,,,,,,,,,,
USW00094053,"TORRINGTON MUNICIPAL AIRPORT, WY US",1/18/2022,10.74,0,,53.00,24.00,,,,,,,,,,,,,
USW00094053,"TORRINGTON MUNICIPAL AIRPORT, WY US",1/19/2022,8.5,0,,24.00,6.00,,,,,,,,,,,,,
USW00094053,"TORRINGTON MUNICIPAL AIRPORT, WY US",1/20/2022,5.37,0,,34.00,2.00,,,,,,,,,,,,,
USW00094053,"TORRINGTON MUNICIPAL AIRPORT, WY US",1/21/2022,9.4,0,,38.00,22.00,,,,,,,,,,,,,
USW00094053,"TORRINGTON MUNICIPAL AIRPORT, WY US",1/22/2022,6.93,0,,43.00,12.00,,,,,,,,,,,,,
USW00094053,"TORRINGTON MUNICIPAL AIRPORT, WY US",1/23/2022,10.29,0,,52.00,29.00,,,,,,,,,,,,,
USW00094053,"TORRINGTON MUNICIPAL AIRPORT, WY US",1/24/2022,8.28,0,,43.00,26.00,,,,,,,,,,,,,
USW00094053,"TORRINGTON MUNICIPAL AIRPORT, WY US",1/25/2022,7.83,0,,32.00,17.00,,,,,,,,,,,,,
USW00094053,"TORRINGTON MUNICIPAL AIRPORT, WY US",1/26/2022,9.4,0,,44.00,16.00,,,,,,,,,,,,,
USW00094053,"TORRINGTON MUNICIPAL AIRPORT, WY US",1/27/2022,9.84,0,,34.00,15.00,,,,,,,,,,,,,
USW00094053,"TORRINGTON MUNICIPAL AIRPORT, WY US",1/28/2022,,,,47.00,18.00,,,,,,,,,,,,,
USW00094053,"TORRINGTON MUNICIPAL AIRPORT, WY US",1/29/2022,,,,55.00,28.00,,,,,,,,,,,,,
USW00094053,"TORRINGTON MUNICIPAL AIRPORT, WY US",1/30/2022,,,,56.00,19.00,,,,,,,,,,,,,
USW00094053,"TORRINGTON MUNICIPAL AIRPORT, WY US",1/31/2022,,,,55.00,20.00,,,,,,,,,,,,,
USW00094053,"TORRINGTON MUNICIPAL AIRPORT, WY US",2/1/2022,,,,28.00,12.00,,,,,,,,,,,,,
USW00094053,"TORRINGTON MUNICIPAL AIRPORT, WY US",2/2/2022,,,,12.00,-6.00,,,,,,,,,,,,,
USW00094053,"TORRINGTON MUNICIPAL AIRPORT, WY US",2/3/2022,,,,21.00,-10.00,,,,,,,,,,,,,
USW00094053,"TORRINGTON MUNICIPAL AIRPORT, WY US",2/4/2022,,,,41.00,6.00,,,,,,,,,,,,,
USW00094053,"TORRINGTON MUNICIPAL AIRPORT, WY US",2/5/2022,,,,48.00,32.00,,,,,,,,,,,,,
USW00094053,"TORRINGTON MUNICIPAL AIRPORT, WY US",2/6/2022,,,,45.00,29.00,,,,,,,,,,,,,
USW00094053,"TORRINGTON MUNICIPAL AIRPORT, WY US",2/7/2022,,,,54.00,25.00,,,,,,,,,,,,,
USW00094053,"TORRINGTON MUNICIPAL AIRPORT, WY US",2/8/2022,,,,50.00,32.00,,,,,,,,,,,,,
USW00094053,"TORRINGTON MUNICIPAL AIRPORT, WY US",2/9/2022,,,,49.00,29.00,,,,,,,,,,,,,
USW00094053,"TORRINGTON MUNICIPAL AIRPORT, WY US",2/10/2022,,,,55.00,29.00,,,,,,,,,,,,,
USW00094053,"TORRINGTON MUNICIPAL AIRPORT, WY US",2/11/2022,,,,38.00,21.00,,,,,,,,,,,,,
USW00094053,"TORRINGTON MUNICIPAL AIRPORT, WY US",2/12/2022,,,,46.00,17.00,,,,,,,,,,,,,
USW00094053,"TORRINGTON MUNICIPAL AIRPORT, WY US",2/13/2022,,,,57.00,18.00,,,,,,,,,,,,,
USW00094053,"TORRINGTON MUNICIPAL AIRPORT, WY US",2/14/2022,,,,61.00,18.00,,,,,,,,,,,,,
USW00094053,"TORRINGTON MUNICIPAL AIRPORT, WY US",2/15/2022,,,,56.00,24.00,,,,,,,,,,,,,
USW00094053,"TORRINGTON MUNICIPAL AIRPORT, WY US",2/16/2022,,,,32.00,19.00,,,,,,,,,,,,,
USW00094053,"TORRINGTON MUNICIPAL AIRPORT, WY US",2/17/2022,,,,36.00,12.00,,,,,,,,,,,,,
USW00094053,"TORRINGTON MUNICIPAL AIRPORT, WY US",2/18/2022,,,,47.00,29.00,,,,,,,,,,,,,
USW00094053,"TORRINGTON MUNICIPAL AIRPORT, WY US",2/19/2022,,,,57.00,21.00,,,,,,,,,,,,,
USW00094053,"TORRINGTON MUNICIPAL AIRPORT, WY US",2/20/2022,,,,59.00,39.00,,,,,,,,,,,,,
USW00094053,"TORRINGTON MUNICIPAL AIRPORT, WY US",2/21/2022,,,,36.00,-3.00,,,,,,,,,,,,,
USW00094053,"TORRINGTON MUNICIPAL AIRPORT, WY US",2/22/2022,,,,2.00,-9.00,,,,,,,,,,,,,
USW00094053,"TORRINGTON MUNICIPAL AIRPORT, WY US",2/23/2022,,,,5.00,-6.00,,,,,,,,,,,,,
USW00094053,"TORRINGTON MUNICIPAL AIRPORT, WY US",2/24/2022,,,,14.00,-1.00,,,,,,,,,,,,,
USW00094053,"TORRINGTON MUNICIPAL AIRPORT, WY US",2/25/2022,,,,25.00,-2.00,,,,,,,,,,,,,
USW00094053,"TORRINGTON MUNICIPAL AIRPORT, WY US",2/26/2022,,,,35.00,0.00,,,,,,,,,,,,,
USW00094053,"TORRINGTON MUNICIPAL AIRPORT, WY US",2/27/2022,,,,51.00,8.00,,,,,,,,,,,,,
USW00094053,"TORRINGTON MUNICIPAL AIRPORT, WY US",2/28/2022,,,,58.00,35.00,,,,,,,,,,,,,
USW00094053,"TORRINGTON MUNICIPAL AIRPORT, WY US",3/1/2022,,,,67.00,44.00,,,,,,,,,,,,,
USW00094053,"TORRINGTON MUNICIPAL AIRPORT, WY US",3/2/2022,,,,70.00,32.00,,,,,,,,,,,,,
USW00094053,"TORRINGTON MUNICIPAL AIRPORT, WY US",3/3/2022,,,,60.00,29.00,,,,,,,,,,,,,
USW00094053,"TORRINGTON MUNICIPAL AIRPORT, WY US",3/4/2022,,,,65.00,26.00,,,,,,,,,,,,,
USW00094053,"TORRINGTON MUNICIPAL AIRPORT, WY US",3/5/2022,,,,29.00,18.00,,,,,,,,,,,,,
USW00094053,"TORRINGTON MUNICIPAL AIRPORT, WY US",3/6/2022,,,,24.00,14.00,,,,,,,,,,,,,
USW00094053,"TORRINGTON MUNICIPAL AIRPORT, WY US",3/7/2022,,,,30.00,4.00,,,,,,,,,,,,,
USW00094053,"TORRINGTON MUNICIPAL AIRPORT, WY US",3/8/2022,,,,29.00,11.00,,,,,,,,,,,,,
USW00094053,"TORRINGTON MUNICIPAL AIRPORT, WY US",3/9/2022,,,,17.00,4.00,,,,,,,,,,,,,
USW00094053,"TORRINGTON MUNICIPAL AIRPORT, WY US",3/10/2022,,,,18.00,-9.00,,,,,,,,,,,,,
USW00094053,"TORRINGTON MUNICIPAL AIRPORT, WY US",3/11/2022,,,,29.00,-3.00,,,,,,,,,,,,,
USW00094053,"TORRINGTON MUNICIPAL AIRPORT, WY US",3/12/2022,,,,49.00,23.00,,,,,,,,,,,,,
USW00094053,"TORRINGTON MUNICIPAL AIRPORT, WY US",3/13/2022,,,,41.00,40.00,,,,,,,,,,,,,
USW00094053,"TORRINGTON MUNICIPAL AIRPORT, WY US",3/14/2022,,,,55.00,31.00,,,,,,,,,,,,,
USW00094053,"TORRINGTON MUNICIPAL AIRPORT, WY US",3/15/2022,,,,66.00,28.00,,,,,,,,,,,,,
USW00094053,"TORRINGTON MUNICIPAL AIRPORT, WY US",3/16/2022,,,,56.00,35.00,,,,,,,,,,,,,
USW00094053,"TORRINGTON MUNICIPAL AIRPORT, WY US",3/17/2022,,,,48.00,29.00,,,,,,,,,,,,,
USW00094053,"TORRINGTON MUNICIPAL AIRPORT, WY US",3/18/2022,,,,56.00,21.00,,,,,,,,,,,,,
USW00094053,"TORRINGTON MUNICIPAL AIRPORT, WY US",3/19/2022,,,,61.00,28.00,,,,,,,,,,,,,
USW00094053,"TORRINGTON MUNICIPAL AIRPORT, WY US",3/20/2022,,,,66.00,30.00,,,,,,,,,,,,,
USW00094053,"TORRINGTON MUNICIPAL AIRPORT, WY US",3/21/2022,,,,45.00,29.00,,,,,,,,,,,,,
USW00094053,"TORRINGTON MUNICIPAL AIRPORT, WY US",3/22/2022,,,,46.00,25.00,,,,,,,,,,,,,
USW00094053,"TORRINGTON MUNICIPAL AIRPORT, WY US",3/23/2022,,,,57.00,27.00,,,,,,,,,,,,,
USW00094053,"TORRINGTON MUNICIPAL AIRPORT, WY US",3/24/2022,,,,69.00,25.00,,,,,,,,,,,,,
USW00094053,"TORRINGTON MUNICIPAL AIRPORT, WY US",3/25/2022,,,,54.00,38.00,,,,,,,,,,,,,
USW00094053,"TORRINGTON MUNICIPAL AIRPORT, WY US",3/26/2022,,,,62.00,30.00,,,,,,,,,,,,,
USW00094053,"TORRINGTON MUNICIPAL AIRPORT, WY US",3/27/2022,,,,65.00,28.00,,,,,,,,,,,,,
USW00094053,"TORRINGTON MUNICIPAL AIRPORT, WY US",3/28/2022,,,,79.00,34.00,,,,,,,,,,,,,
USW00094053,"TORRINGTON MUNICIPAL AIRPORT, WY US",3/29/2022,,,,56.00,31.00,,,,,,,,,,,,,
USW00094053,"TORRINGTON MUNICIPAL AIRPORT, WY US",3/30/2022,,,,45.00,25.00,,,,,,,,,,,,,
USW00094053,"TORRINGTON MUNICIPAL AIRPORT, WY US",3/31/2022,,,,61.00,18.00,,,,,,,,,,,,,
USW00094053,"TORRINGTON MUNICIPAL AIRPORT, WY US",4/1/2022,,,,56.00,35.00,,,,,,,,,,,,,
USW00094053,"TORRINGTON MUNICIPAL AIRPORT, WY US",4/2/2022,,,,66.00,26.00,,,,,,,,,,,,,
USW00094053,"TORRINGTON MUNICIPAL AIRPORT, WY US",4/3/2022,,,,59.00,31.00,,,,,,,,,,,,,
USW00094053,"TORRINGTON MUNICIPAL AIRPORT, WY US",4/4/2022,,,,72.00,25.00,,,,,,,,,,,,,
USW00094053,"TORRINGTON MUNICIPAL AIRPORT, WY US",4/5/2022,,,,60.00,31.00,,,,,,,,,,,,,
USW00094053,"TORRINGTON MUNICIPAL AIRPORT, WY US",4/6/2022,,,,49.00,29.00,,,,,,,,,,,,,
USW00094053,"TORRINGTON MUNICIPAL AIRPORT, WY US",4/7/2022,,,,54.00,28.00,,,,,,,,,,,,,
USW00094053,"TORRINGTON MUNICIPAL AIRPORT, WY US",4/8/2022,,,,66.00,19.00,,,,,,,,,,,,,
USW00094053,"TORRINGTON MUNICIPAL AIRPORT, WY US",4/9/2022,,,,77.00,38.00,,,,,,,,,,,,,
USW00094053,"TORRINGTON MUNICIPAL AIRPORT, WY US",4/10/2022,,,,49.00,26.00,,,,,,,,,,,,,
USW00094053,"TORRINGTON MUNICIPAL AIRPORT, WY US",4/11/2022,,,,62.00,25.00,,,,,,,,,,,,,
USW00094053,"TORRINGTON MUNICIPAL AIRPORT, WY US",4/12/2022,,,,49.00,18.00,,,,,,,,,,,,,
USW00094053,"TORRINGTON MUNICIPAL AIRPORT, WY US",4/13/2022,,,,40.00,13.00,,,,,,,,,,,,,
USW00094053,"TORRINGTON MUNICIPAL AIRPORT, WY US",4/14/2022,,,,52.00,11.00,,,,,,,,,,,,,
USW00094053,"TORRINGTON MUNICIPAL AIRPORT, WY US",4/15/2022,,,,46.00,19.00,,,,,,,,,,,,,
USW00094053,"TORRINGTON MUNICIPAL AIRPORT, WY US",4/16/2022,,,,52.00,27.00,,,,,,,,,,,,,
USW00094053,"TORRINGTON MUNICIPAL AIRPORT, WY US",4/17/2022,,,,61.00,33.00,,,,,,,,,,,,,
USW00094053,"TORRINGTON MUNICIPAL AIRPORT, WY US",4/18/2022,,,,59.00,28.00,,,,,,,,,,,,,
USW00094053,"TORRINGTON MUNICIPAL AIRPORT, WY US",4/19/2022,,,,80.00,34.00,,,,,,,,,,,,,
,"TORRINGTON MUNICIPAL AIRPORT, WY US",4/20/2022,,,,68.00,41.00,,,,,,,,,,,,,
,"TORRINGTON MUNICIPAL AIRPORT, WY US",4/21/2022,,,,80.00,34.00,,,,,,,,,,,,,
,"TORRINGTON MUNICIPAL AIRPORT, WY US",4/22/2022,,,,91.00,50.00,,,,,,,,,,,,,
,"TORRINGTON MUNICIPAL AIRPORT, WY US",4/23/2022,,,,51.00,0.00,,,,,,,,,,,,,
,"TORRINGTON MUNICIPAL AIRPORT, WY US",4/24/2022,,,,49.00,31.00,,,,,,,,,,,,,
,"TORRINGTON MUNICIPAL AIRPORT, WY US",4/25/2022,,,,57.00,26.00,,,,,,,,,,,,,
,"TORRINGTON MUNICIPAL AIRPORT, WY US",4/26/2022,,,,76.00,31.00,,,,,,,,,,,,,
,"TORRINGTON MUNICIPAL AIRPORT, WY US",4/27/2022,,,,76.00,39.00,,,,,,,,,,,,,
,"TORRINGTON MUNICIPAL AIRPORT, WY US",4/28/2022,,,,74.00,37.00,,,,,,,,,,,,,
,"TORRINGTON MUNICIPAL AIRPORT, WY US",4/29/2022,,,,62.00,45.00,,,,,,,,,,,,,
,"TORRINGTON MUNICIPAL AIRPORT, WY US",4/30/2022,,,,59.00,38.00,,,,,,,,,,,,,
,"TORRINGTON MUNICIPAL AIRPORT, WY US",5/1/2022,,,,69.80,27.30,,,,,,,,,,,,,
,"TORRINGTON MUNICIPAL AIRPORT, WY US",5/2/2022,,,,49.5 ,30.2 ,,,,,,,,,,,,,
,"TORRINGTON MUNICIPAL AIRPORT, WY US",5/3/2022,,,,51.4 ,28.6 ,,,,,,,,,,,,,
,"TORRINGTON MUNICIPAL AIRPORT, WY US",5/4/2022,,,,64.8 ,39.9 ,,,,,,,,,,,,,
,"TORRINGTON MUNICIPAL AIRPORT, WY US",5/5/2022,,,,76.8 ,34.9 ,,,,,,,,,,,,,
,"TORRINGTON MUNICIPAL AIRPORT, WY US",5/6/2022,,,,80.8 ,45.0 ,,,,,,,,,,,,,
,"TORRINGTON MUNICIPAL AIRPORT, WY US",5/7/2022,,,,82.4 ,47.8 ,,,,,,,,,,,,,
,"TORRINGTON MUNICIPAL AIRPORT, WY US",5/8/2022,,,,67.1 ,44.4 ,,,,,,,,,,,,,
,"TORRINGTON MUNICIPAL AIRPORT, WY US",5/9/2022,,,,61.9 ,42.1 ,,,,,,,,,,,,,
,"TORRINGTON MUNICIPAL AIRPORT, WY US",5/10/2022,,,,76.3 ,39.7 ,,,,,,,,,,,,,
,"TORRINGTON MUNICIPAL AIRPORT, WY US",5/11/2022,,,,82.9 ,47.7 ,,,,,,,,,,,,,
,"TORRINGTON MUNICIPAL AIRPORT, WY US",5/12/2022,,,,62.1 ,43.2 ,,,,,,,,,,,,,
,"TORRINGTON MUNICIPAL AIRPORT, WY US",5/13/2022,,,,70.2 ,40.3 ,,,,,,,,,,,,,
,"TORRINGTON MUNICIPAL AIRPORT, WY US",5/14/2022,,,,72.9 ,43.2 ,,,,,,,,,,,,,
,"TORRINGTON MUNICIPAL AIRPORT, WY US",5/15/2022,,,,79.7 ,44.6 ,,,,,,,,,,,,,
,"TORRINGTON MUNICIPAL AIRPORT, WY US",5/16/2022,,,,86.9 ,41.0 ,,,,,,,,,,,,,
,"TORRINGTON MUNICIPAL AIRPORT, WY US",5/17/2022,,,,87.6 ,49.3 ,,,,,,,,,,,,,
,"TORRINGTON MUNICIPAL AIRPORT, WY US",5/18/2022,,,,81.7 ,45.5 ,,,,,,,,,,,,,
,"TORRINGTON MUNICIPAL AIRPORT, WY US",5/19/2022,,,,78.3 ,35.8 ,,,,,,,,,,,,,
,"TORRINGTON MUNICIPAL AIRPORT, WY US",5/20/2022,,,,50.7 ,32.4 ,,,,,,,,,,,,,
,"TORRINGTON MUNICIPAL AIRPORT, WY US",5/21/2022,,,,60.3 ,30.2 ,,,,,,,,,,,,,
,"TORRINGTON MUNICIPAL AIRPORT, WY US",5/22/2022,,,,67.1 ,28.0 ,,,,,,,,,,,,,
,"TORRINGTON MUNICIPAL AIRPORT, WY US",5/23/2022,,,,67.1 ,40.6 ,,,,,,,,,,,,,
,"TORRINGTON MUNICIPAL AIRPORT, WY US",5/24/2022,,,,70.9 ,35.6 ,,,,,,,,,,,,,
,"TORRINGTON MUNICIPAL AIRPORT, WY US",5/25/2022,,,,74.5 ,34.3 ,,,,,,,,,,,,,
,"TORRINGTON MUNICIPAL AIRPORT, WY US",5/26/2022,,,,87.3 ,47.1 ,,,,,,,,,,,,,
,"TORRINGTON MUNICIPAL AIRPORT, WY US",5/27/2022,,,,91.2 ,44.8 ,,,,,,,,,,,,,
,"TORRINGTON MUNICIPAL AIRPORT, WY US",5/28/2022,,,,82.4 ,51.8 ,,,,,,,,,,,,,
,"TORRINGTON MUNICIPAL AIRPORT, WY US",5/29/2022,,,,84.0 ,52.2 ,,,,,,,,,,,,,
,"TORRINGTON MUNICIPAL AIRPORT, WY US",5/30/2022,,,,54.9 ,45.5 ,,,,,,,,,,,,,
,"TORRINGTON MUNICIPAL AIRPORT, WY US",5/31/2022,,,,60.3 ,45.5 ,,,,,,,,,,,,,
,"TORRINGTON MUNICIPAL AIRPORT, WY US",6/1/2022,,,,74.7 ,43.5 ,,,,,,,,,,,,,
,"TORRINGTON MUNICIPAL AIRPORT, WY US",6/2/2022,,,,83.1 ,55.8 ,,,,,,,,,,,,,
,"TORRINGTON MUNICIPAL AIRPORT, WY US",6/3/2022,,,,88.0 ,49.3 ,,,,,,,,,,,,,
,"TORRINGTON MUNICIPAL AIRPORT, WY US",6/4/2022,,,,92.1 ,47.5 ,,,,,,,,,,,,,
,"TORRINGTON MUNICIPAL AIRPORT, WY US",6/5/2022,,,,87.8 ,56.7 ,,,,,,,,,,,,,
,"TORRINGTON MUNICIPAL AIRPORT, WY US",6/6/2022,,,,84.4 ,51.1 ,,,,,,,,,,,,,
,"TORRINGTON MUNICIPAL AIRPORT, WY US",6/7/2022,,,,84.9 ,51.8 ,,,,,,,,,,,,,
,"TORRINGTON MUNICIPAL AIRPORT, WY US",6/8/2022,,,,89.1 ,42.3 ,,,,,,,,,,,,,
,"TORRINGTON MUNICIPAL AIRPORT, WY US",6/9/2022,,,,90.7 ,54.3 ,,,,,,,,,,,,,
,"TORRINGTON MUNICIPAL AIRPORT, WY US",6/10/2022,,,,96.3 ,51.4 ,,,,,,,,,,,,,
,"TORRINGTON MUNICIPAL AIRPORT, WY US",6/11/2022,,,,102.7 ,55.9 ,,,,,,,,,,,,,
,"TORRINGTON MUNICIPAL AIRPORT, WY US",6/12/2022,,,,98.4 ,59.7 ,,,,,,,,,,,,,
,"TORRINGTON MUNICIPAL AIRPORT, WY US",6/13/2022,,,,101.1 ,55.8 ,,,,,,,,,,,,,
,"TORRINGTON MUNICIPAL AIRPORT, WY US",6/14/2022,,,,75.0 ,57.4 ,,,,,,,,,,,,,
,"TORRINGTON MUNICIPAL AIRPORT, WY US",6/15/2022,,,,84.7 ,49.8 ,,,,,,,,,,,,,
,"TORRINGTON MUNICIPAL AIRPORT, WY US",6/16/2022,,,,97.9 ,43.9 ,,,,,,,,,,,,,
,"TORRINGTON MUNICIPAL AIRPORT, WY US",6/17/2022,,,,104.7 ,64.0 ,,,,,,,,,,,,,
,"TORRINGTON MUNICIPAL AIRPORT, WY US",6/18/2022,,,,99.1 ,68.2 ,,,,,,,,,,,,,
,"TORRINGTON MUNICIPAL AIRPORT, WY US",6/19/2022,,,,102.4 ,61.9 ,,,,,,,,,,,,,
,"TORRINGTON MUNICIPAL AIRPORT, WY US",6/20/2022,,,,88.3 ,57.4 ,,,,,,,,,,,,,
,"TORRINGTON MUNICIPAL AIRPORT, WY US",6/21/2022,,,,92.1 ,46.2 ,,,,,,,,,,,,,
,"TORRINGTON MUNICIPAL AIRPORT, WY US",6/22/2022,,,,96.3 ,49.3 ,,,,,,,,,,,,,
,"TORRINGTON MUNICIPAL AIRPORT, WY US",6/23/2022,,,,98.1 ,54.1 ,,,,,,,,,,,,,
,"TORRINGTON MUNICIPAL AIRPORT, WY US",6/24/2022,,,,93.7 ,59.4 ,,,,,,,,,,,,,
,"TORRINGTON MUNICIPAL AIRPORT, WY US",6/25/2022,,,,80.2 ,53.2 ,,,,,,,,,,,,,
,"TORRINGTON MUNICIPAL AIRPORT, WY US",6/26/2022,,,,81.1 ,49.5 ,,,,,,,,,,,,,
,"TORRINGTON MUNICIPAL AIRPORT, WY US",6/27/2022,,,,99.7 ,49.1 ,,,,,,,,,,,,,
,"TORRINGTON MUNICIPAL AIRPORT, WY US",6/28/2022,,,,103.6 ,52.3 ,,,,,,,,,,,,,
,"TORRINGTON MUNICIPAL AIRPORT, WY US",6/29/2022,,,,94.3 ,57.9 ,,,,,,,,,,,,,
,"TORRINGTON MUNICIPAL AIRPORT, WY US",6/30/2022,,,,97.3 ,58.5 ,,,,,,,,,,,,,
,"TORRINGTON MUNICIPAL AIRPORT, WY US",7/1/2022,,,,93.2 ,54.9 ,,,,,,,,,,,,,
,"TORRINGTON MUNICIPAL AIRPORT, WY US",7/2/2022,,,,99.5 ,55.4 ,,,,,,,,,,,,,
,"TORRINGTON MUNICIPAL AIRPORT, WY US",7/3/2022,,,,103.8 ,63.9 ,,,,,,,,,,,,,
,"TORRINGTON MUNICIPAL AIRPORT, WY US",7/4/2022,,,,105.4 ,59.2 ,,,,,,,,,,,,,
,"TORRINGTON MUNICIPAL AIRPORT, WY US",7/5/2022,,,,107.4 ,62.4 ,,,,,,,,,,,,,
,"TORRINGTON MUNICIPAL AIRPORT, WY US",7/6/2022,,,,90.0 ,62.4 ,,,,,,,,,,,,,
,"TORRINGTON MUNICIPAL AIRPORT, WY US",7/7/2022,,,,98.6 ,58.8 ,,,,,,,,,,,,,
,"TORRINGTON MUNICIPAL AIRPORT, WY US",7/8/2022,,,,98.2 ,56.8 ,,,,,,,,,,,,,
,"TORRINGTON MUNICIPAL AIRPORT, WY US",7/9/2022,,,,110.8 ,62.4 ,,,,,,,,,,,,,
,"TORRINGTON MUNICIPAL AIRPORT, WY US",7/10/2022,,,,100.6 ,61.2 ,,,,,,,,,,,,,
,"TORRINGTON MUNICIPAL AIRPORT, WY US",7/11/2022,,,,95.2 ,61.7 ,,,,,,,,,,,,,
,"TORRINGTON MUNICIPAL AIRPORT, WY US",7/12/2022,,,,103.8 ,57.9 ,,,,,,,,,,,,,
,"TORRINGTON MUNICIPAL AIRPORT, WY US",7/13/2022,,,,108.7 ,60.3 ,,,,,,,,,,,,,
,"TORRINGTON MUNICIPAL AIRPORT, WY US",7/14/2022,,,,106.7 ,69.8 ,,,,,,,,,,,,,
,"TORRINGTON MUNICIPAL AIRPORT, WY US",7/15/2022,,,,102.6 ,68.2 ,,,,,,,,,,,,,
,"TORRINGTON MUNICIPAL AIRPORT, WY US",7/16/2022,,,,103.1 ,64.0 ,,,,,,,,,,,,,
,"TORRINGTON MUNICIPAL AIRPORT, WY US",7/17/2022,,,,108.7 ,61.2 ,,,,,,,,,,,,,
,"TORRINGTON MUNICIPAL AIRPORT, WY US",7/18/2022,,,,106.0 ,68.2 ,,,,,,,,,,,,,
,"TORRINGTON MUNICIPAL AIRPORT, WY US",7/19/2022,,,,99.3 ,65.5 ,,,,,,,,,,,,,
,"TORRINGTON MUNICIPAL AIRPORT, WY US",7/20/2022,,,,104.9 ,57.7 ,,,,,,,,,,,,,
,"TORRINGTON MUNICIPAL AIRPORT, WY US",7/21/2022,,,,108.9 ,59.0 ,,,,,,,,,,,,,
,"TORRINGTON MUNICIPAL AIRPORT, WY US",7/22/2022,,,,107.8 ,63.3 ,,,,,,,,,,,,,
,"TORRINGTON MUNICIPAL AIRPORT, WY US",7/23/2022,,,,97.0 ,64.6 ,,,,,,,,,,,,,
,"TORRINGTON MUNICIPAL AIRPORT, WY US",7/24/2022,,,,84.0 ,59.9 ,,,,,,,,,,,,,
,"TORRINGTON MUNICIPAL AIRPORT, WY US",7/25/2022,,,,100.4 ,59.5 ,,,,,,,,,,,,,
,"TORRINGTON MUNICIPAL AIRPORT, WY US",7/26/2022,,,,93.0 ,61.2 ,,,,,,,,,,,,,
,"TORRINGTON MUNICIPAL AIRPORT, WY US",7/27/2022,,,,98.2 ,63.7 ,,,,,,,,,,,,,
,"TORRINGTON MUNICIPAL AIRPORT, WY US",7/28/2022,,,,89.6 ,61.5 ,,,,,,,,,,,,,
,"TORRINGTON MUNICIPAL AIRPORT, WY US",7/29/2022,,,,96.1 ,59.7 ,,,,,,,,,,,,,
,"TORRINGTON MUNICIPAL AIRPORT, WY US",7/30/2022,,,,102.9 ,59.2 ,,,,,,,,,,,,,
,"TORRINGTON MUNICIPAL AIRPORT, WY US",7/31/2022,,,,100.0 ,59.4 ,,,,,,,,,,,,,
,"TORRINGTON MUNICIPAL AIRPORT, WY US",8/1/2022,,,,102.2 ,59.2 ,,,,,,,,,,,,,
,"TORRINGTON MUNICIPAL AIRPORT, WY US",8/2/2022,,,,94.3 ,60.8 ,,,,,,,,,,,,,
,"TORRINGTON MUNICIPAL AIRPORT, WY US",8/3/2022,,,,99.9 ,60.8 ,,,,,,,,,,,,,
,"TORRINGTON MUNICIPAL AIRPORT, WY US",8/4/2022,,,,102.4 ,62.6 ,,,,,,,,,,,,,
,"TORRINGTON MUNICIPAL AIRPORT, WY US",8/5/2022,,,,111.9 ,68.4 ,,,,,,,,,,,,,
,"TORRINGTON MUNICIPAL AIRPORT, WY US",8/6/2022,,,,90.7 ,64.0 ,,,,,,,,,,,,,
,"TORRINGTON MUNICIPAL AIRPORT, WY US",8/7/2022,,,,91.9 ,62.1 ,,,,,,,,,,,,,
,"TORRINGTON MUNICIPAL AIRPORT, WY US",8/8/2022,,,,104.2 ,57.9 ,,,,,,,,,,,,,
,"TORRINGTON MUNICIPAL AIRPORT, WY US",8/9/2022,,,,104.4 ,60.3 ,,,,,,,,,,,,,
,"TORRINGTON MUNICIPAL AIRPORT, WY US",8/10/2022,,,,105.8 ,63.1 ,,,,,,,,,,,,,
,"TORRINGTON MUNICIPAL AIRPORT, WY US",8/11/2022,,,,107.6 ,66.4 ,,,,,,,,,,,,,
,"TORRINGTON MUNICIPAL AIRPORT, WY US",8/12/2022,,,,106.2 ,65.7 ,,,,,,,,,,,,,
,"TORRINGTON MUNICIPAL AIRPORT, WY US",8/13/2022,,,,99.7 ,63.3 ,,,,,,,,,,,,,
,"TORRINGTON MUNICIPAL AIRPORT, WY US",8/14/2022,,,,98.8 ,64.2 ,,,,,,,,,,,,,
,"TORRINGTON MUNICIPAL AIRPORT, WY US",8/15/2022,,,,87.1 ,64.2 ,,,,,,,,,,,,,
,"TORRINGTON MUNICIPAL AIRPORT, WY US",8/16/2022,,,,93.9 ,58.3 ,,,,,,,,,,,,,
,"TORRINGTON MUNICIPAL AIRPORT, WY US",8/17/2022,,,,97.5 ,58.3 ,,,,,,,,,,,,,
,"TORRINGTON MUNICIPAL AIRPORT, WY US",8/18/2022,,,,96.1 ,55.2 ,,,,,,,,,,,,,
,"TORRINGTON MUNICIPAL AIRPORT, WY US",8/19/2022,,,,89.6 ,58.3 ,,,,,,,,,,,,,
,"TORRINGTON MUNICIPAL AIRPORT, WY US",8/20/2022,,,,93.7 ,49.5 ,,,,,,,,,,,,,
,"TORRINGTON MUNICIPAL AIRPORT, WY US",8/21/2022,,,,99.5 ,56.5 ,,,,,,,,,,,,,
,"TORRINGTON MUNICIPAL AIRPORT, WY US",8/22/2022,,,,100.9 ,57.2 ,,,,,,,,,,,,,
,"TORRINGTON MUNICIPAL AIRPORT, WY US",8/23/2022,,,,102.0 ,56.8 ,,,,,,,,,,,,,
,"TORRINGTON MUNICIPAL AIRPORT, WY US",8/24/2022,,,,98.2 ,61.2 ,,,,,,,,,,,,,
,"TORRINGTON MUNICIPAL AIRPORT, WY US",8/25/2022,,,,89.6 ,54.9 ,,,,,,,,,,,,,
,"TORRINGTON MUNICIPAL AIRPORT, WY US",8/26/2022,,,,89.6 ,61.2 ,,,,,,,,,,,,,
,"TORRINGTON MUNICIPAL AIRPORT, WY US",8/27/2022,,,,99.1 ,53.8 ,,,,,,,,,,,,,
,"TORRINGTON MUNICIPAL AIRPORT, WY US",8/28/2022,,,,90.7 ,61.2 ,,,,,,,,,,,,,
,"TORRINGTON MUNICIPAL AIRPORT, WY US",8/29/2022,,,,93.2 ,51.3 ,,,,,,,,,,,,,
,"TORRINGTON MUNICIPAL AIRPORT, WY US",8/30/2022,,,,103.1 ,53.1 ,,,,,,,,,,,,,
,"TORRINGTON MUNICIPAL AIRPORT, WY US",8/31/2022,,,,99.7 ,57.4 ,,,,,,,,,,,,,
